0 0.128906 0.769531 0.042969 0.058594
0 0.208008 0.778320 0.033203 0.041016
0 0.613281 0.074219 0.031250 0.042969
0 0.042969 0.624023 0.046875 0.044922
0 0.117188 0.098633 0.050781 0.041016
0 0.458984 0.107422 0.050781 0.058594
0 0.376953 0.250977 0.039062 0.052734
0 0.152344 0.950195 0.039062 0.056641
0 0.139648 0.353516 0.048828 0.054688
0 0.575195 0.143555 0.052734 0.048828
0 0.087891 0.697266 0.042969 0.050781
0 0.212891 0.889648 0.039062 0.033203
0 0.261719 0.936523 0.031250 0.033203
0 0.725586 0.704102 0.041016 0.052734
0 0.547852 0.245117 0.037109 0.041016
0 0.608398 0.255859 0.048828 0.050781
0 0.343750 0.148438 0.058594 0.042969
0 0.929688 0.865234 0.039062 0.035156
0 0.887695 0.675781 0.033203 0.050781
0 0.776367 0.620117 0.033203 0.056641
0 0.492188 0.181641 0.058594 0.054688
0 0.833984 0.701172 0.039062 0.035156
0 0.938477 0.105469 0.056641 0.035156
0 0.778320 0.529297 0.056641 0.058594
0 0.103516 0.634766 0.039062 0.039062
0 0.631836 0.371094 0.041016 0.046875
0 0.916992 0.176758 0.052734 0.048828
0 0.104492 0.264648 0.041016 0.044922
0 0.369141 0.051758 0.046875 0.033203
0 0.356445 0.547852 0.037109 0.041016
0 0.111328 0.888672 0.031250 0.050781
0 0.052734 0.162109 0.058594 0.039062
0 0.717773 0.587891 0.048828 0.054688
0 0.646484 0.806641 0.035156 0.042969
0 0.198242 0.668945 0.041016 0.033203
0 0.458984 0.255859 0.046875 0.058594
0 0.960938 0.042969 0.035156 0.054688
0 0.126953 0.042969 0.035156 0.031250
0 0.841797 0.597656 0.050781 0.046875
0 0.606445 0.428711 0.041016 0.041016
0 0.873047 0.529297 0.039062 0.046875
0 0.822266 0.045898 0.058594 0.052734
0 0.050781 0.777344 0.058594 0.050781
0 0.943359 0.522461 0.031250 0.037109
0 0.668945 0.051758 0.033203 0.056641
0 0.601562 0.961914 0.046875 0.044922
1 0.227539 0.189453 0.154297 0.246094
1 0.368164 0.684570 0.236328 0.185547
1 0.744141 0.179688 0.191406 0.175781
1 0.438477 0.405273 0.205078 0.224609
1 0.800781 0.404297 0.242188 0.171875
1 0.804688 0.855469 0.195312 0.195312
1 0.164062 0.484375 0.234375 0.160156
1 0.587891 0.661133 0.136719 0.220703
1 0.429688 0.888672 0.257812 0.140625