0 0.035156 0.236328 0.031250 0.046875
0 0.410156 0.303711 0.054688 0.056641
0 0.474609 0.723633 0.031250 0.052734
0 0.652344 0.083008 0.054688 0.033203
0 0.593750 0.537109 0.035156 0.035156
0 0.699219 0.570312 0.054688 0.039062
0 0.860352 0.663086 0.033203 0.033203
0 0.587891 0.375000 0.035156 0.054688
0 0.654297 0.643555 0.035156 0.041016
0 0.659180 0.401367 0.037109 0.041016
0 0.106445 0.198242 0.052734 0.033203
0 0.556641 0.162109 0.046875 0.050781
0 0.852539 0.113281 0.037109 0.054688
0 0.941406 0.668945 0.054688 0.052734
0 0.674805 0.507812 0.041016 0.054688
0 0.939453 0.115234 0.054688 0.031250
0 0.630859 0.709961 0.046875 0.037109
0 0.108398 0.124023 0.052734 0.048828
0 0.904297 0.041992 0.042969 0.033203
0 0.204102 0.203125 0.037109 0.058594
0 0.564453 0.721680 0.054688 0.056641
0 0.360352 0.395508 0.052734 0.037109
0 0.041016 0.041016 0.031250 0.031250
0 0.594727 0.321289 0.044922 0.033203
0 0.499023 0.351562 0.048828 0.050781
0 0.706055 0.339844 0.041016 0.046875
0 0.780273 0.674805 0.044922 0.056641
0 0.921875 0.231445 0.058594 0.052734
0 0.115234 0.923828 0.050781 0.042969
0 0.570312 0.267578 0.058594 0.031250
0 0.592773 0.641602 0.044922 0.041016
0 0.439453 0.386719 0.039062 0.039062
0 0.261719 0.638672 0.054688 0.039062
1 0.869141 0.474609 0.210938 0.183594
1 0.732422 0.208984 0.179688 0.199219
1 0.380859 0.141602 0.222656 0.232422
1 0.397461 0.538086 0.185547 0.177734
1 0.824219 0.806641 0.199219 0.164062
1 0.129883 0.764648 0.166016 0.240234
1 0.161133 0.446289 0.205078 0.240234
1 0.595703 0.858398 0.199219 0.154297
1 0.348633 0.833984 0.205078 0.246094