0 0.032813 0.378472 0.026562 0.040278
0 0.869922 0.119444 0.024219 0.050000
0 0.403516 0.072917 0.022656 0.034722
0 0.488672 0.067361 0.017969 0.031944
0 0.821484 0.181250 0.022656 0.026389
0 0.089063 0.045139 0.023438 0.043056
0 0.939844 0.733333 0.028125 0.033333
0 0.721094 0.077778 0.014063 0.036111
0 0.269141 0.548611 0.014844 0.044444
0 0.953125 0.796528 0.015625 0.045833
0 0.949609 0.846528 0.017969 0.026389
0 0.833594 0.600694 0.017188 0.048611
0 0.363281 0.893056 0.025000 0.030556
0 0.916406 0.539583 0.020313 0.031944
0 0.907813 0.751389 0.020313 0.030556
0 0.926172 0.069444 0.017969 0.030556
0 0.721094 0.402778 0.020313 0.044444
0 0.603906 0.174306 0.023438 0.048611
0 0.577734 0.227083 0.022656 0.026389
0 0.831250 0.445833 0.015625 0.030556
0 0.021875 0.715972 0.014063 0.037500
0 0.440625 0.064583 0.021875 0.034722
0 0.544922 0.502083 0.024219 0.037500
0 0.965234 0.618056 0.027344 0.041667
0 0.915234 0.885417 0.019531 0.037500
0 0.904297 0.079861 0.016406 0.029167
0 0.033984 0.063889 0.021094 0.050000
0 0.762500 0.386806 0.023438 0.026389
0 0.153906 0.043056 0.023438 0.044444
0 0.369141 0.960417 0.024219 0.040278
0 0.371875 0.650694 0.015625 0.034722
0 0.087891 0.920833 0.021094 0.047222
0 0.316016 0.959028 0.017969 0.026389
0 0.190234 0.693056 0.025781 0.027778
0 0.778516 0.167361 0.022656 0.026389
0 0.624609 0.731944 0.021094 0.041667
0 0.542969 0.101389 0.026562 0.047222
0 0.971094 0.532639 0.026562 0.043056
0 0.185938 0.614583 0.018750 0.040278
0 0.070312 0.443750 0.023438 0.040278
0 0.462500 0.243750 0.021875 0.048611
0 0.016797 0.550694 0.014844 0.029167
0 0.498437 0.218750 0.025000 0.026389
0 0.938281 0.152778 0.017188 0.036111
0 0.567969 0.054167 0.021875 0.036111
0 0.919141 0.621528 0.021094 0.029167
0 0.871484 0.175694 0.027344 0.045833
0 0.974219 0.088889 0.023438 0.047222
0 0.137109 0.860417 0.019531 0.026389
0 0.481641 0.494444 0.024219 0.027778
0 0.794141 0.469444 0.022656 0.027778
0 0.239063 0.627083 0.020313 0.026389
0 0.035156 0.954861 0.026562 0.048611
0 0.779687 0.601389 0.023438 0.038889
0 0.327344 0.598611 0.017188 0.044444
0 0.596484 0.292361 0.027344 0.045833
0 0.078516 0.825000 0.021094 0.025000
0 0.746484 0.140278 0.017969 0.033333
0 0.020313 0.650000 0.017188 0.050000
0 0.974609 0.290972 0.016406 0.048611
0 0.210547 0.600000 0.024219 0.047222
0 0.728125 0.945833 0.017188 0.036111
0 0.024219 0.460417 0.018750 0.043056
0 0.217969 0.390972 0.026562 0.026389
0 0.697266 0.042361 0.025781 0.045833
0 0.575781 0.611806 0.014063 0.043056
0 0.844922 0.890278 0.019531 0.030556
0 0.100391 0.473611 0.022656 0.025000
0 0.274609 0.625000 0.019531 0.030556
0 0.171094 0.968056 0.015625 0.025000
0 0.842578 0.763194 0.019531 0.037500
0 0.531250 0.192361 0.020313 0.034722
0 0.623828 0.887500 0.022656 0.038889
0 0.882812 0.581250 0.018750 0.029167
0 0.501172 0.559028 0.017969 0.040278
0 0.376563 0.070833 0.015625 0.033333
0 0.091797 0.966667 0.014844 0.025000
0 0.409375 0.772222 0.020313 0.030556
0 0.237500 0.954167 0.017188 0.050000
0 0.912500 0.576389 0.023438 0.027778
0 0.044141 0.266667 0.016406 0.050000
0 0.837109 0.079861 0.022656 0.045833
0 0.433594 0.177778 0.014063 0.038889
0 0.838281 0.495833 0.028125 0.025000
0 0.869141 0.459722 0.017969 0.025000
0 0.683984 0.945139 0.017969 0.026389
0 0.542969 0.585417 0.023438 0.037500
0 0.033984 0.906944 0.022656 0.030556
0 0.260937 0.687500 0.023438 0.036111
0 0.977344 0.789583 0.017188 0.034722
0 0.938672 0.489583 0.022656 0.034722
0 0.381641 0.763889 0.027344 0.033333
0 0.621094 0.035417 0.017188 0.029167
0 0.249609 0.521528 0.016406 0.026389
0 0.295312 0.575694 0.018750 0.040278
0 0.142187 0.490278 0.025000 0.041667
0 0.062109 0.043750 0.021094 0.048611
0 0.408594 0.954167 0.025000 0.038889
0 0.805469 0.581944 0.020313 0.030556
0 0.874219 0.801389 0.018750 0.030556
0 0.864062 0.649306 0.020313 0.043056
0 0.730859 0.615278 0.027344 0.036111
1 0.867969 0.315278 0.157812 0.211111
1 0.129297 0.261806 0.132031 0.295833
1 0.646484 0.499306 0.111719 0.281944
1 0.410938 0.473611 0.101562 0.302778
1 0.527344 0.352083 0.095312 0.204167
1 0.725000 0.788889 0.153125 0.244444
1 0.100000 0.658333 0.132812 0.250000
1 0.518359 0.822917 0.167969 0.270833
1 0.265625 0.814583 0.157812 0.195833
1 0.679297 0.233333 0.094531 0.188889