0 0.958594 0.356944 0.020313 0.036111
0 0.539453 0.875000 0.016406 0.027778
0 0.846484 0.710417 0.024219 0.043056
0 0.029297 0.439583 0.024219 0.031944
0 0.320703 0.068056 0.024219 0.047222
0 0.135547 0.802083 0.021094 0.031944
0 0.217578 0.925000 0.014844 0.030556
0 0.129688 0.879861 0.023438 0.043056
0 0.587891 0.596528 0.016406 0.026389
0 0.919922 0.508333 0.024219 0.030556
0 0.632812 0.956250 0.026562 0.029167
0 0.524219 0.163194 0.028125 0.026389
0 0.368750 0.050694 0.015625 0.029167
0 0.969531 0.725000 0.028125 0.038889
0 0.046875 0.809722 0.014063 0.025000
0 0.050391 0.343056 0.021094 0.047222
0 0.805469 0.856944 0.017188 0.050000
0 0.981250 0.811111 0.014063 0.027778
0 0.965234 0.941667 0.024219 0.036111
0 0.656250 0.587500 0.020313 0.041667
0 0.363281 0.443056 0.021875 0.027778
0 0.935937 0.567361 0.026562 0.034722
0 0.164453 0.723611 0.027344 0.027778
0 0.976953 0.302083 0.014844 0.029167
0 0.792969 0.207639 0.028125 0.029167
0 0.196094 0.806944 0.017188 0.027778
0 0.207813 0.700000 0.018750 0.036111
0 0.806641 0.145139 0.025781 0.040278
0 0.767188 0.604167 0.023438 0.050000
0 0.266406 0.075000 0.028125 0.025000
0 0.973047 0.577083 0.019531 0.037500
0 0.665625 0.117361 0.017188 0.037500
0 0.501953 0.099306 0.014844 0.037500
0 0.857031 0.912500 0.017188 0.044444
0 0.462891 0.205556 0.027344 0.047222
0 0.921484 0.247222 0.016406 0.041667
0 0.304688 0.448611 0.014063 0.036111
0 0.164062 0.835417 0.017188 0.034722
0 0.240234 0.384028 0.014844 0.029167
0 0.518359 0.339583 0.022656 0.040278
0 0.942578 0.043056 0.021094 0.044444
0 0.067187 0.246528 0.014063 0.048611
0 0.050781 0.036111 0.015625 0.030556
0 0.569141 0.056250 0.025781 0.026389
0 0.598828 0.560417 0.017969 0.031944
0 0.116016 0.754861 0.016406 0.037500
0 0.852734 0.083333 0.016406 0.041667
0 0.814453 0.953472 0.017969 0.026389
0 0.720313 0.190278 0.021875 0.050000
0 0.904297 0.813889 0.022656 0.025000
0 0.682813 0.175000 0.020313 0.047222
0 0.727344 0.959028 0.018750 0.048611
0 0.116016 0.334028 0.024219 0.031944
0 0.503516 0.581250 0.024219 0.043056
0 0.093750 0.757639 0.014063 0.029167
0 0.201563 0.758333 0.028125 0.047222
0 0.776563 0.790278 0.023438 0.038889
0 0.969531 0.172222 0.015625 0.036111
0 0.933594 0.456944 0.015625 0.041667
0 0.739062 0.063889 0.018750 0.050000
0 0.051172 0.754167 0.014844 0.025000
0 0.413281 0.215972 0.025000 0.037500
0 0.956250 0.426389 0.014063 0.036111
0 0.091406 0.884028 0.020313 0.040278
0 0.366797 0.206250 0.027344 0.043056
0 0.566797 0.572917 0.016406 0.034722
0 0.969922 0.626389 0.025781 0.038889
0 0.403516 0.915278 0.022656 0.041667
0 0.096094 0.209028 0.023438 0.031944
0 0.038281 0.287500 0.021875 0.047222
0 0.021875 0.225694 0.021875 0.037500
0 0.625781 0.165278 0.025000 0.044444
0 0.695312 0.954167 0.014063 0.041667
0 0.874609 0.809722 0.014844 0.027778
0 0.124219 0.704861 0.017188 0.034722
0 0.411328 0.156944 0.017969 0.030556
0 0.226172 0.469444 0.021094 0.038889
0 0.914844 0.893056 0.017188 0.033333
0 0.535156 0.836111 0.015625 0.025000
0 0.924609 0.094444 0.017969 0.027778
0 0.535937 0.921528 0.017188 0.031944
0 0.516016 0.520139 0.022656 0.043056
0 0.439453 0.045139 0.024219 0.034722
0 0.864062 0.411806 0.014063 0.026389
0 0.500781 0.902778 0.025000 0.038889
0 0.933594 0.617361 0.014063 0.029167
1 0.594531 0.363889 0.118750 0.291667
1 0.189453 0.220833 0.147656 0.172222
1 0.443750 0.370833 0.096875 0.255556
1 0.304688 0.832639 0.106250 0.198611
1 0.511328 0.718056 0.171094 0.166667
1 0.770312 0.414583 0.151562 0.273611
1 0.129297 0.526389 0.158594 0.286111
1 0.296875 0.586806 0.132812 0.179167