0 0.806641 0.587891 0.050781 0.039062
0 0.844727 0.214844 0.052734 0.058594
0 0.527344 0.052734 0.046875 0.054688
0 0.350586 0.833008 0.048828 0.033203
0 0.749023 0.231445 0.056641 0.033203
0 0.897461 0.052734 0.033203 0.050781
0 0.955078 0.525391 0.054688 0.046875
0 0.951172 0.083984 0.046875 0.058594
0 0.779297 0.082031 0.035156 0.042969
0 0.920898 0.284180 0.048828 0.033203
0 0.368164 0.168945 0.056641 0.041016
0 0.077148 0.850586 0.056641 0.056641
0 0.712891 0.589844 0.042969 0.031250
0 0.336914 0.582031 0.033203 0.046875
0 0.274414 0.930664 0.048828 0.044922
0 0.887695 0.155273 0.033203 0.041016
0 0.837891 0.446289 0.031250 0.041016
0 0.051758 0.395508 0.037109 0.041016
0 0.940430 0.628906 0.052734 0.042969
0 0.929688 0.860352 0.039062 0.056641
0 0.109375 0.548828 0.039062 0.058594
0 0.393555 0.582031 0.041016 0.031250
0 0.844727 0.519531 0.052734 0.031250
0 0.524414 0.140625 0.041016 0.046875
0 0.811523 0.957031 0.041016 0.054688
0 0.456055 0.041992 0.044922 0.052734
0 0.926758 0.718750 0.044922 0.054688
0 0.458008 0.186523 0.048828 0.037109
0 0.623047 0.777344 0.058594 0.054688
0 0.209961 0.922852 0.037109 0.052734
0 0.827148 0.642578 0.033203 0.035156
0 0.676758 0.498047 0.037109 0.054688
0 0.531250 0.790039 0.058594 0.037109
0 0.325195 0.438477 0.033203 0.056641
0 0.951172 0.400391 0.031250 0.050781
0 0.357422 0.088867 0.042969 0.044922
0 0.908203 0.330078 0.039062 0.031250
0 0.044922 0.350586 0.050781 0.033203
0 0.404297 0.917969 0.039062 0.035156
0 0.205078 0.562500 0.039062 0.039062
1 0.185547 0.376953 0.179688 0.136719
1 0.536133 0.625000 0.212891 0.234375
1 0.694336 0.365234 0.232422 0.195312
1 0.205078 0.703125 0.246094 0.152344
1 0.656250 0.125000 0.160156 0.164062
1 0.794922 0.796875 0.203125 0.250000
1 0.460938 0.345703 0.148438 0.265625
1 0.550781 0.899414 0.230469 0.146484
1 0.153320 0.140625 0.232422 0.218750