0 0.181641 0.786133 0.058594 0.044922
0 0.809570 0.472656 0.037109 0.046875
0 0.041016 0.853516 0.050781 0.050781
0 0.763672 0.474609 0.039062 0.046875
0 0.756836 0.050781 0.033203 0.042969
0 0.500977 0.875000 0.048828 0.042969
0 0.947266 0.083984 0.039062 0.058594
0 0.409180 0.621094 0.041016 0.039062
0 0.354492 0.178711 0.048828 0.052734
0 0.303711 0.460938 0.048828 0.039062
0 0.199219 0.519531 0.039062 0.035156
0 0.208008 0.085938 0.052734 0.054688
0 0.699219 0.056641 0.050781 0.050781
0 0.891602 0.624023 0.033203 0.048828
0 0.064453 0.415039 0.042969 0.037109
0 0.046875 0.107422 0.035156 0.035156
0 0.594727 0.611328 0.056641 0.031250
0 0.350586 0.121094 0.044922 0.031250
0 0.205078 0.339844 0.042969 0.058594
0 0.263672 0.573242 0.058594 0.033203
0 0.285156 0.168945 0.054688 0.048828
0 0.575195 0.753906 0.048828 0.039062
0 0.717773 0.396484 0.048828 0.035156
0 0.941406 0.169922 0.042969 0.039062
0 0.947266 0.909180 0.050781 0.052734
0 0.229492 0.158203 0.041016 0.058594
0 0.488281 0.957031 0.050781 0.042969
0 0.513672 0.624023 0.046875 0.033203
0 0.293945 0.040039 0.056641 0.041016
0 0.916992 0.703125 0.044922 0.031250
0 0.475586 0.256836 0.033203 0.037109
0 0.131836 0.375977 0.056641 0.033203
0 0.818359 0.303711 0.054688 0.037109
0 0.058594 0.952148 0.046875 0.044922
0 0.894531 0.776367 0.058594 0.048828
0 0.556641 0.275391 0.050781 0.058594
0 0.363281 0.415039 0.054688 0.037109
0 0.959961 0.392578 0.048828 0.035156
0 0.086914 0.237305 0.033203 0.044922
0 0.229492 0.273438 0.056641 0.031250
0 0.219727 0.906250 0.044922 0.035156
0 0.952148 0.632812 0.033203 0.035156
1 0.359375 0.304688 0.179688 0.167969
1 0.381836 0.747070 0.271484 0.166016
1 0.708008 0.661133 0.142578 0.236328
1 0.739258 0.189453 0.236328 0.148438
1 0.126953 0.639648 0.136719 0.154297
1 0.587891 0.397461 0.183594 0.169922
1 0.672852 0.906250 0.216797 0.144531