0 0.531250 0.782227 0.039062 0.033203
0 0.310547 0.443359 0.058594 0.035156
0 0.372070 0.541992 0.048828 0.033203
0 0.105469 0.913086 0.054688 0.044922
0 0.132812 0.208008 0.031250 0.056641
0 0.469727 0.915039 0.037109 0.052734
0 0.527344 0.918945 0.058594 0.041016
0 0.290039 0.083008 0.033203 0.056641
0 0.562500 0.325195 0.031250 0.033203
0 0.383789 0.287109 0.044922 0.050781
0 0.208984 0.929688 0.054688 0.031250
0 0.804688 0.207031 0.039062 0.042969
0 0.382812 0.378906 0.058594 0.042969
0 0.397461 0.939453 0.044922 0.050781
0 0.708984 0.293945 0.050781 0.048828
0 0.476562 0.795898 0.054688 0.041016
0 0.067383 0.766602 0.052734 0.052734
0 0.104492 0.269531 0.052734 0.042969
0 0.624023 0.386719 0.052734 0.031250
0 0.542969 0.381836 0.042969 0.037109
0 0.053711 0.121094 0.037109 0.058594
0 0.719727 0.371094 0.041016 0.042969
0 0.273438 0.511719 0.039062 0.046875
0 0.935547 0.196289 0.042969 0.041016
0 0.385742 0.721680 0.052734 0.041016
0 0.367188 0.100586 0.031250 0.041016
0 0.411133 0.458008 0.048828 0.044922
0 0.426758 0.204102 0.056641 0.041016
0 0.273438 0.900391 0.035156 0.050781
0 0.353516 0.042969 0.058594 0.054688
0 0.940430 0.796875 0.033203 0.050781
0 0.202148 0.065430 0.052734 0.056641
0 0.453125 0.066406 0.042969 0.042969
0 0.037109 0.849609 0.042969 0.058594
0 0.782227 0.317383 0.033203 0.044922
0 0.733398 0.439453 0.044922 0.031250
0 0.891602 0.869141 0.044922 0.039062
0 0.922852 0.928711 0.056641 0.037109
1 0.565430 0.164062 0.166016 0.269531
1 0.224609 0.701172 0.246094 0.261719
1 0.711914 0.842773 0.271484 0.236328
1 0.248047 0.242188 0.144531 0.234375
1 0.833984 0.574219 0.195312 0.210938
1 0.572266 0.568359 0.214844 0.242188
1 0.883789 0.341797 0.146484 0.144531
1 0.833008 0.091797 0.255859 0.148438
1 0.153320 0.458984 0.177734 0.152344