0 0.599609 0.517361 0.024219 0.043056
0 0.042969 0.497917 0.028125 0.037500
0 0.218750 0.044444 0.014063 0.033333
0 0.316406 0.898611 0.021875 0.050000
0 0.736719 0.952083 0.021875 0.034722
0 0.171875 0.847222 0.023438 0.027778
0 0.439063 0.259028 0.017188 0.034722
0 0.848437 0.720139 0.025000 0.034722
0 0.581250 0.429167 0.025000 0.036111
0 0.845313 0.635417 0.026562 0.048611
0 0.106250 0.468056 0.026562 0.027778
0 0.789062 0.763194 0.017188 0.031944
0 0.331641 0.414583 0.022656 0.029167
0 0.024219 0.872917 0.017188 0.045833
0 0.766016 0.809722 0.021094 0.033333
0 0.080469 0.036806 0.018750 0.034722
0 0.852344 0.383333 0.026562 0.038889
0 0.251563 0.645139 0.020313 0.043056
0 0.064844 0.900000 0.026562 0.041667
0 0.846094 0.470833 0.020313 0.047222
0 0.138281 0.934028 0.017188 0.037500
0 0.848437 0.768056 0.018750 0.036111
0 0.823438 0.153472 0.017188 0.045833
0 0.390625 0.893750 0.015625 0.037500
0 0.297656 0.827778 0.015625 0.041667
0 0.275391 0.422222 0.027344 0.025000
0 0.653516 0.514583 0.014844 0.037500
0 0.107813 0.877778 0.020313 0.038889
0 0.266797 0.062500 0.021094 0.036111
0 0.901953 0.093056 0.025781 0.038889
0 0.532031 0.535417 0.023438 0.029167
0 0.240625 0.574306 0.017188 0.031944
0 0.893750 0.186806 0.014063 0.040278
0 0.428906 0.922222 0.021875 0.030556
0 0.038672 0.416667 0.019531 0.041667
0 0.877344 0.815972 0.025000 0.029167
0 0.175000 0.572917 0.026562 0.026389
0 0.891406 0.703472 0.026562 0.048611
0 0.111328 0.525694 0.027344 0.034722
0 0.301172 0.731250 0.021094 0.045833
0 0.982031 0.840972 0.017188 0.043056
0 0.102344 0.947917 0.014063 0.037500
0 0.480469 0.384722 0.020313 0.047222
0 0.871094 0.936806 0.025000 0.048611
0 0.117578 0.084722 0.014844 0.050000
0 0.945703 0.242361 0.016406 0.043056
0 0.564844 0.537500 0.025000 0.038889
0 0.796484 0.637500 0.022656 0.050000
0 0.941797 0.056944 0.022656 0.030556
0 0.169922 0.646528 0.027344 0.029167
0 0.493359 0.844444 0.021094 0.030556
0 0.980469 0.175000 0.020313 0.025000
0 0.824219 0.075000 0.021875 0.038889
0 0.944531 0.795833 0.023438 0.030556
0 0.584766 0.933333 0.024219 0.027778
0 0.267188 0.843056 0.017188 0.027778
0 0.606250 0.201389 0.015625 0.050000
0 0.457031 0.950694 0.017188 0.048611
0 0.289453 0.620139 0.025781 0.034722
0 0.862891 0.145833 0.016406 0.027778
0 0.543359 0.942361 0.021094 0.034722
0 0.401953 0.947222 0.021094 0.050000
0 0.828906 0.681250 0.017188 0.026389
0 0.495703 0.050000 0.016406 0.033333
0 0.526563 0.900000 0.025000 0.030556
0 0.617578 0.950694 0.027344 0.040278
0 0.246094 0.916667 0.028125 0.027778
0 0.970313 0.738889 0.014063 0.044444
0 0.676562 0.652778 0.026562 0.033333
0 0.264062 0.795833 0.017188 0.030556
0 0.041406 0.160417 0.028125 0.040278
0 0.040234 0.205556 0.014844 0.036111
0 0.969141 0.953472 0.017969 0.031944
0 0.198437 0.605556 0.023438 0.025000
0 0.653906 0.945833 0.015625 0.033333
0 0.808984 0.331250 0.014844 0.045833
0 0.055859 0.964583 0.022656 0.026389
0 0.858594 0.068056 0.026562 0.038889
0 0.282031 0.909028 0.017188 0.045833
0 0.379688 0.814583 0.020313 0.040278
0 0.646484 0.423611 0.019531 0.030556
0 0.373828 0.949306 0.024219 0.048611
0 0.225000 0.850694 0.026562 0.048611
0 0.259375 0.555556 0.014063 0.025000
0 0.598047 0.577083 0.021094 0.037500
0 0.511719 0.786806 0.021875 0.045833
0 0.211719 0.930556 0.018750 0.030556
0 0.906250 0.311806 0.018750 0.026389
0 0.042969 0.261111 0.018750 0.038889
0 0.528906 0.377083 0.020313 0.029167
0 0.206250 0.330556 0.025000 0.047222
0 0.189062 0.890972 0.021875 0.034722
0 0.276953 0.668750 0.022656 0.048611
0 0.895312 0.859722 0.026562 0.041667
0 0.969531 0.118056 0.015625 0.033333
0 0.825000 0.243750 0.017188 0.034722
1 0.405078 0.606250 0.171094 0.295833
1 0.126562 0.275000 0.123438 0.305556
1 0.085156 0.675000 0.100000 0.233333
1 0.700391 0.177083 0.158594 0.268056
1 0.924219 0.518750 0.101562 0.298611
1 0.597656 0.736111 0.104688 0.238889
1 0.325781 0.225694 0.159375 0.237500
1 0.517188 0.216667 0.112500 0.269444