0 0.310547 0.095833 0.027344 0.041667
0 0.972266 0.931944 0.022656 0.030556
0 0.058984 0.647222 0.021094 0.041667
0 0.910937 0.082639 0.014063 0.026389
0 0.299219 0.287500 0.017188 0.033333
0 0.463281 0.911111 0.014063 0.036111
0 0.065625 0.545833 0.028125 0.036111
0 0.020703 0.101389 0.021094 0.050000
0 0.912109 0.669444 0.027344 0.036111
0 0.126172 0.522917 0.017969 0.031944
0 0.865625 0.899306 0.017188 0.029167
0 0.678906 0.900000 0.026562 0.047222
0 0.856641 0.861806 0.017969 0.031944
0 0.541797 0.838194 0.014844 0.031944
0 0.171094 0.959028 0.014063 0.031944
0 0.650391 0.786806 0.014844 0.026389
0 0.653125 0.903472 0.014063 0.043056
0 0.302344 0.937500 0.026562 0.030556
0 0.108594 0.660417 0.015625 0.040278
0 0.741797 0.659722 0.022656 0.036111
0 0.898828 0.956944 0.014844 0.050000
0 0.463281 0.481250 0.017188 0.026389
0 0.791016 0.386806 0.022656 0.029167
0 0.719141 0.593056 0.014844 0.036111
0 0.682422 0.826389 0.021094 0.041667
0 0.408594 0.722917 0.023438 0.037500
0 0.902344 0.886806 0.017188 0.031944
0 0.734766 0.699306 0.024219 0.026389
0 0.216016 0.142361 0.025781 0.040278
0 0.326172 0.820139 0.019531 0.034722
0 0.028906 0.619444 0.017188 0.044444
0 0.365234 0.800694 0.021094 0.037500
0 0.835938 0.136806 0.015625 0.040278
0 0.542578 0.734722 0.022656 0.030556
0 0.437500 0.452083 0.020313 0.045833
0 0.805078 0.915278 0.014844 0.038889
0 0.555078 0.404167 0.016406 0.038889
0 0.499609 0.343750 0.027344 0.040278
0 0.249219 0.084722 0.026562 0.033333
0 0.864453 0.144444 0.022656 0.047222
0 0.342578 0.118750 0.025781 0.045833
0 0.969141 0.159722 0.019531 0.050000
0 0.685937 0.736111 0.014063 0.038889
0 0.809375 0.318750 0.015625 0.043056
0 0.764453 0.608333 0.022656 0.050000
0 0.220703 0.403472 0.022656 0.048611
0 0.025000 0.953472 0.021875 0.043056
0 0.101172 0.390278 0.027344 0.038889
0 0.944922 0.685417 0.017969 0.043056
0 0.828906 0.436806 0.025000 0.045833
0 0.974609 0.720139 0.021094 0.040278
0 0.633984 0.917361 0.017969 0.045833
0 0.091406 0.563194 0.014063 0.037500
0 0.882422 0.538889 0.019531 0.027778
0 0.330078 0.734722 0.016406 0.050000
0 0.827344 0.507639 0.017188 0.026389
0 0.761719 0.225694 0.020313 0.043056
0 0.973047 0.471528 0.024219 0.037500
0 0.813672 0.197917 0.024219 0.026389
0 0.213281 0.475000 0.028125 0.044444
0 0.789453 0.465972 0.025781 0.037500
0 0.411719 0.915278 0.021875 0.047222
0 0.403906 0.435417 0.020313 0.034722
0 0.769141 0.880556 0.027344 0.050000
0 0.542578 0.909028 0.016406 0.048611
0 0.133594 0.648611 0.028125 0.038889
0 0.214062 0.548611 0.017188 0.030556
0 0.514844 0.527778 0.026562 0.036111
0 0.113672 0.934028 0.025781 0.031944
0 0.352344 0.597222 0.017188 0.025000
0 0.304297 0.884028 0.017969 0.029167
0 0.344922 0.236806 0.024219 0.043056
0 0.725000 0.743750 0.023438 0.034722
0 0.119922 0.577778 0.025781 0.027778
0 0.100391 0.494444 0.016406 0.025000
0 0.735938 0.218056 0.015625 0.050000
0 0.780469 0.550694 0.014063 0.040278
0 0.762109 0.272917 0.022656 0.026389
0 0.740234 0.060417 0.017969 0.034722
0 0.976562 0.601389 0.018750 0.030556
0 0.937891 0.748611 0.017969 0.038889
0 0.773047 0.052778 0.016406 0.027778
0 0.261328 0.959028 0.024219 0.037500
0 0.085938 0.430556 0.020313 0.030556
0 0.769531 0.782639 0.015625 0.048611
1 0.104297 0.200694 0.136719 0.301389
1 0.320703 0.457639 0.119531 0.173611
1 0.218359 0.767361 0.132031 0.290278
1 0.677344 0.441667 0.168750 0.250000
1 0.475781 0.700000 0.093750 0.280556
1 0.576953 0.163889 0.153906 0.227778
1 0.893750 0.342361 0.093750 0.218056
1 0.839844 0.714583 0.095312 0.190278