0 0.916797 0.179861 0.025781 0.045833
0 0.960547 0.320139 0.025781 0.037500
0 0.069141 0.261111 0.027344 0.044444
0 0.057031 0.336806 0.028125 0.043056
0 0.210547 0.950000 0.016406 0.027778
0 0.431250 0.054861 0.028125 0.031944
0 0.431641 0.216667 0.019531 0.025000
0 0.261328 0.347222 0.017969 0.025000
0 0.392578 0.171528 0.014844 0.034722
0 0.838672 0.274306 0.021094 0.037500
0 0.537891 0.039583 0.016406 0.034722
0 0.477734 0.154167 0.019531 0.041667
0 0.519531 0.877083 0.018750 0.043056
0 0.251953 0.055556 0.022656 0.041667
0 0.481250 0.876389 0.025000 0.036111
0 0.769531 0.508333 0.020313 0.030556
0 0.223047 0.412500 0.024219 0.030556
0 0.750000 0.090278 0.028125 0.041667
0 0.765625 0.948611 0.021875 0.041667
0 0.379297 0.268750 0.027344 0.043056
0 0.306641 0.429167 0.021094 0.047222
0 0.903516 0.265972 0.027344 0.029167
0 0.460156 0.925000 0.028125 0.044444
0 0.179297 0.853472 0.027344 0.043056
0 0.332031 0.343056 0.021875 0.027778
0 0.712500 0.720139 0.020313 0.029167
0 0.167187 0.608333 0.026562 0.036111
0 0.439844 0.099306 0.014063 0.043056
0 0.567969 0.276389 0.028125 0.050000
0 0.417578 0.174306 0.017969 0.026389
0 0.041016 0.172917 0.014844 0.045833
0 0.431250 0.746528 0.020313 0.026389
0 0.087500 0.904167 0.017188 0.036111
0 0.025000 0.112500 0.015625 0.050000
0 0.298047 0.062500 0.027344 0.047222
0 0.408203 0.909028 0.021094 0.048611
0 0.030078 0.725000 0.014844 0.038889
0 0.920312 0.097917 0.015625 0.037500
0 0.550000 0.097917 0.026562 0.043056
0 0.949609 0.389583 0.017969 0.043056
0 0.954688 0.041667 0.028125 0.025000
0 0.798438 0.032639 0.015625 0.026389
0 0.316016 0.505556 0.025781 0.044444
0 0.215625 0.345833 0.014063 0.033333
0 0.944922 0.111111 0.021094 0.044444
0 0.350000 0.275000 0.020313 0.047222
0 0.319922 0.563194 0.014844 0.048611
0 0.036719 0.835417 0.025000 0.029167
0 0.569922 0.200000 0.019531 0.050000
0 0.087891 0.340972 0.017969 0.037500
0 0.187500 0.929861 0.021875 0.034722
0 0.108594 0.229861 0.017188 0.031944
0 0.515625 0.374306 0.021875 0.045833
0 0.096094 0.112500 0.026562 0.044444
0 0.038281 0.629167 0.018750 0.027778
0 0.244141 0.500000 0.022656 0.036111
0 0.190234 0.349306 0.016406 0.031944
0 0.966016 0.213194 0.027344 0.026389
0 0.556250 0.918750 0.028125 0.043056
0 0.055469 0.522917 0.025000 0.037500
0 0.406641 0.700694 0.019531 0.043056
0 0.655078 0.070833 0.014844 0.027778
0 0.145313 0.822917 0.014063 0.026389
0 0.412500 0.284722 0.023438 0.038889
0 0.591797 0.128472 0.016406 0.029167
0 0.765234 0.897917 0.027344 0.026389
0 0.072656 0.171528 0.025000 0.026389
0 0.950000 0.168056 0.014063 0.047222
0 0.603516 0.797222 0.017969 0.041667
0 0.022266 0.459722 0.024219 0.033333
0 0.508594 0.076389 0.020313 0.041667
0 0.870313 0.223611 0.021875 0.044444
0 0.792578 0.106250 0.022656 0.034722
0 0.023828 0.052778 0.021094 0.050000
0 0.816406 0.243056 0.015625 0.047222
0 0.469922 0.257639 0.019531 0.031944
1 0.640625 0.635417 0.109375 0.206944
1 0.876172 0.781250 0.160156 0.259722
1 0.187891 0.199306 0.099219 0.215278
1 0.703125 0.388889 0.164062 0.180556
1 0.423828 0.508333 0.142969 0.305556
1 0.308203 0.800694 0.125781 0.206944
1 0.866016 0.465278 0.124219 0.233333
1 0.137500 0.468750 0.126562 0.179167