0 0.321484 0.796528 0.022656 0.029167
0 0.597656 0.079861 0.021875 0.031944
0 0.761719 0.599306 0.025000 0.043056
0 0.888281 0.265278 0.014063 0.027778
0 0.764844 0.248611 0.015625 0.050000
0 0.823828 0.302778 0.014844 0.038889
0 0.974219 0.713194 0.015625 0.037500
0 0.791406 0.223611 0.015625 0.030556
0 0.400781 0.505556 0.020313 0.041667
0 0.815234 0.047222 0.024219 0.027778
0 0.223047 0.622222 0.027344 0.041667
0 0.967969 0.931944 0.017188 0.038889
0 0.813672 0.158333 0.025781 0.041667
0 0.940234 0.762500 0.016406 0.044444
0 0.974609 0.424306 0.019531 0.026389
0 0.134766 0.696528 0.014844 0.040278
0 0.061719 0.256250 0.025000 0.031944
0 0.518750 0.588889 0.028125 0.027778
0 0.564453 0.946528 0.014844 0.029167
0 0.639453 0.473611 0.017969 0.030556
0 0.839453 0.900000 0.025781 0.033333
0 0.176953 0.130556 0.021094 0.047222
0 0.850391 0.768750 0.022656 0.031944
0 0.909375 0.090972 0.014063 0.026389
0 0.873437 0.352083 0.015625 0.026389
0 0.921875 0.853472 0.028125 0.029167
0 0.104688 0.698611 0.017188 0.030556
0 0.800781 0.433333 0.018750 0.033333
0 0.095703 0.811806 0.021094 0.034722
0 0.419922 0.135417 0.019531 0.026389
0 0.689844 0.472917 0.026562 0.037500
0 0.182422 0.615972 0.022656 0.045833
0 0.832422 0.224306 0.025781 0.043056
0 0.869922 0.934722 0.024219 0.044444
0 0.463672 0.490278 0.024219 0.025000
0 0.499609 0.908333 0.014844 0.036111
0 0.026953 0.074306 0.019531 0.040278
0 0.112891 0.911111 0.021094 0.044444
0 0.482812 0.596528 0.017188 0.029167
0 0.754297 0.451389 0.019531 0.050000
0 0.718750 0.574306 0.014063 0.029167
0 0.046094 0.694444 0.020313 0.033333
0 0.372656 0.240278 0.018750 0.044444
0 0.194922 0.236111 0.027344 0.044444
0 0.861719 0.387500 0.014063 0.025000
0 0.761719 0.177083 0.018750 0.034722
0 0.488672 0.797917 0.022656 0.048611
0 0.108594 0.238194 0.017188 0.034722
0 0.876953 0.863889 0.025781 0.044444
0 0.101953 0.120833 0.017969 0.036111
0 0.217578 0.578472 0.024219 0.026389
0 0.392969 0.069444 0.015625 0.033333
0 0.138672 0.806944 0.019531 0.047222
0 0.297656 0.690972 0.026562 0.034722
0 0.906250 0.368056 0.026562 0.027778
0 0.725391 0.684722 0.022656 0.050000
0 0.883203 0.136111 0.019531 0.047222
0 0.690234 0.043056 0.021094 0.044444
0 0.602344 0.122917 0.014063 0.040278
0 0.813672 0.883333 0.017969 0.033333
0 0.961719 0.826389 0.023438 0.041667
0 0.812109 0.949306 0.016406 0.034722
0 0.516406 0.054167 0.017188 0.044444
0 0.971484 0.524306 0.025781 0.040278
0 0.628125 0.546528 0.025000 0.043056
0 0.020703 0.393750 0.016406 0.048611
0 0.490234 0.111111 0.025781 0.033333
0 0.080078 0.704167 0.025781 0.027778
0 0.842187 0.850694 0.018750 0.037500
0 0.459766 0.663194 0.016406 0.045833
0 0.023828 0.752083 0.016406 0.029167
0 0.726172 0.620833 0.021094 0.027778
0 0.821875 0.091667 0.015625 0.036111
0 0.657813 0.106250 0.026562 0.043056
0 0.469922 0.073611 0.016406 0.027778
0 0.805859 0.388889 0.027344 0.027778
0 0.580859 0.129167 0.016406 0.033333
0 0.498047 0.862500 0.014844 0.027778
0 0.673438 0.640278 0.015625 0.033333
0 0.632422 0.711806 0.025781 0.037500
0 0.132812 0.092361 0.026562 0.026389
0 0.546875 0.629861 0.018750 0.029167
0 0.078125 0.367361 0.015625 0.031944
0 0.932031 0.936806 0.020313 0.037500
1 0.415234 0.806944 0.096094 0.186111
1 0.284375 0.266667 0.126562 0.277778
1 0.831641 0.575000 0.097656 0.188889
1 0.650000 0.317361 0.156250 0.245833
1 0.691406 0.846528 0.167187 0.201389
1 0.330078 0.539583 0.107031 0.193056
1 0.474219 0.293750 0.153125 0.226389
1 0.094922 0.529167 0.117969 0.205556
1 0.216016 0.825000 0.125781 0.225000