0 0.916992 0.571289 0.044922 0.037109
0 0.650391 0.853516 0.046875 0.058594
0 0.089844 0.686523 0.058594 0.041016
0 0.165039 0.253906 0.048828 0.031250
0 0.149414 0.636719 0.044922 0.058594
0 0.494141 0.952148 0.054688 0.056641
0 0.681641 0.611328 0.042969 0.042969
0 0.536133 0.169922 0.037109 0.035156
0 0.485352 0.161133 0.044922 0.041016
0 0.741211 0.316406 0.037109 0.035156
0 0.566406 0.827148 0.046875 0.052734
0 0.649414 0.038086 0.037109 0.033203
0 0.084961 0.238281 0.041016 0.050781
0 0.757812 0.933594 0.042969 0.046875
0 0.155273 0.299805 0.033203 0.041016
0 0.855469 0.300781 0.031250 0.058594
0 0.589844 0.036133 0.054688 0.041016
0 0.598633 0.128906 0.033203 0.031250
0 0.250000 0.952148 0.035156 0.044922
0 0.565430 0.340820 0.052734 0.056641
0 0.850586 0.943359 0.048828 0.035156
0 0.932617 0.904297 0.056641 0.054688
0 0.087891 0.127930 0.042969 0.048828
0 0.150391 0.200195 0.042969 0.044922
0 0.541016 0.262695 0.046875 0.052734
0 0.944336 0.420898 0.052734 0.052734
0 0.598633 0.929688 0.052734 0.046875
0 0.306641 0.043945 0.046875 0.037109
0 0.953125 0.666016 0.050781 0.058594
0 0.239258 0.039062 0.044922 0.039062
0 0.578125 0.627930 0.050781 0.056641
0 0.470703 0.254883 0.031250 0.056641
0 0.216797 0.634766 0.054688 0.058594
0 0.935547 0.332031 0.050781 0.039062
0 0.627930 0.705078 0.052734 0.042969
0 0.621094 0.757812 0.035156 0.035156
0 0.097656 0.063477 0.031250 0.041016
0 0.541016 0.531250 0.050781 0.058594
0 0.940430 0.726562 0.033203 0.042969
0 0.563477 0.740234 0.041016 0.042969
0 0.957031 0.512695 0.042969 0.041016
0 0.370117 0.957031 0.037109 0.050781
1 0.403320 0.763672 0.216797 0.269531
1 0.309570 0.220703 0.193359 0.179688
1 0.375977 0.465820 0.216797 0.216797
1 0.770508 0.451172 0.224609 0.195312
1 0.781250 0.163086 0.250000 0.201172
1 0.808594 0.719727 0.195312 0.216797
1 0.160156 0.816406 0.187500 0.167969
1 0.129883 0.463867 0.212891 0.166016