0 0.854492 0.945312 0.044922 0.031250
0 0.214844 0.474609 0.031250 0.031250
0 0.666016 0.707031 0.050781 0.054688
0 0.162109 0.917969 0.031250 0.039062
0 0.157227 0.095703 0.041016 0.039062
0 0.603516 0.348633 0.054688 0.044922
0 0.621094 0.073242 0.046875 0.037109
0 0.606445 0.713867 0.048828 0.056641
0 0.533203 0.639648 0.050781 0.041016
0 0.656250 0.178711 0.035156 0.056641
0 0.430664 0.744141 0.044922 0.042969
0 0.487305 0.124023 0.056641 0.056641
0 0.418945 0.612305 0.048828 0.048828
0 0.106445 0.423828 0.052734 0.031250
0 0.903320 0.417969 0.041016 0.031250
0 0.341797 0.061523 0.050781 0.041016
0 0.415039 0.562500 0.056641 0.031250
0 0.037109 0.704102 0.035156 0.052734
0 0.553711 0.574219 0.037109 0.046875
0 0.267578 0.855469 0.039062 0.042969
0 0.096680 0.921875 0.041016 0.042969
0 0.261719 0.048828 0.058594 0.035156
0 0.119141 0.044922 0.031250 0.042969
0 0.748047 0.853516 0.039062 0.042969
0 0.578125 0.211914 0.058594 0.044922
0 0.908203 0.531250 0.054688 0.039062
0 0.386719 0.924805 0.054688 0.033203
0 0.675781 0.283203 0.054688 0.046875
0 0.585938 0.273438 0.031250 0.050781
0 0.472656 0.486328 0.039062 0.054688
0 0.604492 0.596680 0.044922 0.048828
0 0.893555 0.605469 0.048828 0.042969
0 0.349609 0.164062 0.039062 0.050781
0 0.689453 0.925781 0.054688 0.031250
0 0.920898 0.953125 0.037109 0.035156
0 0.360352 0.612305 0.044922 0.052734
0 0.132812 0.483398 0.046875 0.052734
1 0.175781 0.250000 0.203125 0.222656
1 0.778320 0.508789 0.142578 0.255859
1 0.544922 0.856445 0.199219 0.162109
1 0.470703 0.339844 0.183594 0.175781
1 0.867188 0.175781 0.195312 0.218750
1 0.216797 0.630859 0.218750 0.218750
1 0.867188 0.812500 0.156250 0.179688