0 0.587109 0.093750 0.014844 0.031944
0 0.797266 0.961806 0.021094 0.029167
0 0.772266 0.595139 0.022656 0.048611
0 0.360938 0.562500 0.017188 0.027778
0 0.127344 0.115278 0.015625 0.033333
0 0.766406 0.900694 0.018750 0.026389
0 0.235547 0.913889 0.017969 0.050000
0 0.398828 0.032639 0.014844 0.029167
0 0.600391 0.519444 0.016406 0.027778
0 0.382422 0.465278 0.017969 0.041667
0 0.539844 0.911111 0.023438 0.047222
0 0.305469 0.299306 0.020313 0.026389
0 0.041406 0.174306 0.020313 0.048611
0 0.244531 0.205556 0.021875 0.044444
0 0.835547 0.893056 0.019531 0.041667
0 0.177344 0.438889 0.021875 0.044444
0 0.199609 0.179861 0.019531 0.037500
0 0.105078 0.319444 0.021094 0.036111
0 0.062109 0.177083 0.014844 0.043056
0 0.107813 0.440278 0.015625 0.025000
0 0.787109 0.137500 0.027344 0.033333
0 0.278125 0.050000 0.021875 0.030556
0 0.793359 0.477083 0.017969 0.029167
0 0.416016 0.158333 0.016406 0.025000
0 0.283594 0.936806 0.017188 0.031944
0 0.141797 0.178472 0.025781 0.045833
0 0.233203 0.750000 0.016406 0.041667
0 0.404297 0.075000 0.021094 0.033333
0 0.427344 0.369444 0.026562 0.025000
0 0.072656 0.514583 0.020313 0.043056
0 0.130078 0.556944 0.022656 0.036111
0 0.043750 0.601389 0.028125 0.041667
0 0.338281 0.931250 0.017188 0.026389
0 0.615625 0.075000 0.020313 0.038889
0 0.343750 0.064583 0.014063 0.029167
0 0.359375 0.179861 0.015625 0.037500
0 0.341406 0.645833 0.014063 0.044444
0 0.342578 0.318056 0.017969 0.030556
0 0.024219 0.760417 0.015625 0.037500
0 0.289453 0.245139 0.025781 0.031944
0 0.377344 0.401389 0.026562 0.038889
0 0.942187 0.085417 0.021875 0.031944
0 0.390625 0.304167 0.021875 0.044444
0 0.098828 0.222917 0.019531 0.031944
0 0.975391 0.079167 0.014844 0.047222
0 0.688281 0.160417 0.015625 0.029167
0 0.755078 0.802778 0.014844 0.025000
0 0.158984 0.289583 0.025781 0.037500
0 0.967969 0.907639 0.026562 0.043056
0 0.185547 0.229861 0.017969 0.045833
0 0.239844 0.685417 0.023438 0.029167
0 0.358203 0.493056 0.019531 0.050000
0 0.478906 0.327083 0.021875 0.031944
0 0.393750 0.172222 0.017188 0.041667
0 0.442188 0.159028 0.026562 0.043056
0 0.803125 0.533333 0.021875 0.041667
0 0.497656 0.045139 0.015625 0.026389
0 0.076563 0.397222 0.015625 0.047222
0 0.801953 0.339583 0.022656 0.037500
0 0.395703 0.665972 0.014844 0.040278
0 0.430859 0.664583 0.025781 0.043056
0 0.066016 0.335417 0.021094 0.043056
0 0.216406 0.265278 0.017188 0.030556
0 0.932813 0.954861 0.020313 0.037500
0 0.409766 0.538194 0.024219 0.045833
0 0.818750 0.061806 0.014063 0.043056
0 0.404687 0.117361 0.014063 0.029167
0 0.959375 0.715972 0.014063 0.040278
0 0.137891 0.513194 0.017969 0.029167
0 0.050000 0.943750 0.021875 0.045833
0 0.094531 0.086111 0.017188 0.044444
0 0.146094 0.352778 0.028125 0.036111
0 0.399609 0.587500 0.025781 0.038889
0 0.802734 0.913889 0.017969 0.050000
0 0.802344 0.268056 0.014063 0.030556
0 0.338672 0.278472 0.016406 0.026389
0 0.069531 0.227083 0.018750 0.045833
0 0.232813 0.147917 0.018750 0.026389
0 0.094531 0.559028 0.026562 0.029167
0 0.081250 0.627778 0.017188 0.047222
0 0.641016 0.084028 0.017969 0.043056
0 0.733203 0.928472 0.022656 0.045833
0 0.542969 0.119444 0.023438 0.050000
0 0.782813 0.778472 0.015625 0.037500
0 0.839063 0.475000 0.014063 0.041667
0 0.713672 0.072222 0.022656 0.030556
0 0.296094 0.133333 0.020313 0.041667
0 0.037891 0.276389 0.022656 0.036111
0 0.235156 0.110417 0.028125 0.034722
0 0.967969 0.776389 0.028125 0.033333
0 0.619141 0.413889 0.022656 0.030556
0 0.727344 0.868750 0.023438 0.026389
1 0.710938 0.324306 0.139063 0.209722
1 0.514844 0.503472 0.118750 0.237500
1 0.875000 0.718056 0.135937 0.272222
1 0.133594 0.822917 0.126562 0.209722
1 0.695703 0.638194 0.110156 0.243056
1 0.881641 0.255556 0.124219 0.263889
1 0.264062 0.475694 0.107813 0.243056
1 0.351953 0.806944 0.119531 0.205556
1 0.530859 0.760417 0.158594 0.220833
1 0.566016 0.245833 0.100781 0.186111