0 0.858984 0.572222 0.022656 0.050000
0 0.567578 0.045139 0.021094 0.031944
0 0.966797 0.438194 0.021094 0.037500
0 0.126953 0.052778 0.024219 0.044444
0 0.521094 0.138889 0.014063 0.038889
0 0.896094 0.953472 0.026562 0.031944
0 0.919922 0.672222 0.027344 0.036111
0 0.943359 0.727778 0.027344 0.027778
0 0.555469 0.790278 0.025000 0.036111
0 0.414453 0.529167 0.019531 0.030556
0 0.631641 0.132639 0.021094 0.034722
0 0.447266 0.654167 0.021094 0.044444
0 0.102344 0.140278 0.018750 0.030556
0 0.354687 0.074306 0.023438 0.048611
0 0.026562 0.509028 0.028125 0.045833
0 0.728125 0.551389 0.014063 0.025000
0 0.618750 0.969444 0.017188 0.027778
0 0.914844 0.445139 0.028125 0.031944
0 0.145703 0.494444 0.025781 0.044444
0 0.867969 0.240278 0.020313 0.038889
0 0.820312 0.626389 0.018750 0.038889
0 0.724219 0.159722 0.023438 0.027778
0 0.422656 0.130556 0.014063 0.030556
0 0.948438 0.366667 0.017188 0.027778
0 0.776953 0.111806 0.017969 0.026389
0 0.029687 0.045833 0.020313 0.038889
0 0.915234 0.583333 0.027344 0.033333
0 0.935937 0.286806 0.021875 0.037500
0 0.546875 0.660417 0.018750 0.045833
0 0.821875 0.075000 0.028125 0.036111
0 0.908203 0.215278 0.024219 0.033333
0 0.872656 0.060417 0.018750 0.037500
0 0.063281 0.955556 0.014063 0.047222
0 0.481641 0.076389 0.016406 0.030556
0 0.095703 0.545833 0.027344 0.030556
0 0.862109 0.486806 0.025781 0.031944
0 0.098437 0.046528 0.025000 0.034722
0 0.891406 0.759722 0.025000 0.027778
0 0.499219 0.224306 0.021875 0.037500
0 0.288281 0.811806 0.021875 0.031944
0 0.028906 0.588889 0.025000 0.025000
0 0.564453 0.120833 0.016406 0.044444
0 0.102734 0.492361 0.019531 0.045833
0 0.448437 0.297222 0.025000 0.044444
0 0.839844 0.686806 0.017188 0.040278
0 0.664453 0.197222 0.016406 0.041667
0 0.910547 0.906250 0.022656 0.037500
0 0.747266 0.950694 0.019531 0.031944
0 0.021875 0.343750 0.017188 0.029167
0 0.583984 0.843056 0.027344 0.033333
0 0.364453 0.368750 0.017969 0.037500
0 0.892578 0.515278 0.019531 0.036111
0 0.957422 0.120833 0.024219 0.044444
0 0.935156 0.154861 0.014063 0.031944
0 0.848437 0.140278 0.023438 0.047222
0 0.771094 0.568056 0.017188 0.036111
0 0.656250 0.950694 0.025000 0.029167
0 0.955078 0.935417 0.019531 0.031944
0 0.023438 0.184028 0.014063 0.043056
0 0.944531 0.663889 0.014063 0.036111
0 0.733984 0.120833 0.024219 0.030556
0 0.921094 0.500000 0.028125 0.033333
0 0.584766 0.577778 0.024219 0.027778
0 0.166406 0.267361 0.018750 0.029167
0 0.653906 0.395833 0.020313 0.025000
0 0.565625 0.731944 0.014063 0.041667
0 0.105859 0.200694 0.016406 0.026389
0 0.419531 0.640972 0.020313 0.026389
0 0.637500 0.080556 0.015625 0.030556
0 0.475781 0.190972 0.015625 0.031944
0 0.021094 0.666667 0.020313 0.047222
0 0.196875 0.036111 0.017188 0.027778
0 0.552344 0.949306 0.017188 0.037500
0 0.765625 0.169444 0.025000 0.025000
0 0.456641 0.445139 0.027344 0.029167
0 0.944922 0.792361 0.027344 0.040278
0 0.549219 0.831944 0.014063 0.030556
0 0.067187 0.209028 0.017188 0.040278
0 0.410547 0.370833 0.021094 0.033333
0 0.711328 0.938889 0.014844 0.041667
0 0.114062 0.903472 0.026562 0.026389
0 0.653516 0.259722 0.022656 0.033333
0 0.538281 0.882639 0.015625 0.034722
0 0.588281 0.152778 0.023438 0.027778
0 0.357031 0.426389 0.025000 0.036111
0 0.502344 0.682639 0.025000 0.045833
0 0.872656 0.652778 0.015625 0.050000
0 0.131641 0.589583 0.027344 0.048611
0 0.303516 0.970833 0.014844 0.025000
0 0.439844 0.176389 0.021875 0.036111
0 0.912891 0.090278 0.016406 0.025000
0 0.960156 0.602778 0.025000 0.044444
0 0.897656 0.844444 0.025000 0.036111
0 0.850391 0.392361 0.021094 0.031944
0 0.719141 0.711111 0.016406 0.025000
0 0.703516 0.886806 0.025781 0.045833
0 0.160938 0.075694 0.026562 0.037500
0 0.896484 0.719444 0.027344 0.036111
0 0.023828 0.113889 0.016406 0.025000
0 0.600781 0.197222 0.021875 0.027778
0 0.568750 0.904861 0.020313 0.029167
1 0.316406 0.581250 0.160938 0.240278
1 0.755078 0.348611 0.150781 0.294444
1 0.359766 0.830556 0.110156 0.180556
1 0.651563 0.711806 0.098437 0.273611
1 0.260547 0.274306 0.153906 0.301389
1 0.106641 0.775000 0.119531 0.180556
1 0.557422 0.393056 0.160156 0.280556
1 0.796484 0.819444 0.125781 0.208333
1 0.096094 0.350000 0.098437 0.205556