0 0.897461 0.652344 0.056641 0.058594
0 0.067383 0.648438 0.041016 0.046875
0 0.339844 0.913086 0.031250 0.052734
0 0.309570 0.590820 0.037109 0.056641
0 0.556641 0.595703 0.054688 0.031250
0 0.083008 0.582031 0.037109 0.046875
0 0.489258 0.563477 0.041016 0.052734
0 0.359375 0.528320 0.035156 0.044922
0 0.602539 0.058594 0.044922 0.050781
0 0.424805 0.256836 0.048828 0.052734
0 0.208008 0.857422 0.041016 0.039062
0 0.078125 0.361328 0.035156 0.035156
0 0.210938 0.624023 0.054688 0.048828
0 0.806641 0.938477 0.031250 0.056641
0 0.343750 0.704102 0.046875 0.041016
0 0.144531 0.271484 0.050781 0.050781
0 0.084961 0.446289 0.037109 0.052734
0 0.400391 0.921875 0.058594 0.039062
0 0.089844 0.828125 0.058594 0.046875
0 0.416016 0.802734 0.058594 0.050781
0 0.901367 0.833008 0.041016 0.052734
0 0.521484 0.506836 0.058594 0.044922
0 0.771484 0.093750 0.039062 0.035156
0 0.412109 0.500977 0.054688 0.037109
0 0.538086 0.703125 0.048828 0.058594
0 0.917969 0.380859 0.039062 0.046875
0 0.558594 0.823242 0.031250 0.044922
0 0.385742 0.405273 0.033203 0.033203
0 0.216797 0.925781 0.031250 0.031250
0 0.241211 0.558594 0.056641 0.046875
0 0.682617 0.933594 0.044922 0.035156
0 0.314453 0.250000 0.054688 0.046875
1 0.735352 0.552734 0.224609 0.246094
1 0.229492 0.728516 0.162109 0.144531
1 0.299805 0.128906 0.240234 0.175781
1 0.212891 0.431641 0.156250 0.179688
1 0.615234 0.248047 0.218750 0.199219
1 0.686523 0.810547 0.205078 0.140625
1 0.903320 0.258789 0.154297 0.162109