0 0.369922 0.697917 0.021094 0.034722
0 0.905078 0.920833 0.016406 0.047222
0 0.850781 0.911111 0.028125 0.050000
0 0.525000 0.347222 0.018750 0.033333
0 0.855469 0.383333 0.018750 0.025000
0 0.938281 0.895833 0.023438 0.041667
0 0.117188 0.216667 0.014063 0.027778
0 0.162109 0.100694 0.024219 0.031944
0 0.687109 0.611806 0.027344 0.034722
0 0.233203 0.898611 0.019531 0.033333
0 0.227344 0.602778 0.025000 0.027778
0 0.759766 0.655556 0.019531 0.047222
0 0.054688 0.205556 0.014063 0.044444
0 0.925391 0.395139 0.024219 0.048611
0 0.160547 0.572917 0.017969 0.045833
0 0.323047 0.060417 0.014844 0.043056
0 0.696484 0.224306 0.016406 0.026389
0 0.801953 0.925000 0.016406 0.050000
0 0.942969 0.844444 0.018750 0.033333
0 0.101172 0.031250 0.024219 0.026389
0 0.849609 0.429167 0.025781 0.044444
0 0.767578 0.468056 0.022656 0.038889
0 0.739062 0.684028 0.015625 0.029167
0 0.746094 0.076389 0.026562 0.030556
0 0.557031 0.250694 0.025000 0.048611
0 0.848437 0.498611 0.017188 0.047222
0 0.595313 0.221528 0.018750 0.048611
0 0.873828 0.964583 0.024219 0.034722
0 0.768750 0.909028 0.015625 0.031944
0 0.664453 0.127083 0.016406 0.037500
0 0.174219 0.513889 0.026562 0.047222
0 0.125000 0.441667 0.015625 0.036111
0 0.338672 0.613889 0.022656 0.030556
0 0.817187 0.490972 0.018750 0.045833
0 0.928516 0.502778 0.016406 0.038889
0 0.021875 0.456944 0.015625 0.044444
0 0.375781 0.753472 0.014063 0.037500
0 0.338672 0.867361 0.024219 0.043056
0 0.519141 0.045139 0.021094 0.048611
0 0.359766 0.921528 0.024219 0.048611
0 0.578516 0.155556 0.014844 0.047222
0 0.802344 0.430556 0.025000 0.027778
0 0.080078 0.095139 0.014844 0.034722
0 0.045312 0.956944 0.017188 0.038889
0 0.777734 0.806944 0.025781 0.041667
0 0.672656 0.293750 0.017188 0.031944
0 0.259375 0.915278 0.021875 0.038889
0 0.307422 0.174306 0.024219 0.043056
0 0.192188 0.089583 0.023438 0.037500
0 0.025391 0.592361 0.016406 0.031944
0 0.161328 0.884722 0.021094 0.050000
0 0.570703 0.652083 0.014844 0.031944
0 0.125000 0.805556 0.023438 0.036111
0 0.729297 0.575000 0.014844 0.038889
0 0.164062 0.695833 0.017188 0.047222
0 0.635938 0.143056 0.021875 0.033333
0 0.046094 0.100000 0.020313 0.030556
0 0.100781 0.961806 0.028125 0.043056
0 0.354297 0.765278 0.021094 0.027778
0 0.729297 0.220833 0.016406 0.050000
0 0.251172 0.500000 0.024219 0.047222
0 0.976562 0.704167 0.020313 0.025000
0 0.639844 0.634028 0.018750 0.026389
0 0.061719 0.422917 0.028125 0.048611
0 0.973437 0.601389 0.015625 0.027778
0 0.770703 0.534722 0.022656 0.047222
0 0.425000 0.587500 0.023438 0.041667
0 0.428906 0.531944 0.028125 0.030556
0 0.965234 0.313194 0.017969 0.029167
0 0.316406 0.228472 0.017188 0.043056
0 0.975781 0.813889 0.021875 0.030556
0 0.085938 0.165278 0.023438 0.033333
0 0.267188 0.126389 0.026562 0.030556
0 0.273047 0.861806 0.019531 0.034722
0 0.453906 0.051389 0.021875 0.027778
0 0.883984 0.441667 0.025781 0.038889
0 0.042969 0.272917 0.018750 0.026389
0 0.716406 0.652083 0.017188 0.029167
0 0.027344 0.650000 0.017188 0.027778
0 0.750781 0.304167 0.025000 0.027778
0 0.294531 0.965972 0.021875 0.029167
0 0.073047 0.901389 0.022656 0.047222
0 0.419531 0.070139 0.023438 0.040278
0 0.043750 0.889583 0.023438 0.031944
0 0.746484 0.947917 0.014844 0.034722
0 0.398047 0.776389 0.016406 0.036111
0 0.810156 0.372222 0.028125 0.038889
0 0.601172 0.155556 0.014844 0.033333
1 0.417578 0.244444 0.119531 0.238889
1 0.882422 0.665972 0.157031 0.223611
1 0.207031 0.285417 0.156250 0.248611
1 0.088281 0.603472 0.095312 0.215278
1 0.642188 0.801389 0.142187 0.250000
1 0.476172 0.781250 0.111719 0.281944
1 0.671484 0.433333 0.147656 0.205556
1 0.264844 0.744444 0.148438 0.169444