0 0.930469 0.838889 0.015625 0.047222
0 0.150000 0.427083 0.018750 0.034722
0 0.398828 0.870139 0.025781 0.037500
0 0.762891 0.050694 0.024219 0.043056
0 0.121094 0.945139 0.026562 0.029167
0 0.121484 0.150000 0.022656 0.038889
0 0.185156 0.271528 0.021875 0.048611
0 0.074219 0.064583 0.020313 0.029167
0 0.136719 0.561806 0.014063 0.026389
0 0.094531 0.540972 0.014063 0.026389
0 0.544531 0.951389 0.023438 0.036111
0 0.301953 0.920833 0.014844 0.044444
0 0.460547 0.156250 0.016406 0.037500
0 0.098828 0.422222 0.014844 0.047222
0 0.147656 0.743750 0.017188 0.048611
0 0.098828 0.284028 0.022656 0.037500
0 0.257422 0.507639 0.022656 0.031944
0 0.856641 0.059028 0.019531 0.043056
0 0.683203 0.441667 0.019531 0.036111
0 0.180078 0.798611 0.019531 0.033333
0 0.157812 0.162500 0.018750 0.030556
0 0.093750 0.778472 0.028125 0.031944
0 0.976953 0.622917 0.017969 0.029167
0 0.553906 0.048611 0.018750 0.030556
0 0.205078 0.533333 0.024219 0.030556
0 0.330469 0.195139 0.026562 0.040278
0 0.436328 0.947917 0.027344 0.043056
0 0.895312 0.052778 0.026562 0.038889
0 0.388672 0.801389 0.019531 0.030556
0 0.235547 0.053472 0.019531 0.029167
0 0.490625 0.873611 0.018750 0.036111
0 0.184766 0.632639 0.027344 0.040278
0 0.498047 0.772917 0.014844 0.026389
0 0.496094 0.186111 0.018750 0.044444
0 0.250781 0.109028 0.026562 0.029167
0 0.313672 0.868056 0.022656 0.025000
0 0.373437 0.185417 0.025000 0.048611
0 0.061328 0.663889 0.014844 0.038889
0 0.156250 0.102778 0.018750 0.038889
0 0.719922 0.835417 0.022656 0.026389
0 0.227734 0.454167 0.021094 0.027778
0 0.023438 0.395833 0.021875 0.041667
0 0.948438 0.568056 0.025000 0.050000
0 0.549609 0.275694 0.017969 0.048611
0 0.909766 0.870833 0.016406 0.038889
0 0.168359 0.528472 0.022656 0.026389
0 0.123828 0.764583 0.024219 0.034722
0 0.264062 0.567361 0.026562 0.029167
0 0.585547 0.078472 0.017969 0.034722
0 0.465234 0.213889 0.025781 0.030556
0 0.340625 0.056250 0.018750 0.040278
0 0.073438 0.840972 0.014063 0.040278
0 0.489063 0.706944 0.026562 0.038889
0 0.123438 0.043056 0.028125 0.027778
0 0.291406 0.104861 0.017188 0.034722
0 0.060547 0.144444 0.024219 0.050000
0 0.148047 0.053472 0.014844 0.029167
0 0.237891 0.811806 0.022656 0.031944
0 0.925781 0.620833 0.026562 0.025000
0 0.974219 0.670833 0.017188 0.030556
0 0.537500 0.181250 0.014063 0.029167
0 0.022266 0.547222 0.016406 0.047222
0 0.182031 0.475694 0.020313 0.031944
0 0.734375 0.066667 0.020313 0.030556
0 0.163281 0.963194 0.023438 0.040278
0 0.128125 0.361111 0.020313 0.038889
0 0.310156 0.792361 0.018750 0.037500
0 0.399609 0.158333 0.019531 0.050000
0 0.018359 0.933333 0.014844 0.047222
0 0.561328 0.168750 0.021094 0.037500
0 0.896875 0.479861 0.018750 0.040278
0 0.973828 0.872917 0.014844 0.045833
0 0.823438 0.931250 0.014063 0.048611
0 0.158203 0.326389 0.027344 0.047222
1 0.342969 0.605556 0.095312 0.283333
1 0.598828 0.810417 0.160156 0.220833
1 0.625000 0.563194 0.168750 0.181944
1 0.466797 0.348611 0.110156 0.186111
1 0.884375 0.264583 0.146875 0.256944
1 0.795703 0.603472 0.116406 0.231944
1 0.694922 0.248611 0.166406 0.288889