0 0.157227 0.539062 0.048828 0.042969
0 0.123047 0.388672 0.031250 0.050781
0 0.134766 0.762695 0.054688 0.033203
0 0.465820 0.775391 0.056641 0.039062
0 0.041992 0.538086 0.052734 0.044922
0 0.277344 0.696289 0.042969 0.052734
0 0.192383 0.656250 0.037109 0.046875
0 0.820312 0.938477 0.042969 0.052734
0 0.044922 0.854492 0.054688 0.033203
0 0.249023 0.417969 0.044922 0.039062
0 0.109375 0.668945 0.058594 0.044922
0 0.393555 0.171875 0.044922 0.054688
0 0.404297 0.667969 0.050781 0.031250
0 0.048828 0.199219 0.039062 0.050781
0 0.895508 0.892578 0.041016 0.039062
0 0.605469 0.941406 0.054688 0.035156
0 0.694336 0.103516 0.048828 0.050781
0 0.154297 0.306641 0.039062 0.039062
0 0.400391 0.257812 0.050781 0.054688
0 0.542969 0.742188 0.054688 0.039062
0 0.670898 0.185547 0.052734 0.042969
0 0.347656 0.334961 0.058594 0.044922
0 0.664062 0.352539 0.046875 0.056641
0 0.128906 0.808594 0.035156 0.035156
0 0.152344 0.898438 0.046875 0.058594
0 0.950195 0.490234 0.048828 0.046875
0 0.250000 0.312500 0.050781 0.054688
0 0.050781 0.434570 0.031250 0.048828
0 0.375977 0.055664 0.033203 0.041016
0 0.559570 0.797852 0.048828 0.048828
0 0.239258 0.550781 0.033203 0.058594
0 0.757812 0.935547 0.046875 0.050781
0 0.435547 0.060547 0.042969 0.046875
0 0.470703 0.893555 0.035156 0.041016
0 0.078125 0.958984 0.058594 0.039062
0 0.618164 0.419922 0.052734 0.054688
0 0.582031 0.635742 0.042969 0.033203
0 0.500000 0.960938 0.035156 0.035156
0 0.191406 0.391602 0.046875 0.048828
0 0.139648 0.591797 0.048828 0.042969
0 0.560547 0.037109 0.050781 0.035156
0 0.187500 0.805664 0.058594 0.037109
0 0.243164 0.495117 0.056641 0.033203
0 0.458008 0.839844 0.056641 0.035156
0 0.577148 0.340820 0.041016 0.037109
0 0.310547 0.277344 0.035156 0.035156
0 0.543945 0.410156 0.052734 0.035156
0 0.422852 0.919922 0.041016 0.035156
0 0.889648 0.476562 0.044922 0.054688
0 0.820312 0.455078 0.042969 0.054688
1 0.388672 0.521484 0.207031 0.234375
1 0.833008 0.347656 0.228516 0.136719
1 0.528320 0.197266 0.166016 0.195312
1 0.753906 0.693359 0.250000 0.269531
1 0.850586 0.135742 0.146484 0.216797
1 0.310547 0.864258 0.148438 0.236328
1 0.197266 0.156250 0.195312 0.144531