0 0.328125 0.483333 0.015625 0.050000
0 0.561719 0.612500 0.021875 0.027778
0 0.374609 0.461111 0.016406 0.044444
0 0.816406 0.209028 0.014063 0.029167
0 0.363672 0.870833 0.024219 0.038889
0 0.446875 0.709722 0.017188 0.025000
0 0.393359 0.175694 0.019531 0.029167
0 0.252734 0.881944 0.025781 0.044444
0 0.333594 0.080556 0.025000 0.038889
0 0.948047 0.239583 0.017969 0.026389
0 0.569922 0.079167 0.024219 0.033333
0 0.728125 0.874306 0.014063 0.037500
0 0.508594 0.070139 0.015625 0.037500
0 0.794141 0.261806 0.025781 0.034722
0 0.234766 0.318750 0.017969 0.037500
0 0.709766 0.963889 0.016406 0.033333
0 0.420312 0.895833 0.014063 0.041667
0 0.030469 0.894444 0.023438 0.041667
0 0.641797 0.519444 0.024219 0.038889
0 0.167969 0.079861 0.021875 0.031944
0 0.470313 0.038194 0.021875 0.043056
0 0.612109 0.597222 0.021094 0.047222
0 0.847266 0.163889 0.022656 0.033333
0 0.389062 0.811806 0.023438 0.029167
0 0.102344 0.065972 0.025000 0.026389
0 0.285938 0.808333 0.018750 0.036111
0 0.541797 0.144444 0.021094 0.050000
0 0.807031 0.035417 0.017188 0.034722
0 0.324609 0.361806 0.022656 0.043056
0 0.682813 0.056250 0.017188 0.034722
0 0.226562 0.722917 0.020313 0.040278
0 0.969531 0.118750 0.020313 0.043056
0 0.385156 0.942361 0.028125 0.045833
0 0.044922 0.155556 0.014844 0.027778
0 0.639844 0.054167 0.028125 0.025000
0 0.329688 0.900000 0.017188 0.033333
0 0.963672 0.915278 0.024219 0.038889
0 0.264844 0.062500 0.015625 0.036111
0 0.333203 0.846528 0.019531 0.045833
0 0.503125 0.529861 0.020313 0.031944
0 0.673047 0.555556 0.016406 0.041667
0 0.026953 0.286111 0.024219 0.044444
0 0.046484 0.435417 0.019531 0.045833
0 0.228516 0.562500 0.024219 0.050000
0 0.048047 0.743056 0.027344 0.038889
0 0.040234 0.577778 0.027344 0.033333
0 0.597266 0.512500 0.021094 0.027778
0 0.078516 0.292361 0.025781 0.040278
0 0.876563 0.079861 0.026562 0.045833
0 0.128125 0.061806 0.015625 0.043056
0 0.047266 0.524306 0.025781 0.034722
0 0.030078 0.081250 0.021094 0.037500
0 0.980078 0.847222 0.016406 0.044444
0 0.494922 0.931944 0.022656 0.033333
0 0.163672 0.043056 0.014844 0.030556
0 0.473438 0.945833 0.014063 0.036111
0 0.439844 0.572222 0.021875 0.047222
0 0.227344 0.484722 0.028125 0.044444
0 0.465234 0.860417 0.025781 0.043056
0 0.446484 0.122917 0.017969 0.037500
0 0.571094 0.131944 0.015625 0.033333
0 0.468750 0.662500 0.018750 0.050000
0 0.964844 0.637500 0.026562 0.033333
0 0.223828 0.109722 0.021094 0.025000
0 0.253906 0.961111 0.026562 0.027778
0 0.401562 0.441667 0.020313 0.041667
0 0.507031 0.149306 0.021875 0.043056
0 0.603125 0.074306 0.028125 0.040278
0 0.250391 0.372222 0.021094 0.025000
0 0.077344 0.078472 0.015625 0.031944
0 0.080859 0.438194 0.016406 0.037500
0 0.342187 0.433333 0.018750 0.027778
0 0.410547 0.506250 0.016406 0.040278
0 0.027344 0.817361 0.028125 0.043056
0 0.927734 0.223611 0.014844 0.027778
0 0.615234 0.140278 0.027344 0.047222
0 0.421875 0.793056 0.017188 0.041667
0 0.020703 0.476389 0.021094 0.047222
0 0.928906 0.609028 0.014063 0.043056
0 0.466406 0.578472 0.023438 0.045833
0 0.300781 0.424306 0.017188 0.040278
0 0.641016 0.946528 0.027344 0.037500
0 0.466406 0.086111 0.025000 0.025000
0 0.046094 0.383333 0.021875 0.033333
0 0.712891 0.071528 0.021094 0.029167
0 0.310937 0.826389 0.018750 0.044444
0 0.698047 0.147222 0.019531 0.036111
0 0.443750 0.956250 0.028125 0.043056
0 0.807422 0.100694 0.021094 0.043056
0 0.519531 0.901389 0.018750 0.033333
0 0.303125 0.083333 0.026562 0.047222
0 0.181250 0.458333 0.025000 0.038889
1 0.499609 0.329167 0.166406 0.294444
1 0.873047 0.420833 0.164844 0.258333
1 0.133594 0.863889 0.164062 0.183333
1 0.130469 0.609722 0.121875 0.186111
1 0.315625 0.228472 0.096875 0.193056
1 0.665625 0.311806 0.134375 0.262500
1 0.690625 0.709722 0.120313 0.225000
1 0.339844 0.661111 0.132812 0.219444
1 0.162891 0.277778 0.113281 0.277778
1 0.849219 0.682639 0.114062 0.201389