0 0.962500 0.287500 0.026562 0.047222
0 0.690625 0.935417 0.021875 0.031944
0 0.305469 0.055556 0.021875 0.025000
0 0.338281 0.868056 0.023438 0.044444
0 0.383594 0.803472 0.023438 0.026389
0 0.488281 0.075694 0.015625 0.031944
0 0.495312 0.932639 0.018750 0.029167
0 0.169141 0.776389 0.024219 0.036111
0 0.625000 0.882639 0.028125 0.031944
0 0.037109 0.340278 0.019531 0.027778
0 0.801562 0.952778 0.017188 0.047222
0 0.251563 0.085417 0.023438 0.037500
0 0.569922 0.959722 0.021094 0.036111
0 0.646875 0.202083 0.018750 0.045833
0 0.031250 0.258333 0.025000 0.047222
0 0.824219 0.595833 0.021875 0.030556
0 0.038672 0.798611 0.025781 0.050000
0 0.721094 0.866667 0.028125 0.041667
0 0.304297 0.236806 0.027344 0.048611
0 0.964063 0.620139 0.025000 0.045833
0 0.389844 0.700000 0.015625 0.030556
0 0.466406 0.730556 0.021875 0.050000
0 0.040234 0.529861 0.017969 0.037500
0 0.975000 0.387500 0.014063 0.047222
0 0.028125 0.098611 0.026562 0.025000
0 0.072266 0.897917 0.027344 0.043056
0 0.257812 0.255556 0.028125 0.041667
0 0.371484 0.882639 0.022656 0.043056
0 0.940234 0.133333 0.027344 0.025000
0 0.741406 0.085417 0.014063 0.034722
0 0.129688 0.911111 0.017188 0.025000
0 0.592969 0.963194 0.018750 0.031944
0 0.788281 0.862500 0.021875 0.047222
0 0.064062 0.564583 0.023438 0.045833
0 0.942187 0.341667 0.028125 0.044444
0 0.701953 0.259722 0.014844 0.038889
0 0.756641 0.648611 0.027344 0.033333
0 0.437891 0.605556 0.014844 0.044444
0 0.237500 0.181250 0.015625 0.031944
0 0.508203 0.245833 0.014844 0.041667
0 0.756641 0.571528 0.021094 0.026389
0 0.419531 0.814583 0.023438 0.048611
0 0.081641 0.359028 0.024219 0.029167
0 0.128906 0.559722 0.014063 0.027778
0 0.720313 0.324306 0.026562 0.043056
0 0.101562 0.805556 0.014063 0.036111
0 0.228516 0.245833 0.017969 0.044444
0 0.348828 0.811806 0.019531 0.037500
0 0.078125 0.811806 0.021875 0.031944
0 0.521484 0.396528 0.017969 0.048611
0 0.957812 0.964583 0.028125 0.026389
0 0.719922 0.229167 0.014844 0.033333
0 0.451562 0.841667 0.018750 0.038889
0 0.245312 0.329167 0.023438 0.047222
0 0.461719 0.906944 0.021875 0.036111
0 0.803906 0.768750 0.020313 0.040278
0 0.085547 0.754167 0.016406 0.038889
0 0.517969 0.526389 0.017188 0.025000
0 0.664453 0.256944 0.022656 0.033333
0 0.057031 0.471528 0.028125 0.034722
0 0.130859 0.783333 0.019531 0.044444
0 0.496484 0.456250 0.022656 0.045833
0 0.716406 0.175000 0.023438 0.027778
0 0.514453 0.105556 0.025781 0.030556
0 0.714844 0.490972 0.015625 0.034722
0 0.618359 0.133333 0.022656 0.044444
0 0.962500 0.708333 0.015625 0.038889
0 0.053906 0.662500 0.023438 0.036111
0 0.645312 0.129167 0.021875 0.038889
0 0.588281 0.863889 0.028125 0.030556
0 0.820312 0.059722 0.021875 0.041667
0 0.103516 0.459722 0.025781 0.030556
0 0.389844 0.756944 0.017188 0.047222
0 0.122266 0.045833 0.016406 0.027778
0 0.130859 0.397917 0.019531 0.043056
0 0.325391 0.301389 0.027344 0.033333
0 0.388281 0.052083 0.015625 0.048611
0 0.539844 0.313889 0.020313 0.041667
0 0.492578 0.681250 0.017969 0.043056
0 0.401172 0.918056 0.019531 0.033333
1 0.839063 0.394444 0.168750 0.247222
1 0.353125 0.531944 0.142187 0.258333
1 0.136719 0.207639 0.135937 0.245833
1 0.585547 0.729167 0.150781 0.197222
1 0.416797 0.226389 0.142969 0.252778
1 0.257422 0.780556 0.107031 0.180556
1 0.887109 0.797222 0.100781 0.300000
1 0.627344 0.399306 0.139063 0.198611
1 0.201563 0.507639 0.112500 0.254167