0 0.548828 0.472656 0.050781 0.058594
0 0.230469 0.343750 0.039062 0.058594
0 0.954102 0.349609 0.037109 0.042969
0 0.492188 0.566406 0.050781 0.042969
0 0.434570 0.764648 0.052734 0.056641
0 0.110352 0.390625 0.033203 0.039062
0 0.349609 0.098633 0.031250 0.056641
0 0.125977 0.810547 0.052734 0.050781
0 0.309570 0.904297 0.041016 0.046875
0 0.611328 0.328125 0.035156 0.031250
0 0.771484 0.953125 0.035156 0.035156
0 0.111328 0.148438 0.031250 0.046875
0 0.625977 0.957031 0.052734 0.031250
0 0.175781 0.334961 0.050781 0.048828
0 0.626953 0.524414 0.039062 0.052734
0 0.371094 0.241211 0.050781 0.048828
0 0.808594 0.355469 0.050781 0.054688
0 0.488281 0.417969 0.039062 0.054688
0 0.729492 0.850586 0.052734 0.052734
0 0.705078 0.708984 0.058594 0.058594
0 0.048828 0.871094 0.046875 0.035156
0 0.058594 0.801758 0.035156 0.056641
0 0.075195 0.292969 0.037109 0.058594
0 0.570312 0.616211 0.058594 0.037109
0 0.401367 0.957031 0.041016 0.054688
0 0.879883 0.364258 0.037109 0.052734
0 0.380859 0.791016 0.035156 0.050781
0 0.948242 0.719727 0.052734 0.052734
0 0.041992 0.196289 0.044922 0.048828
0 0.350586 0.711914 0.052734 0.048828
0 0.609375 0.440430 0.042969 0.033203
0 0.665039 0.321289 0.044922 0.041016
0 0.455078 0.931641 0.035156 0.042969
0 0.446289 0.219727 0.037109 0.044922
0 0.839844 0.696289 0.054688 0.044922
0 0.310547 0.833008 0.039062 0.052734
0 0.560547 0.393555 0.054688 0.033203
0 0.092773 0.046875 0.056641 0.039062
0 0.201172 0.422852 0.054688 0.048828
0 0.060547 0.419922 0.035156 0.046875
0 0.369141 0.306641 0.035156 0.054688
0 0.931641 0.097656 0.046875 0.035156
0 0.158203 0.941406 0.042969 0.039062
0 0.216797 0.807617 0.050781 0.033203
0 0.287109 0.720703 0.058594 0.035156
1 0.888672 0.884766 0.179688 0.175781
1 0.605469 0.208008 0.175781 0.162109
1 0.370117 0.532227 0.154297 0.208984
1 0.790039 0.519531 0.267578 0.226562
1 0.249023 0.162109 0.142578 0.234375
1 0.158203 0.595703 0.183594 0.199219
1 0.844727 0.242188 0.158203 0.144531
1 0.563477 0.791992 0.162109 0.259766