0 0.894531 0.571289 0.054688 0.048828
0 0.529297 0.271484 0.050781 0.031250
0 0.169922 0.911133 0.054688 0.048828
0 0.071289 0.824219 0.037109 0.050781
0 0.032227 0.873047 0.033203 0.031250
0 0.567383 0.366211 0.056641 0.044922
0 0.474609 0.043945 0.042969 0.037109
0 0.807617 0.747070 0.052734 0.037109
0 0.083008 0.034180 0.056641 0.037109
0 0.925781 0.083008 0.050781 0.041016
0 0.938477 0.936523 0.037109 0.041016
0 0.594727 0.227539 0.033203 0.041016
0 0.065430 0.750977 0.041016 0.044922
0 0.610352 0.478516 0.048828 0.031250
0 0.650391 0.700195 0.054688 0.037109
0 0.077148 0.921875 0.037109 0.046875
0 0.512695 0.461914 0.056641 0.052734
0 0.310547 0.438477 0.058594 0.033203
0 0.813477 0.900391 0.037109 0.046875
0 0.936523 0.752930 0.048828 0.052734
0 0.376953 0.066406 0.046875 0.058594
0 0.189453 0.380859 0.058594 0.035156
0 0.493164 0.097656 0.044922 0.031250
0 0.915039 0.166992 0.048828 0.056641
0 0.447266 0.460938 0.046875 0.042969
0 0.213867 0.854492 0.041016 0.033203
0 0.911133 0.238281 0.044922 0.039062
0 0.188477 0.045898 0.052734 0.037109
0 0.868164 0.737305 0.037109 0.033203
0 0.751953 0.678711 0.039062 0.041016
0 0.729492 0.734375 0.033203 0.039062
0 0.571289 0.600586 0.056641 0.044922
0 0.045898 0.358398 0.033203 0.041016
0 0.900391 0.869141 0.035156 0.042969
1 0.383789 0.255859 0.220703 0.261719
1 0.649414 0.873047 0.244141 0.175781
1 0.390625 0.582031 0.187500 0.164062
1 0.788086 0.459961 0.255859 0.146484
1 0.130859 0.578125 0.152344 0.246094
1 0.370117 0.828125 0.255859 0.273438
1 0.686523 0.088867 0.248047 0.146484
1 0.151367 0.200195 0.197266 0.205078
1 0.743164 0.261719 0.236328 0.152344