0 0.086328 0.503472 0.017969 0.040278
0 0.796484 0.151389 0.025781 0.033333
0 0.302344 0.388889 0.015625 0.036111
0 0.140625 0.171528 0.021875 0.037500
0 0.208984 0.243750 0.019531 0.040278
0 0.037109 0.825000 0.017969 0.044444
0 0.801562 0.208333 0.017188 0.030556
0 0.491016 0.211806 0.027344 0.031944
0 0.395313 0.759028 0.025000 0.029167
0 0.414844 0.900694 0.015625 0.043056
0 0.639844 0.955556 0.026562 0.025000
0 0.751172 0.270833 0.027344 0.025000
0 0.448437 0.147222 0.021875 0.030556
0 0.529687 0.735417 0.026562 0.048611
0 0.388281 0.411111 0.028125 0.030556
0 0.639844 0.790278 0.023438 0.033333
0 0.026953 0.495833 0.022656 0.044444
0 0.739062 0.154167 0.020313 0.030556
0 0.733203 0.093056 0.024219 0.025000
0 0.115234 0.502778 0.021094 0.027778
0 0.043359 0.634722 0.024219 0.027778
0 0.604688 0.618750 0.014063 0.048611
0 0.105469 0.209028 0.028125 0.026389
0 0.906641 0.818750 0.016406 0.031944
0 0.670312 0.938194 0.014063 0.031944
0 0.515625 0.360417 0.023438 0.040278
0 0.174609 0.234722 0.024219 0.050000
0 0.095312 0.579861 0.021875 0.034722
0 0.683984 0.761111 0.021094 0.036111
0 0.473047 0.318750 0.019531 0.026389
0 0.487500 0.169444 0.018750 0.030556
0 0.253906 0.480556 0.018750 0.025000
0 0.943750 0.545139 0.018750 0.026389
0 0.497266 0.042361 0.022656 0.031944
0 0.253516 0.961111 0.017969 0.044444
0 0.368750 0.809722 0.021875 0.025000
0 0.329297 0.958333 0.019531 0.047222
0 0.770703 0.029861 0.025781 0.026389
0 0.923047 0.628472 0.019531 0.034722
0 0.614062 0.900694 0.014063 0.040278
0 0.558594 0.967361 0.015625 0.029167
0 0.772656 0.084722 0.020313 0.038889
0 0.748047 0.213889 0.014844 0.050000
0 0.059375 0.679861 0.020313 0.034722
0 0.895312 0.521528 0.026562 0.043056
0 0.424219 0.259722 0.028125 0.041667
0 0.059766 0.294444 0.019531 0.044444
0 0.473828 0.800694 0.017969 0.026389
0 0.448047 0.199306 0.027344 0.031944
0 0.859766 0.137500 0.024219 0.027778
0 0.968750 0.172222 0.023438 0.027778
0 0.817578 0.084722 0.019531 0.041667
0 0.329688 0.770833 0.023438 0.030556
0 0.033203 0.583333 0.021094 0.044444
0 0.023438 0.112500 0.026562 0.030556
0 0.695312 0.179167 0.014063 0.027778
0 0.883594 0.058333 0.023438 0.036111
0 0.848047 0.559722 0.016406 0.030556
0 0.950391 0.708333 0.016406 0.025000
0 0.107031 0.337500 0.018750 0.036111
0 0.336328 0.889583 0.019531 0.029167
0 0.496094 0.672917 0.014063 0.043056
0 0.582812 0.943056 0.025000 0.050000
0 0.223438 0.575694 0.014063 0.026389
0 0.446484 0.810417 0.014844 0.048611
0 0.487109 0.089583 0.021094 0.040278
0 0.070312 0.961111 0.028125 0.030556
0 0.471875 0.651389 0.021875 0.050000
0 0.888281 0.885417 0.018750 0.029167
0 0.782422 0.247917 0.025781 0.026389
0 0.894141 0.109722 0.019531 0.025000
0 0.683984 0.090972 0.014844 0.026389
0 0.473047 0.749306 0.022656 0.048611
0 0.953906 0.320833 0.025000 0.041667
0 0.632812 0.828472 0.023438 0.029167
0 0.893750 0.934028 0.026562 0.026389
1 0.152734 0.770139 0.150781 0.290278
1 0.880469 0.368750 0.112500 0.243056
1 0.708984 0.512500 0.133594 0.225000
1 0.182812 0.438194 0.096875 0.212500
1 0.507812 0.520833 0.165625 0.186111
1 0.341016 0.615972 0.128906 0.237500
1 0.767969 0.809028 0.131250 0.281944
1 0.592187 0.172222 0.118750 0.208333