0 0.289062 0.691406 0.046875 0.050781
0 0.872070 0.607422 0.056641 0.050781
0 0.958984 0.462891 0.050781 0.042969
0 0.873047 0.771484 0.035156 0.035156
0 0.674805 0.686523 0.056641 0.044922
0 0.347656 0.924805 0.031250 0.041016
0 0.611328 0.380859 0.058594 0.035156
0 0.217773 0.088867 0.044922 0.041016
0 0.695312 0.044922 0.046875 0.050781
0 0.681641 0.103516 0.042969 0.046875
0 0.571289 0.111328 0.044922 0.031250
0 0.032227 0.631836 0.033203 0.037109
0 0.064453 0.956055 0.042969 0.037109
0 0.117188 0.371094 0.050781 0.050781
0 0.168945 0.670898 0.048828 0.041016
0 0.279297 0.366211 0.031250 0.037109
0 0.281250 0.250000 0.050781 0.058594
0 0.749023 0.630859 0.037109 0.050781
0 0.837891 0.687500 0.054688 0.054688
0 0.423828 0.343750 0.046875 0.050781
0 0.730469 0.700195 0.035156 0.056641
0 0.898438 0.406250 0.046875 0.035156
0 0.373047 0.080078 0.046875 0.031250
0 0.495117 0.076172 0.033203 0.050781
0 0.721680 0.316406 0.056641 0.035156
0 0.333008 0.843750 0.056641 0.042969
0 0.060547 0.126953 0.031250 0.050781
0 0.845703 0.060547 0.050781 0.039062
0 0.545898 0.157227 0.048828 0.033203
0 0.400391 0.247070 0.031250 0.056641
0 0.071289 0.842773 0.056641 0.056641
0 0.610352 0.646484 0.044922 0.058594
0 0.230469 0.588867 0.054688 0.033203
0 0.795898 0.418945 0.033203 0.037109
0 0.704102 0.417969 0.033203 0.050781
0 0.964844 0.331055 0.039062 0.052734
0 0.233398 0.433594 0.037109 0.050781
0 0.302734 0.411133 0.039062 0.037109
0 0.343750 0.135742 0.046875 0.037109
0 0.899414 0.547852 0.033203 0.044922
0 0.931641 0.744141 0.046875 0.050781
0 0.488281 0.288086 0.058594 0.033203
0 0.650391 0.546875 0.042969 0.058594
0 0.603516 0.436523 0.035156 0.048828
0 0.809570 0.556641 0.033203 0.046875
0 0.161133 0.592773 0.044922 0.056641
1 0.815430 0.896484 0.193359 0.148438
1 0.520508 0.830078 0.228516 0.242188
1 0.198242 0.875977 0.138672 0.201172
1 0.853516 0.242188 0.156250 0.250000
1 0.446289 0.549805 0.232422 0.251953
1 0.171875 0.209961 0.140625 0.142578