0 0.124023 0.282227 0.044922 0.033203
0 0.607422 0.405273 0.046875 0.041016
0 0.535156 0.820312 0.050781 0.054688
0 0.683594 0.845703 0.039062 0.046875
0 0.690430 0.369141 0.044922 0.042969
0 0.632812 0.459961 0.046875 0.033203
0 0.149414 0.203125 0.041016 0.058594
0 0.606445 0.923828 0.044922 0.058594
0 0.624023 0.689453 0.041016 0.054688
0 0.849609 0.131836 0.046875 0.052734
0 0.876953 0.398438 0.058594 0.054688
0 0.820312 0.336914 0.039062 0.041016
0 0.046875 0.282227 0.039062 0.041016
0 0.156250 0.463867 0.046875 0.037109
0 0.901367 0.325195 0.056641 0.033203
0 0.937500 0.400391 0.031250 0.054688
0 0.648438 0.629883 0.042969 0.048828
0 0.548828 0.929688 0.046875 0.054688
0 0.307617 0.446289 0.048828 0.044922
0 0.126953 0.128906 0.050781 0.058594
0 0.632812 0.754883 0.035156 0.048828
0 0.757812 0.741211 0.031250 0.033203
0 0.215820 0.375977 0.044922 0.048828
0 0.930664 0.138672 0.056641 0.050781
0 0.129883 0.759766 0.037109 0.035156
0 0.232422 0.049805 0.050781 0.041016
0 0.808594 0.422852 0.039062 0.052734
0 0.150391 0.336914 0.039062 0.056641
0 0.415039 0.409180 0.041016 0.041016
0 0.750977 0.431641 0.037109 0.039062
0 0.231445 0.447266 0.056641 0.035156
0 0.894531 0.209961 0.031250 0.044922
0 0.825195 0.742188 0.048828 0.042969
0 0.055664 0.157227 0.048828 0.056641
0 0.068359 0.223633 0.042969 0.044922
0 0.879883 0.039062 0.041016 0.042969
0 0.180664 0.772461 0.044922 0.037109
0 0.714844 0.926758 0.054688 0.052734
0 0.049805 0.367188 0.041016 0.035156
0 0.122070 0.049805 0.044922 0.048828
0 0.673828 0.514648 0.050781 0.044922
1 0.445312 0.626953 0.273438 0.273438
1 0.682617 0.174805 0.236328 0.263672
1 0.845703 0.876953 0.191406 0.210938
1 0.376953 0.243164 0.250000 0.244141
1 0.837891 0.571289 0.218750 0.212891
1 0.160156 0.616211 0.210938 0.224609
1 0.359375 0.893555 0.183594 0.162109
1 0.136719 0.887695 0.167969 0.177734