0 0.632812 0.122070 0.058594 0.048828
0 0.211914 0.174805 0.052734 0.056641
0 0.678711 0.066406 0.056641 0.035156
0 0.620117 0.603516 0.044922 0.058594
0 0.916016 0.364258 0.058594 0.048828
0 0.572266 0.857422 0.042969 0.058594
0 0.777344 0.094727 0.039062 0.037109
0 0.828125 0.505859 0.058594 0.039062
0 0.476562 0.166016 0.054688 0.046875
0 0.222656 0.536133 0.058594 0.033203
0 0.644531 0.828125 0.035156 0.054688
0 0.286133 0.186523 0.044922 0.033203
0 0.056641 0.544922 0.058594 0.050781
0 0.083008 0.891602 0.033203 0.041016
0 0.057617 0.394531 0.048828 0.031250
0 0.788086 0.572266 0.052734 0.050781
0 0.124023 0.202148 0.056641 0.041016
0 0.153320 0.118164 0.037109 0.052734
0 0.529297 0.780273 0.042969 0.052734
0 0.440430 0.101562 0.048828 0.031250
0 0.171875 0.051758 0.054688 0.041016
0 0.189453 0.483398 0.042969 0.044922
0 0.245117 0.083008 0.052734 0.056641
0 0.632812 0.208984 0.054688 0.058594
0 0.669922 0.951172 0.042969 0.058594
0 0.541992 0.093750 0.033203 0.042969
0 0.639648 0.455078 0.041016 0.035156
0 0.352539 0.552734 0.033203 0.050781
0 0.921875 0.162109 0.042969 0.031250
0 0.333984 0.387695 0.035156 0.048828
0 0.474609 0.964844 0.054688 0.031250
0 0.889648 0.254883 0.037109 0.052734
0 0.481445 0.549805 0.041016 0.044922
0 0.047852 0.948242 0.052734 0.044922
1 0.415039 0.815430 0.150391 0.224609
1 0.757812 0.319336 0.160156 0.248047
1 0.496094 0.371094 0.191406 0.273438
1 0.173828 0.728516 0.164062 0.261719
1 0.855469 0.731445 0.226562 0.251953
1 0.176758 0.302734 0.166016 0.140625