0 0.879297 0.485417 0.024219 0.043056
0 0.675391 0.201389 0.022656 0.050000
0 0.638281 0.130556 0.026562 0.041667
0 0.835156 0.765278 0.020313 0.025000
0 0.180078 0.831944 0.017969 0.030556
0 0.543750 0.712500 0.017188 0.050000
0 0.044531 0.198611 0.018750 0.050000
0 0.560937 0.138889 0.018750 0.038889
0 0.819531 0.286111 0.015625 0.050000
0 0.022266 0.370833 0.024219 0.036111
0 0.043359 0.527083 0.017969 0.048611
0 0.475781 0.054167 0.025000 0.050000
0 0.833594 0.465972 0.018750 0.026389
0 0.586328 0.653472 0.016406 0.029167
0 0.098437 0.045833 0.017188 0.033333
0 0.509375 0.581944 0.015625 0.038889
0 0.110156 0.469444 0.018750 0.050000
0 0.834375 0.608333 0.017188 0.041667
0 0.487500 0.709722 0.018750 0.044444
0 0.264453 0.959722 0.021094 0.033333
0 0.607812 0.929167 0.028125 0.044444
0 0.633594 0.076389 0.017188 0.038889
0 0.515234 0.711806 0.024219 0.043056
0 0.930859 0.480556 0.022656 0.027778
0 0.307812 0.231944 0.026562 0.030556
0 0.101172 0.416667 0.014844 0.036111
0 0.027734 0.293750 0.016406 0.026389
0 0.348047 0.172917 0.017969 0.037500
0 0.950000 0.420833 0.018750 0.044444
0 0.696875 0.042361 0.020313 0.045833
0 0.357031 0.509028 0.025000 0.045833
0 0.358203 0.116667 0.024219 0.047222
0 0.475000 0.161806 0.017188 0.034722
0 0.349219 0.219444 0.018750 0.041667
0 0.183984 0.788889 0.017969 0.038889
0 0.459766 0.619444 0.017969 0.027778
0 0.102344 0.219444 0.017188 0.041667
0 0.220703 0.322222 0.027344 0.038889
0 0.855859 0.551389 0.016406 0.027778
0 0.159375 0.292361 0.015625 0.040278
0 0.050781 0.313889 0.021875 0.047222
0 0.721484 0.964583 0.025781 0.034722
0 0.370312 0.171528 0.017188 0.026389
0 0.391797 0.209028 0.022656 0.037500
0 0.509766 0.095833 0.027344 0.047222
0 0.028906 0.627778 0.025000 0.027778
0 0.388281 0.502083 0.021875 0.040278
0 0.128125 0.298611 0.025000 0.025000
0 0.087891 0.339583 0.016406 0.026389
0 0.541016 0.251389 0.017969 0.044444
0 0.484375 0.231250 0.015625 0.048611
0 0.150781 0.736111 0.023438 0.025000
0 0.307812 0.170833 0.018750 0.038889
0 0.885156 0.699306 0.028125 0.045833
0 0.974609 0.705556 0.017969 0.027778
0 0.393359 0.556944 0.021094 0.025000
0 0.067187 0.370139 0.018750 0.043056
0 0.219141 0.946528 0.025781 0.040278
0 0.324609 0.036806 0.024219 0.034722
0 0.410547 0.110417 0.027344 0.037500
0 0.427344 0.548611 0.018750 0.030556
0 0.347656 0.759028 0.023438 0.043056
0 0.041406 0.058333 0.025000 0.047222
0 0.526172 0.642361 0.019531 0.037500
0 0.104688 0.938194 0.028125 0.029167
0 0.703125 0.876389 0.023438 0.033333
0 0.094531 0.700694 0.015625 0.034722
0 0.170313 0.881250 0.014063 0.026389
0 0.569531 0.784028 0.021875 0.031944
0 0.054688 0.709028 0.028125 0.034722
0 0.560937 0.571528 0.020313 0.029167
0 0.041016 0.581944 0.019531 0.047222
0 0.887500 0.417361 0.014063 0.031944
0 0.820312 0.663889 0.017188 0.036111
0 0.965234 0.659028 0.025781 0.034722
0 0.691016 0.119444 0.014844 0.027778
0 0.969141 0.886806 0.017969 0.037500
0 0.316016 0.938889 0.022656 0.030556
0 0.419531 0.073611 0.020313 0.025000
0 0.090625 0.763889 0.015625 0.050000
0 0.057813 0.923611 0.028125 0.041667
0 0.753125 0.909722 0.028125 0.033333
0 0.373437 0.918056 0.028125 0.041667
0 0.187891 0.720833 0.017969 0.041667
1 0.525781 0.421528 0.159375 0.243056
1 0.243359 0.519444 0.105469 0.297222
1 0.716406 0.372917 0.154688 0.229167
1 0.714063 0.693750 0.164062 0.301389
1 0.485547 0.870833 0.130469 0.172222
1 0.909375 0.249306 0.104688 0.240278
1 0.903906 0.859028 0.100000 0.176389
1 0.261328 0.806250 0.111719 0.215278
1 0.199609 0.154167 0.167969 0.177778
1 0.368750 0.372222 0.104688 0.177778