0 0.966797 0.941667 0.017969 0.050000
0 0.833203 0.242361 0.027344 0.045833
0 0.041797 0.926389 0.019531 0.047222
0 0.296094 0.547222 0.021875 0.047222
0 0.739844 0.042361 0.028125 0.034722
0 0.325000 0.227778 0.017188 0.050000
0 0.842969 0.504167 0.021875 0.025000
0 0.878906 0.051389 0.017188 0.036111
0 0.516797 0.280556 0.024219 0.027778
0 0.161719 0.920139 0.025000 0.045833
0 0.327344 0.363194 0.020313 0.031944
0 0.242969 0.117361 0.021875 0.031944
0 0.173437 0.073611 0.018750 0.036111
0 0.252344 0.863889 0.018750 0.041667
0 0.398828 0.686806 0.021094 0.029167
0 0.133594 0.147222 0.025000 0.050000
0 0.042188 0.240972 0.017188 0.034722
0 0.081250 0.881944 0.028125 0.030556
0 0.360156 0.886111 0.023438 0.050000
0 0.897656 0.152778 0.023438 0.027778
0 0.299609 0.893750 0.025781 0.034722
0 0.068359 0.175694 0.024219 0.034722
0 0.973047 0.872917 0.014844 0.029167
0 0.226562 0.863889 0.026562 0.044444
0 0.944531 0.568056 0.026562 0.047222
0 0.478906 0.048611 0.017188 0.038889
0 0.692187 0.893750 0.018750 0.034722
0 0.274219 0.063889 0.021875 0.047222
0 0.858594 0.462500 0.026562 0.033333
0 0.132031 0.916667 0.020313 0.033333
0 0.657813 0.122222 0.018750 0.025000
0 0.959375 0.125694 0.017188 0.034722
0 0.402344 0.754167 0.015625 0.047222
0 0.804688 0.429861 0.026562 0.048611
0 0.355469 0.962500 0.017188 0.025000
0 0.228906 0.938889 0.021875 0.030556
0 0.278906 0.190278 0.018750 0.038889
0 0.713672 0.925000 0.017969 0.033333
0 0.092969 0.579861 0.026562 0.048611
0 0.663281 0.034028 0.020313 0.026389
0 0.666797 0.909028 0.014844 0.045833
0 0.656641 0.825000 0.019531 0.027778
0 0.919531 0.959028 0.021875 0.037500
0 0.612891 0.111806 0.017969 0.037500
0 0.579297 0.206250 0.024219 0.045833
0 0.798828 0.918750 0.017969 0.037500
0 0.429688 0.903472 0.021875 0.043056
0 0.926562 0.111111 0.028125 0.038889
0 0.730078 0.145833 0.027344 0.038889
0 0.637109 0.953472 0.022656 0.034722
0 0.057031 0.059722 0.026562 0.038889
0 0.806250 0.511111 0.025000 0.030556
0 0.822266 0.052083 0.024219 0.037500
0 0.346484 0.479167 0.022656 0.025000
0 0.107031 0.497222 0.014063 0.047222
0 0.382812 0.421528 0.014063 0.029167
0 0.317969 0.954167 0.028125 0.030556
0 0.584766 0.941667 0.027344 0.036111
0 0.110547 0.298611 0.017969 0.044444
0 0.685156 0.122222 0.017188 0.041667
0 0.827344 0.120139 0.014063 0.026389
0 0.878906 0.629861 0.020313 0.037500
0 0.087109 0.245139 0.024219 0.029167
0 0.342187 0.431944 0.018750 0.036111
0 0.095312 0.352083 0.018750 0.048611
0 0.024219 0.844444 0.023438 0.025000
0 0.402344 0.606250 0.014063 0.026389
0 0.608984 0.195139 0.019531 0.045833
0 0.882812 0.096528 0.015625 0.026389
0 0.102344 0.134028 0.025000 0.045833
0 0.450000 0.953472 0.018750 0.029167
0 0.572656 0.273611 0.014063 0.050000
0 0.304688 0.136806 0.014063 0.045833
0 0.370312 0.317361 0.015625 0.031944
0 0.680469 0.815972 0.014063 0.048611
0 0.387891 0.038889 0.024219 0.041667
0 0.029297 0.356944 0.019531 0.033333
0 0.877734 0.569444 0.021094 0.036111
0 0.773438 0.110417 0.028125 0.026389
0 0.921484 0.643056 0.024219 0.025000
0 0.535156 0.159722 0.020313 0.044444
0 0.820312 0.302778 0.018750 0.025000
0 0.404687 0.890972 0.018750 0.037500
0 0.961328 0.640972 0.016406 0.037500
0 0.293359 0.853472 0.016406 0.026389
0 0.073047 0.947917 0.025781 0.040278
0 0.931641 0.902083 0.016406 0.043056
0 0.202344 0.068056 0.014063 0.038889
0 0.173828 0.215278 0.014844 0.030556
0 0.286328 0.955556 0.025781 0.036111
0 0.223047 0.179167 0.025781 0.036111
0 0.282813 0.431250 0.017188 0.048611
0 0.196094 0.906944 0.018750 0.044444
0 0.346875 0.565278 0.026562 0.033333
0 0.947266 0.034028 0.025781 0.031944
0 0.372656 0.808333 0.017188 0.050000
0 0.832031 0.913889 0.014063 0.025000
0 0.414062 0.811111 0.014063 0.044444
0 0.508203 0.236806 0.021094 0.045833
1 0.472656 0.438194 0.151562 0.243056
1 0.196875 0.399306 0.140625 0.304167
1 0.246094 0.700000 0.159375 0.213889
1 0.828906 0.775000 0.162500 0.219444
1 0.705469 0.321528 0.160938 0.273611
1 0.525781 0.729167 0.148438 0.288889
1 0.917188 0.325694 0.110937 0.215278
1 0.410938 0.167361 0.142187 0.179167
1 0.675391 0.618750 0.105469 0.262500
1 0.092578 0.727778 0.099219 0.230556