0 0.429688 0.630556 0.026562 0.030556
0 0.352734 0.073611 0.017969 0.041667
0 0.550781 0.081944 0.023438 0.030556
0 0.673438 0.842361 0.015625 0.031944
0 0.202734 0.860417 0.022656 0.048611
0 0.164453 0.053472 0.019531 0.029167
0 0.806641 0.333333 0.021094 0.047222
0 0.755859 0.854167 0.022656 0.027778
0 0.373828 0.277083 0.021094 0.029167
0 0.626172 0.786111 0.017969 0.038889
0 0.559375 0.386111 0.014063 0.041667
0 0.950391 0.052778 0.017969 0.030556
0 0.707031 0.744444 0.021875 0.025000
0 0.520703 0.829167 0.022656 0.033333
0 0.505859 0.779167 0.025781 0.050000
0 0.929297 0.270833 0.017969 0.038889
0 0.511328 0.945833 0.027344 0.044444
0 0.800781 0.555556 0.020313 0.025000
0 0.768750 0.770833 0.026562 0.047222
0 0.550781 0.800000 0.023438 0.025000
0 0.397266 0.550694 0.017969 0.048611
0 0.550391 0.761806 0.017969 0.034722
0 0.607031 0.068056 0.015625 0.041667
0 0.904687 0.900694 0.015625 0.048611
0 0.658203 0.969444 0.024219 0.025000
0 0.471484 0.745139 0.027344 0.029167
0 0.162500 0.680556 0.028125 0.036111
0 0.580469 0.831250 0.018750 0.037500
0 0.179297 0.743056 0.025781 0.033333
0 0.696094 0.420139 0.020313 0.048611
0 0.553906 0.300000 0.017188 0.025000
0 0.155469 0.915278 0.021875 0.030556
0 0.952734 0.217361 0.016406 0.026389
0 0.694141 0.797917 0.019531 0.045833
0 0.019922 0.443750 0.016406 0.045833
0 0.750391 0.604167 0.022656 0.036111
0 0.956641 0.122222 0.014844 0.044444
0 0.036719 0.213194 0.018750 0.031944
0 0.080469 0.372917 0.014063 0.043056
0 0.414453 0.209722 0.024219 0.025000
0 0.378906 0.615278 0.015625 0.036111
0 0.429297 0.047917 0.027344 0.037500
0 0.478906 0.081250 0.025000 0.034722
0 0.262500 0.519444 0.020313 0.047222
0 0.225391 0.766667 0.016406 0.030556
0 0.272266 0.656944 0.017969 0.033333
0 0.736719 0.697222 0.014063 0.047222
0 0.878906 0.927083 0.015625 0.045833
0 0.910547 0.337500 0.024219 0.044444
0 0.933594 0.779861 0.017188 0.031944
0 0.594531 0.710417 0.018750 0.034722
0 0.628516 0.029861 0.014844 0.026389
0 0.658984 0.718750 0.025781 0.031944
0 0.196484 0.964583 0.019531 0.031944
0 0.663281 0.476389 0.023438 0.025000
0 0.389062 0.150694 0.028125 0.031944
0 0.223438 0.471528 0.028125 0.031944
0 0.098047 0.304861 0.017969 0.026389
0 0.922656 0.392361 0.028125 0.034722
0 0.139063 0.870139 0.014063 0.043056
0 0.635156 0.733333 0.015625 0.036111
0 0.276562 0.871528 0.025000 0.031944
0 0.939063 0.832639 0.018750 0.026389
0 0.824219 0.729861 0.014063 0.048611
0 0.466797 0.690972 0.016406 0.040278
0 0.700781 0.664583 0.017188 0.026389
0 0.328125 0.576389 0.015625 0.038889
0 0.021875 0.137500 0.014063 0.044444
0 0.733984 0.780556 0.024219 0.044444
0 0.050391 0.097222 0.017969 0.025000
0 0.085938 0.122917 0.021875 0.048611
0 0.037109 0.502083 0.016406 0.048611
0 0.094141 0.522222 0.022656 0.025000
1 0.092969 0.727083 0.096875 0.223611
1 0.653516 0.265972 0.138281 0.240278
1 0.382812 0.420833 0.162500 0.194444
1 0.373437 0.809722 0.121875 0.230556
1 0.919922 0.581250 0.111719 0.168056
1 0.235156 0.202778 0.098437 0.227778
1 0.878125 0.140278 0.104688 0.166667