0 0.849219 0.208333 0.014063 0.047222
0 0.159375 0.878472 0.025000 0.034722
0 0.487500 0.928472 0.018750 0.029167
0 0.740234 0.665972 0.016406 0.029167
0 0.916406 0.472222 0.028125 0.047222
0 0.844531 0.836806 0.023438 0.034722
0 0.769141 0.069444 0.016406 0.025000
0 0.735156 0.420139 0.026562 0.048611
0 0.085547 0.969444 0.014844 0.027778
0 0.378125 0.118056 0.023438 0.025000
0 0.123047 0.090972 0.022656 0.029167
0 0.188672 0.848611 0.022656 0.038889
0 0.301172 0.638194 0.027344 0.031944
0 0.246484 0.838889 0.024219 0.038889
0 0.964453 0.479167 0.021094 0.050000
0 0.973047 0.075694 0.022656 0.045833
0 0.471875 0.346528 0.014063 0.040278
0 0.230859 0.697222 0.021094 0.038889
0 0.332031 0.831944 0.026562 0.036111
0 0.735938 0.948611 0.021875 0.044444
0 0.388672 0.598611 0.017969 0.025000
0 0.431641 0.048611 0.025781 0.027778
0 0.739062 0.304167 0.025000 0.047222
0 0.907422 0.610417 0.017969 0.026389
0 0.445312 0.089583 0.015625 0.026389
0 0.800781 0.107639 0.017188 0.029167
0 0.135937 0.811111 0.018750 0.047222
0 0.414844 0.447917 0.021875 0.034722
0 0.822656 0.793750 0.026562 0.029167
0 0.377344 0.800694 0.018750 0.031944
0 0.244922 0.600000 0.022656 0.030556
0 0.182031 0.150000 0.014063 0.041667
0 0.912109 0.522917 0.016406 0.037500
0 0.924609 0.745833 0.025781 0.047222
0 0.243750 0.154861 0.023438 0.040278
0 0.717187 0.125000 0.018750 0.036111
0 0.937891 0.653472 0.014844 0.048611
0 0.783594 0.816667 0.028125 0.047222
0 0.941016 0.340278 0.024219 0.050000
0 0.031250 0.052083 0.017188 0.029167
0 0.315625 0.566667 0.023438 0.027778
0 0.934766 0.856944 0.024219 0.038889
0 0.895703 0.815972 0.024219 0.043056
0 0.297266 0.729861 0.017969 0.029167
0 0.770703 0.116667 0.014844 0.033333
0 0.132031 0.162500 0.023438 0.041667
0 0.101562 0.422222 0.015625 0.030556
0 0.569922 0.117361 0.025781 0.031944
0 0.928516 0.161806 0.021094 0.031944
0 0.640625 0.145833 0.017188 0.030556
0 0.904687 0.907639 0.015625 0.031944
0 0.969531 0.331944 0.015625 0.044444
0 0.657422 0.881250 0.017969 0.037500
0 0.376172 0.647222 0.027344 0.025000
0 0.554688 0.065278 0.025000 0.041667
0 0.332422 0.614583 0.021094 0.048611
0 0.050000 0.793056 0.025000 0.050000
0 0.798047 0.259028 0.019531 0.040278
0 0.351562 0.104861 0.017188 0.048611
0 0.223047 0.781250 0.014844 0.045833
0 0.157422 0.789583 0.016406 0.045833
0 0.253125 0.542361 0.023438 0.031944
0 0.050781 0.096528 0.018750 0.034722
0 0.948438 0.252778 0.021875 0.033333
0 0.954297 0.811111 0.016406 0.036111
0 0.308594 0.886111 0.017188 0.030556
0 0.872266 0.055556 0.017969 0.036111
0 0.339844 0.690278 0.018750 0.041667
0 0.657813 0.063889 0.015625 0.025000
0 0.687500 0.207639 0.026562 0.026389
0 0.924219 0.567361 0.021875 0.026389
0 0.682813 0.275694 0.023438 0.048611
0 0.773438 0.199306 0.025000 0.043056
0 0.023047 0.243750 0.014844 0.034722
0 0.675781 0.104861 0.020313 0.045833
0 0.580859 0.033333 0.014844 0.027778
0 0.905859 0.865972 0.019531 0.029167
0 0.403516 0.109028 0.014844 0.031944
0 0.951953 0.740278 0.016406 0.033333
0 0.077344 0.137500 0.021875 0.025000
0 0.951562 0.199306 0.018750 0.048611
0 0.351562 0.043750 0.023438 0.031944
0 0.860156 0.121528 0.025000 0.034722
0 0.027344 0.330556 0.020313 0.030556
0 0.830469 0.302778 0.026562 0.038889
0 0.736719 0.200000 0.028125 0.050000
0 0.872656 0.966667 0.015625 0.025000
0 0.902344 0.052083 0.023438 0.037500
0 0.951172 0.422917 0.021094 0.029167
0 0.713672 0.353472 0.022656 0.040278
0 0.100000 0.838889 0.025000 0.025000
1 0.121875 0.298611 0.150000 0.169444
1 0.398047 0.278472 0.094531 0.254167
1 0.817969 0.554167 0.120313 0.216667
1 0.479687 0.782639 0.167187 0.240278
1 0.566016 0.302778 0.164844 0.233333
1 0.109766 0.601389 0.158594 0.275000
1 0.652734 0.697222 0.121094 0.288889