0 0.640234 0.068056 0.019531 0.030556
0 0.894531 0.572917 0.018750 0.029167
0 0.744922 0.390278 0.016406 0.030556
0 0.578906 0.176389 0.017188 0.027778
0 0.407031 0.511111 0.028125 0.050000
0 0.021875 0.289583 0.025000 0.029167
0 0.701562 0.536111 0.014063 0.025000
0 0.880859 0.611111 0.014844 0.036111
0 0.670312 0.890972 0.023438 0.031944
0 0.441016 0.784028 0.024219 0.031944
0 0.039062 0.190278 0.020313 0.025000
0 0.437500 0.682639 0.021875 0.026389
0 0.073047 0.098611 0.024219 0.050000
0 0.951562 0.416667 0.014063 0.030556
0 0.470703 0.345139 0.016406 0.026389
0 0.687500 0.827778 0.025000 0.050000
0 0.974219 0.677083 0.017188 0.026389
0 0.257031 0.951389 0.023438 0.025000
0 0.773047 0.151389 0.024219 0.033333
0 0.491406 0.658333 0.021875 0.050000
0 0.436328 0.563889 0.025781 0.033333
0 0.732422 0.540278 0.027344 0.044444
0 0.966406 0.283333 0.023438 0.038889
0 0.431641 0.911111 0.017969 0.027778
0 0.675391 0.275000 0.017969 0.027778
0 0.448047 0.343750 0.016406 0.037500
0 0.446094 0.825000 0.023438 0.025000
0 0.733594 0.431944 0.021875 0.033333
0 0.646484 0.132639 0.025781 0.029167
0 0.660937 0.604861 0.028125 0.031944
0 0.058594 0.834028 0.026562 0.043056
0 0.716797 0.388194 0.016406 0.037500
0 0.898828 0.286111 0.027344 0.036111
0 0.721094 0.245833 0.021875 0.044444
0 0.192188 0.138889 0.023438 0.027778
0 0.572266 0.666667 0.016406 0.027778
0 0.789453 0.893056 0.016406 0.036111
0 0.608594 0.188194 0.021875 0.029167
0 0.196875 0.190972 0.017188 0.034722
0 0.759375 0.733333 0.014063 0.036111
0 0.856250 0.931944 0.017188 0.033333
0 0.146094 0.681250 0.014063 0.029167
0 0.815625 0.152778 0.021875 0.044444
0 0.978516 0.596528 0.024219 0.037500
0 0.250391 0.051389 0.024219 0.044444
0 0.078125 0.185417 0.023438 0.045833
0 0.033203 0.862500 0.014844 0.038889
0 0.435547 0.193750 0.024219 0.048611
0 0.476953 0.232639 0.024219 0.029167
0 0.701172 0.320833 0.021094 0.030556
0 0.044922 0.142361 0.016406 0.040278
0 0.156250 0.045833 0.014063 0.044444
0 0.713672 0.750000 0.021094 0.036111
0 0.034375 0.091667 0.014063 0.047222
0 0.964453 0.349306 0.022656 0.048611
0 0.773438 0.106944 0.015625 0.041667
0 0.151562 0.212500 0.020313 0.050000
0 0.721875 0.150694 0.025000 0.048611
0 0.749609 0.273611 0.022656 0.025000
0 0.898438 0.407639 0.028125 0.045833
0 0.735547 0.811806 0.021094 0.048611
0 0.583594 0.048611 0.023438 0.038889
0 0.087109 0.762500 0.019531 0.047222
0 0.489063 0.403472 0.025000 0.034722
0 0.924609 0.634028 0.019531 0.045833
0 0.785156 0.695139 0.020313 0.040278
0 0.111719 0.206250 0.028125 0.037500
0 0.948828 0.586806 0.014844 0.034722
0 0.411328 0.654861 0.021094 0.037500
0 0.066406 0.258333 0.025000 0.050000
0 0.586328 0.602083 0.016406 0.031944
0 0.398438 0.425694 0.021875 0.029167
0 0.186719 0.938889 0.023438 0.036111
0 0.410938 0.381250 0.020313 0.034722
0 0.672656 0.044444 0.020313 0.027778
0 0.271875 0.180556 0.023438 0.036111
0 0.675781 0.114583 0.017188 0.031944
0 0.101953 0.313889 0.027344 0.033333
0 0.571484 0.210417 0.017969 0.029167
0 0.687891 0.396528 0.024219 0.029167
0 0.966016 0.162500 0.017969 0.027778
0 0.712500 0.694444 0.021875 0.044444
0 0.759766 0.605556 0.019531 0.038889
0 0.537500 0.551389 0.028125 0.027778
0 0.930469 0.361111 0.017188 0.041667
0 0.512891 0.586111 0.014844 0.030556
0 0.626172 0.541667 0.016406 0.027778
0 0.891406 0.164583 0.017188 0.045833
0 0.842187 0.520139 0.025000 0.043056
0 0.935156 0.315278 0.018750 0.036111
0 0.675781 0.657639 0.025000 0.045833
0 0.254688 0.114583 0.014063 0.034722
0 0.845703 0.128472 0.027344 0.031944
0 0.857031 0.623611 0.014063 0.050000
0 0.030469 0.647917 0.014063 0.040278
0 0.811719 0.847917 0.017188 0.037500
0 0.931250 0.176389 0.025000 0.047222
0 0.908984 0.900000 0.025781 0.041667
1 0.582812 0.373611 0.145313 0.272222
1 0.542188 0.818750 0.125000 0.234722
1 0.177734 0.806250 0.147656 0.195833
1 0.817969 0.348611 0.103125 0.280556
1 0.300781 0.459028 0.103125 0.287500
1 0.354687 0.187500 0.121875 0.197222
1 0.892578 0.771528 0.132031 0.170833
1 0.121484 0.501389 0.158594 0.241667
1 0.346875 0.813194 0.117188 0.181944