0 0.362305 0.471680 0.041016 0.056641
0 0.871094 0.165039 0.042969 0.048828
0 0.540039 0.614258 0.037109 0.056641
0 0.735352 0.953125 0.033203 0.058594
0 0.723633 0.557617 0.033203 0.041016
0 0.887695 0.279297 0.056641 0.058594
0 0.098633 0.546875 0.037109 0.035156
0 0.958008 0.081055 0.052734 0.041016
0 0.785156 0.952148 0.031250 0.037109
0 0.048828 0.086914 0.058594 0.041016
0 0.214844 0.701172 0.058594 0.050781
0 0.597656 0.530273 0.050781 0.048828
0 0.682617 0.068359 0.044922 0.054688
0 0.935547 0.151367 0.035156 0.041016
0 0.583984 0.168945 0.039062 0.052734
0 0.113281 0.596680 0.035156 0.041016
0 0.204102 0.055664 0.037109 0.037109
0 0.416992 0.034180 0.033203 0.033203
0 0.865234 0.433594 0.054688 0.054688
0 0.587891 0.408203 0.054688 0.050781
0 0.752930 0.418945 0.033203 0.041016
0 0.525391 0.553711 0.039062 0.037109
0 0.418945 0.664062 0.033203 0.050781
0 0.662109 0.409180 0.042969 0.033203
0 0.800781 0.090820 0.031250 0.041016
0 0.427734 0.580078 0.035156 0.058594
0 0.243164 0.858398 0.033203 0.048828
0 0.728516 0.154297 0.058594 0.035156
0 0.874023 0.901367 0.033203 0.052734
0 0.095703 0.468750 0.039062 0.031250
0 0.952148 0.312500 0.033203 0.058594
0 0.929688 0.538086 0.039062 0.041016
0 0.048828 0.401367 0.035156 0.052734
0 0.363281 0.366211 0.046875 0.056641
1 0.911133 0.706055 0.138672 0.248047
1 0.238281 0.525391 0.171875 0.273438
1 0.473633 0.431641 0.158203 0.136719
1 0.458008 0.173828 0.169922 0.226562
1 0.749023 0.272461 0.177734 0.146484
1 0.109375 0.848633 0.152344 0.220703
1 0.416992 0.833008 0.255859 0.259766
1 0.152344 0.219727 0.273438 0.205078
1 0.702148 0.744141 0.224609 0.273438