0 0.103516 0.845703 0.042969 0.046875
0 0.114258 0.131836 0.037109 0.037109
0 0.926758 0.513672 0.052734 0.054688
0 0.335938 0.129883 0.042969 0.052734
0 0.041016 0.623047 0.031250 0.031250
0 0.781250 0.124023 0.042969 0.048828
0 0.893555 0.362305 0.052734 0.052734
0 0.750977 0.042969 0.052734 0.042969
0 0.322266 0.309570 0.031250 0.037109
0 0.769531 0.257812 0.058594 0.042969
0 0.707031 0.456055 0.058594 0.037109
0 0.827148 0.067383 0.056641 0.037109
0 0.799805 0.207031 0.056641 0.039062
0 0.746094 0.353516 0.054688 0.039062
0 0.167969 0.741211 0.031250 0.037109
0 0.247070 0.103516 0.056641 0.042969
0 0.550781 0.053711 0.031250 0.052734
0 0.557617 0.449219 0.037109 0.050781
0 0.508789 0.453125 0.037109 0.039062
0 0.791016 0.921875 0.054688 0.031250
0 0.380859 0.675781 0.031250 0.035156
0 0.242188 0.398438 0.031250 0.058594
0 0.366211 0.248047 0.037109 0.054688
0 0.816406 0.307617 0.054688 0.041016
0 0.796875 0.458984 0.035156 0.035156
0 0.055664 0.083984 0.048828 0.039062
0 0.945312 0.199219 0.054688 0.031250
0 0.819336 0.370117 0.037109 0.056641
0 0.908203 0.138672 0.050781 0.042969
0 0.041016 0.751953 0.042969 0.046875
0 0.040039 0.449219 0.033203 0.050781
0 0.745117 0.548828 0.052734 0.054688
0 0.386719 0.402344 0.031250 0.035156
0 0.042969 0.799805 0.042969 0.033203
0 0.163086 0.083008 0.033203 0.037109
0 0.386719 0.158203 0.031250 0.046875
0 0.885742 0.935547 0.052734 0.058594
0 0.831055 0.143555 0.033203 0.048828
1 0.581055 0.792969 0.267578 0.160156
1 0.528320 0.591797 0.248047 0.195312
1 0.162109 0.257812 0.218750 0.187500
1 0.558594 0.263672 0.269531 0.269531
1 0.867188 0.736328 0.226562 0.253906
1 0.307617 0.853516 0.169922 0.250000
1 0.221680 0.571289 0.271484 0.244141