0 0.329297 0.893056 0.016406 0.036111
0 0.830859 0.882639 0.025781 0.043056
0 0.379688 0.298611 0.023438 0.044444
0 0.973437 0.149306 0.028125 0.034722
0 0.976953 0.967361 0.017969 0.026389
0 0.721484 0.540972 0.017969 0.043056
0 0.145313 0.891667 0.014063 0.038889
0 0.433594 0.158333 0.023438 0.041667
0 0.081250 0.061111 0.025000 0.030556
0 0.378516 0.201389 0.017969 0.030556
0 0.341016 0.410417 0.024219 0.048611
0 0.223438 0.747222 0.021875 0.025000
0 0.473438 0.170833 0.017188 0.030556
0 0.901172 0.081944 0.025781 0.025000
0 0.818359 0.459722 0.019531 0.025000
0 0.093359 0.100694 0.021094 0.026389
0 0.391406 0.766667 0.018750 0.038889
0 0.023047 0.130556 0.014844 0.047222
0 0.341797 0.092361 0.024219 0.040278
0 0.789062 0.835417 0.014063 0.037500
0 0.626172 0.937500 0.017969 0.050000
0 0.588281 0.088889 0.028125 0.030556
0 0.442969 0.876389 0.025000 0.050000
0 0.453516 0.061111 0.014844 0.036111
0 0.162109 0.059722 0.025781 0.041667
0 0.022656 0.654167 0.025000 0.025000
0 0.861328 0.912500 0.027344 0.044444
0 0.922656 0.860417 0.026562 0.037500
0 0.067187 0.172222 0.021875 0.027778
0 0.312891 0.054167 0.022656 0.047222
0 0.021875 0.234722 0.014063 0.050000
0 0.114844 0.910417 0.014063 0.040278
0 0.669922 0.656250 0.025781 0.043056
0 0.187500 0.955556 0.014063 0.050000
0 0.165625 0.888889 0.018750 0.038889
0 0.979297 0.361111 0.016406 0.044444
0 0.140234 0.161111 0.027344 0.036111
0 0.024219 0.825694 0.017188 0.045833
0 0.858594 0.429861 0.026562 0.045833
0 0.643359 0.502778 0.019531 0.038889
0 0.302734 0.477778 0.022656 0.047222
0 0.576562 0.173611 0.028125 0.047222
0 0.977344 0.557639 0.025000 0.029167
0 0.393750 0.072917 0.023438 0.048611
0 0.070703 0.959722 0.022656 0.038889
0 0.289453 0.672917 0.027344 0.034722
0 0.386328 0.926389 0.021094 0.027778
0 0.898047 0.525000 0.019531 0.025000
0 0.259766 0.354167 0.016406 0.041667
0 0.547656 0.130556 0.015625 0.025000
0 0.847266 0.085417 0.021094 0.026389
0 0.397656 0.416667 0.018750 0.030556
0 0.519531 0.880556 0.020313 0.050000
0 0.321484 0.567361 0.025781 0.040278
0 0.904297 0.481944 0.019531 0.038889
0 0.967969 0.756944 0.026562 0.033333
0 0.217188 0.417361 0.017188 0.040278
0 0.251172 0.410417 0.019531 0.048611
0 0.050391 0.829167 0.022656 0.047222
0 0.484375 0.934028 0.020313 0.045833
0 0.970313 0.896528 0.026562 0.045833
0 0.352734 0.361111 0.019531 0.027778
0 0.381250 0.471528 0.023438 0.031944
0 0.766016 0.065278 0.021094 0.036111
0 0.955859 0.036111 0.022656 0.036111
0 0.828906 0.802778 0.017188 0.027778
0 0.289844 0.886111 0.014063 0.047222
0 0.214453 0.881944 0.027344 0.027778
0 0.490625 0.815972 0.023438 0.043056
0 0.698047 0.647222 0.024219 0.033333
0 0.423828 0.938194 0.027344 0.037500
0 0.582422 0.604861 0.027344 0.026389
0 0.972656 0.492361 0.021875 0.026389
0 0.191797 0.127778 0.019531 0.041667
0 0.385937 0.870833 0.020313 0.050000
0 0.309766 0.754167 0.022656 0.033333
0 0.891797 0.861111 0.022656 0.047222
0 0.785547 0.742361 0.016406 0.043056
0 0.031250 0.517361 0.017188 0.048611
0 0.275391 0.050000 0.019531 0.027778
0 0.750391 0.834722 0.014844 0.030556
0 0.549609 0.502083 0.021094 0.040278
0 0.886719 0.040972 0.015625 0.037500
0 0.534766 0.675000 0.024219 0.027778
0 0.589063 0.542361 0.025000 0.034722
0 0.755859 0.879861 0.017969 0.034722
0 0.726172 0.599306 0.027344 0.040278
0 0.501172 0.156250 0.014844 0.040278
0 0.748047 0.493750 0.014844 0.040278
0 0.709766 0.492361 0.027344 0.043056
0 0.850781 0.815972 0.018750 0.048611
0 0.501172 0.063889 0.022656 0.047222
0 0.743750 0.931250 0.020313 0.048611
0 0.049219 0.253472 0.021875 0.037500
0 0.788672 0.561111 0.016406 0.025000
0 0.057031 0.106944 0.023438 0.041667
0 0.038281 0.048611 0.018750 0.030556
0 0.264453 0.860417 0.016406 0.026389
0 0.408984 0.368056 0.017969 0.050000
0 0.363281 0.722917 0.017188 0.043056
0 0.028125 0.936806 0.026562 0.040278
0 0.448437 0.829167 0.018750 0.025000
0 0.106250 0.286111 0.017188 0.050000
0 0.408594 0.851389 0.014063 0.030556
0 0.642578 0.627778 0.014844 0.033333
1 0.538672 0.338889 0.158594 0.244444
1 0.118359 0.472222 0.133594 0.302778
1 0.425391 0.604167 0.167969 0.177778
1 0.285547 0.216667 0.144531 0.180556
1 0.637891 0.789583 0.171094 0.168056
1 0.126172 0.755556 0.111719 0.205556
1 0.875000 0.667361 0.146875 0.220833
1 0.703125 0.351389 0.107813 0.186111
1 0.858984 0.243056 0.171094 0.269444