0 0.880859 0.320312 0.039062 0.039062
0 0.593750 0.869141 0.050781 0.046875
0 0.677734 0.117188 0.039062 0.039062
0 0.067383 0.564453 0.041016 0.042969
0 0.226562 0.890625 0.058594 0.031250
0 0.490234 0.095703 0.046875 0.042969
0 0.397461 0.328125 0.044922 0.039062
0 0.405273 0.238281 0.041016 0.039062
0 0.560547 0.098633 0.035156 0.037109
0 0.789062 0.130859 0.042969 0.058594
0 0.583984 0.936523 0.050781 0.037109
0 0.771484 0.299805 0.035156 0.037109
0 0.243164 0.520508 0.052734 0.056641
0 0.433594 0.947266 0.039062 0.035156
0 0.169922 0.542969 0.035156 0.046875
0 0.354492 0.628906 0.056641 0.035156
0 0.501953 0.210938 0.035156 0.058594
0 0.486328 0.290039 0.046875 0.033203
0 0.901367 0.524414 0.033203 0.033203
0 0.096680 0.514648 0.041016 0.041016
0 0.541016 0.777344 0.058594 0.039062
0 0.425781 0.553711 0.035156 0.048828
0 0.099609 0.042969 0.054688 0.035156
0 0.185547 0.155273 0.035156 0.056641
0 0.055664 0.935547 0.044922 0.058594
0 0.944336 0.480469 0.044922 0.031250
0 0.097656 0.233398 0.050781 0.033203
0 0.244141 0.937500 0.042969 0.035156
0 0.291992 0.068359 0.048828 0.054688
0 0.381836 0.444336 0.052734 0.052734
0 0.101562 0.118164 0.046875 0.048828
0 0.809570 0.357422 0.056641 0.050781
0 0.916016 0.115234 0.046875 0.035156
0 0.122070 0.929688 0.052734 0.035156
0 0.486328 0.464844 0.042969 0.050781
0 0.849609 0.077148 0.042969 0.048828
0 0.819336 0.751953 0.056641 0.035156
0 0.343750 0.137695 0.050781 0.052734
0 0.884766 0.207031 0.050781 0.058594
0 0.490234 0.366211 0.039062 0.052734
0 0.343750 0.197266 0.050781 0.031250
0 0.141602 0.834961 0.048828 0.056641
1 0.428711 0.751953 0.138672 0.152344
1 0.650391 0.423828 0.175781 0.140625
1 0.774414 0.867188 0.193359 0.160156
1 0.166992 0.371094 0.267578 0.156250
1 0.696289 0.633789 0.236328 0.150391
1 0.187500 0.708008 0.140625 0.166016