0 0.921484 0.355556 0.024219 0.033333
0 0.516016 0.368750 0.021094 0.034722
0 0.950391 0.850000 0.019531 0.044444
0 0.378125 0.151389 0.026562 0.047222
0 0.195703 0.454861 0.024219 0.029167
0 0.767578 0.640278 0.016406 0.047222
0 0.613281 0.265972 0.014063 0.034722
0 0.473047 0.410417 0.021094 0.029167
0 0.879297 0.800000 0.024219 0.041667
0 0.932031 0.484028 0.017188 0.031944
0 0.473047 0.075000 0.017969 0.033333
0 0.513281 0.424306 0.014063 0.026389
0 0.178125 0.848611 0.017188 0.025000
0 0.935156 0.545833 0.026562 0.033333
0 0.942187 0.236806 0.021875 0.031944
0 0.611719 0.045139 0.020313 0.040278
0 0.972656 0.956250 0.021875 0.037500
0 0.123438 0.311806 0.014063 0.031944
0 0.364063 0.774306 0.014063 0.045833
0 0.389844 0.072222 0.023438 0.050000
0 0.401953 0.375000 0.024219 0.050000
0 0.830469 0.718750 0.025000 0.040278
0 0.655859 0.211111 0.014844 0.050000
0 0.688281 0.297222 0.017188 0.050000
0 0.928125 0.404861 0.018750 0.031944
0 0.051172 0.323611 0.016406 0.027778
0 0.960938 0.764583 0.021875 0.048611
0 0.882422 0.872222 0.016406 0.044444
0 0.155469 0.209722 0.021875 0.036111
0 0.820703 0.776389 0.025781 0.025000
0 0.030859 0.922222 0.021094 0.025000
0 0.233203 0.635417 0.017969 0.040278
0 0.115625 0.845833 0.014063 0.030556
0 0.395313 0.882639 0.018750 0.026389
0 0.927734 0.930556 0.027344 0.025000
0 0.221484 0.292361 0.022656 0.037500
0 0.920312 0.611111 0.023438 0.044444
0 0.058984 0.870833 0.025781 0.025000
0 0.907422 0.281250 0.025781 0.045833
0 0.286719 0.590972 0.017188 0.034722
0 0.370312 0.885417 0.014063 0.037500
0 0.856250 0.926389 0.014063 0.041667
0 0.118750 0.952778 0.014063 0.033333
0 0.181641 0.909028 0.016406 0.034722
0 0.236328 0.059722 0.024219 0.038889
0 0.914844 0.690278 0.017188 0.038889
0 0.194922 0.226389 0.021094 0.044444
0 0.975781 0.216667 0.023438 0.038889
0 0.658594 0.304167 0.025000 0.038889
0 0.783594 0.051389 0.018750 0.027778
0 0.884766 0.227778 0.024219 0.038889
0 0.147266 0.949306 0.017969 0.026389
0 0.792188 0.690278 0.021875 0.050000
0 0.419922 0.770833 0.017969 0.036111
0 0.143359 0.893056 0.027344 0.027778
0 0.936719 0.050694 0.014063 0.029167
0 0.094141 0.293056 0.024219 0.044444
0 0.346094 0.638889 0.018750 0.033333
0 0.213672 0.928472 0.014844 0.034722
0 0.027734 0.097222 0.022656 0.044444
0 0.869141 0.536111 0.014844 0.044444
0 0.966797 0.696528 0.027344 0.048611
0 0.832422 0.036111 0.014844 0.025000
0 0.345703 0.526389 0.019531 0.025000
0 0.316406 0.438194 0.025000 0.031944
0 0.894531 0.337500 0.017188 0.027778
0 0.880859 0.736111 0.027344 0.038889
0 0.040234 0.811111 0.025781 0.036111
0 0.262109 0.531250 0.021094 0.043056
0 0.041797 0.183333 0.024219 0.027778
0 0.834766 0.625694 0.019531 0.037500
0 0.084766 0.902778 0.014844 0.044444
0 0.617969 0.088194 0.015625 0.029167
0 0.886328 0.069444 0.019531 0.027778
0 0.196484 0.101389 0.021094 0.027778
0 0.333594 0.043056 0.014063 0.027778
0 0.623437 0.945139 0.014063 0.026389
0 0.218750 0.347222 0.025000 0.027778
0 0.537500 0.660417 0.015625 0.031944
0 0.339453 0.914583 0.014844 0.040278
0 0.159375 0.293056 0.014063 0.033333
0 0.398828 0.431250 0.014844 0.040278
0 0.305469 0.077083 0.023438 0.045833
1 0.307031 0.274306 0.103125 0.273611
1 0.098828 0.575000 0.142969 0.305556
1 0.435937 0.570139 0.134375 0.220833
1 0.779297 0.470139 0.097656 0.245833
1 0.499609 0.206944 0.153906 0.183333
1 0.722266 0.840278 0.153906 0.233333
1 0.257422 0.788889 0.096094 0.186111
1 0.620703 0.477083 0.163281 0.265278
1 0.498437 0.830556 0.123438 0.230556
1 0.781250 0.187500 0.154688 0.202778