0 0.076172 0.066406 0.050781 0.046875
0 0.093750 0.315430 0.042969 0.056641
0 0.919922 0.164062 0.035156 0.054688
0 0.385742 0.197266 0.037109 0.035156
0 0.743164 0.119141 0.041016 0.039062
0 0.395508 0.797852 0.037109 0.044922
0 0.669922 0.475586 0.039062 0.044922
0 0.101562 0.942383 0.035156 0.033203
0 0.528320 0.836914 0.048828 0.041016
0 0.921875 0.811523 0.031250 0.033203
0 0.178711 0.698242 0.044922 0.037109
0 0.585938 0.874023 0.035156 0.033203
0 0.077148 0.673828 0.056641 0.050781
0 0.506836 0.248047 0.048828 0.042969
0 0.445312 0.629883 0.039062 0.048828
0 0.149414 0.097656 0.037109 0.042969
0 0.515625 0.057617 0.058594 0.056641
0 0.807617 0.900391 0.033203 0.039062
0 0.900391 0.450195 0.042969 0.044922
0 0.518555 0.199219 0.052734 0.031250
0 0.427734 0.884766 0.046875 0.031250
0 0.416016 0.387695 0.035156 0.052734
0 0.530273 0.418945 0.044922 0.052734
0 0.046875 0.754883 0.046875 0.041016
0 0.940430 0.399414 0.056641 0.033203
0 0.796875 0.483398 0.046875 0.056641
0 0.443359 0.473633 0.039062 0.041016
0 0.584961 0.078125 0.033203 0.050781
0 0.720703 0.051758 0.042969 0.044922
0 0.142578 0.575195 0.046875 0.041016
0 0.370117 0.855469 0.044922 0.042969
0 0.419922 0.302734 0.035156 0.035156
0 0.582031 0.508789 0.054688 0.056641
0 0.933594 0.060547 0.058594 0.046875
0 0.564453 0.150391 0.058594 0.039062
0 0.788086 0.813477 0.037109 0.041016
0 0.609375 0.954102 0.039062 0.041016
0 0.688477 0.527344 0.056641 0.031250
0 0.283203 0.032227 0.050781 0.033203
0 0.215820 0.050781 0.048828 0.039062
1 0.229492 0.250977 0.162109 0.146484
1 0.614258 0.690430 0.271484 0.224609
1 0.306641 0.663086 0.183594 0.162109
1 0.772461 0.275391 0.220703 0.234375
1 0.874023 0.691406 0.177734 0.171875
1 0.250000 0.465820 0.265625 0.150391