0 0.160156 0.727539 0.042969 0.041016
0 0.806641 0.228516 0.031250 0.031250
0 0.907227 0.289062 0.048828 0.042969
0 0.321289 0.517578 0.056641 0.046875
0 0.949219 0.695312 0.042969 0.035156
0 0.757812 0.738281 0.058594 0.039062
0 0.836914 0.961914 0.041016 0.037109
0 0.575195 0.627930 0.037109 0.041016
0 0.448242 0.167969 0.056641 0.050781
0 0.380859 0.618164 0.031250 0.041016
0 0.406250 0.084961 0.042969 0.037109
0 0.090820 0.166016 0.033203 0.046875
0 0.122070 0.667969 0.044922 0.058594
0 0.323242 0.265625 0.048828 0.050781
0 0.786133 0.914062 0.033203 0.035156
0 0.637695 0.929688 0.041016 0.050781
0 0.083984 0.731445 0.050781 0.052734
0 0.949219 0.182617 0.058594 0.044922
0 0.600586 0.098633 0.033203 0.048828
0 0.855469 0.451172 0.050781 0.054688
0 0.869141 0.540039 0.031250 0.056641
0 0.198242 0.254883 0.052734 0.033203
0 0.268555 0.588867 0.033203 0.044922
0 0.730469 0.460938 0.058594 0.058594
0 0.940430 0.540039 0.052734 0.048828
0 0.443359 0.733398 0.058594 0.041016
0 0.251953 0.073242 0.042969 0.033203
0 0.695312 0.110352 0.054688 0.033203
0 0.348633 0.731445 0.048828 0.044922
0 0.488281 0.087891 0.042969 0.046875
0 0.933594 0.811523 0.050781 0.033203
0 0.271484 0.686523 0.039062 0.044922
0 0.840820 0.051758 0.041016 0.048828
0 0.358398 0.382812 0.037109 0.031250
0 0.267578 0.252930 0.039062 0.052734
0 0.236328 0.129883 0.042969 0.041016
0 0.612305 0.734375 0.044922 0.035156
0 0.888672 0.666992 0.058594 0.037109
0 0.693359 0.795898 0.042969 0.056641
1 0.636719 0.219727 0.261719 0.166016
1 0.750977 0.590820 0.173828 0.138672
1 0.541016 0.459961 0.191406 0.244141
1 0.223633 0.886719 0.240234 0.148438
1 0.162109 0.454102 0.226562 0.197266
1 0.499023 0.897461 0.212891 0.169922