0 0.523438 0.344727 0.050781 0.056641
0 0.885742 0.203125 0.056641 0.031250
0 0.298828 0.127930 0.039062 0.041016
0 0.122070 0.790039 0.033203 0.056641
0 0.953125 0.134766 0.042969 0.050781
0 0.462891 0.811523 0.039062 0.037109
0 0.825195 0.182617 0.044922 0.056641
0 0.649414 0.091797 0.033203 0.042969
0 0.565430 0.774414 0.033203 0.041016
0 0.691406 0.600586 0.035156 0.037109
0 0.404297 0.780273 0.031250 0.048828
0 0.327148 0.642578 0.056641 0.042969
0 0.929688 0.883789 0.050781 0.052734
0 0.315430 0.765625 0.033203 0.035156
0 0.480469 0.866211 0.035156 0.052734
0 0.682617 0.678711 0.044922 0.048828
0 0.944336 0.335938 0.052734 0.054688
0 0.068359 0.764648 0.031250 0.044922
0 0.447266 0.423828 0.039062 0.054688
0 0.494141 0.500977 0.058594 0.044922
0 0.183594 0.049805 0.058594 0.037109
0 0.947266 0.758789 0.058594 0.052734
0 0.050781 0.060547 0.042969 0.058594
0 0.096680 0.950195 0.044922 0.056641
0 0.427734 0.328125 0.042969 0.046875
0 0.700195 0.811523 0.056641 0.056641
0 0.881836 0.301758 0.033203 0.056641
0 0.738281 0.895508 0.046875 0.037109
0 0.531250 0.248047 0.046875 0.046875
0 0.829102 0.956055 0.033203 0.033203
0 0.691406 0.540039 0.054688 0.052734
0 0.041992 0.892578 0.052734 0.042969
0 0.573242 0.413086 0.033203 0.056641
0 0.379883 0.087891 0.044922 0.050781
0 0.348633 0.382812 0.056641 0.054688
0 0.510742 0.196289 0.052734 0.033203
0 0.765625 0.827148 0.042969 0.033203
0 0.445312 0.150391 0.050781 0.054688
0 0.638672 0.876953 0.035156 0.035156
0 0.268555 0.683594 0.041016 0.058594
0 0.797852 0.345703 0.048828 0.042969
0 0.621094 0.791016 0.058594 0.035156
0 0.074219 0.207031 0.050781 0.042969
1 0.522461 0.623047 0.259766 0.179688
1 0.673828 0.272461 0.136719 0.224609
1 0.255859 0.263672 0.230469 0.136719
1 0.329102 0.903320 0.189453 0.138672
1 0.157227 0.511719 0.193359 0.253906
1 0.857422 0.586914 0.191406 0.232422