0 0.854492 0.839844 0.037109 0.058594
0 0.794922 0.041992 0.050781 0.041016
0 0.375977 0.540039 0.048828 0.033203
0 0.614258 0.584961 0.044922 0.052734
0 0.609375 0.195312 0.042969 0.031250
0 0.549805 0.558594 0.052734 0.054688
0 0.092773 0.321289 0.052734 0.056641
0 0.289062 0.380859 0.031250 0.046875
0 0.797852 0.741211 0.056641 0.044922
0 0.472656 0.828125 0.058594 0.035156
0 0.341797 0.056641 0.054688 0.031250
0 0.321289 0.964844 0.052734 0.035156
0 0.724609 0.172852 0.039062 0.048828
0 0.495117 0.759766 0.048828 0.031250
0 0.127930 0.926758 0.037109 0.037109
0 0.041016 0.626953 0.039062 0.050781
0 0.421875 0.767578 0.039062 0.031250
0 0.235352 0.712891 0.048828 0.050781
0 0.253906 0.140625 0.031250 0.058594
0 0.475586 0.901367 0.052734 0.056641
0 0.572266 0.064453 0.054688 0.042969
0 0.282227 0.264648 0.048828 0.037109
0 0.404297 0.892578 0.054688 0.058594
0 0.234375 0.849609 0.042969 0.042969
0 0.635742 0.436523 0.041016 0.052734
0 0.721680 0.691406 0.056641 0.031250
0 0.904297 0.906250 0.031250 0.050781
0 0.371094 0.116211 0.035156 0.037109
0 0.357422 0.377930 0.042969 0.048828
0 0.701172 0.083984 0.050781 0.046875
0 0.653320 0.507812 0.052734 0.050781
0 0.911133 0.140625 0.041016 0.046875
0 0.643555 0.648438 0.056641 0.054688
0 0.931641 0.050781 0.046875 0.031250
0 0.961914 0.248047 0.044922 0.042969
0 0.249023 0.335938 0.033203 0.035156
0 0.333008 0.904297 0.056641 0.042969
0 0.448242 0.086914 0.041016 0.041016
0 0.542969 0.250977 0.031250 0.056641
0 0.056641 0.677734 0.039062 0.031250
0 0.451172 0.692383 0.031250 0.041016
0 0.659180 0.147461 0.041016 0.037109
1 0.482422 0.411133 0.167969 0.158203
1 0.793945 0.387695 0.248047 0.162109
1 0.850586 0.628906 0.162109 0.156250
1 0.110352 0.810547 0.177734 0.152344
1 0.169922 0.569336 0.164062 0.181641
1 0.106445 0.132812 0.158203 0.175781
1 0.679688 0.856445 0.210938 0.166016