0 0.947266 0.235352 0.058594 0.044922
0 0.063477 0.351562 0.052734 0.035156
0 0.126953 0.916016 0.050781 0.042969
0 0.663086 0.040039 0.048828 0.033203
0 0.662109 0.584961 0.046875 0.052734
0 0.960938 0.175781 0.039062 0.042969
0 0.800781 0.058594 0.042969 0.042969
0 0.267578 0.044922 0.046875 0.058594
0 0.468750 0.061523 0.050781 0.033203
0 0.194336 0.742188 0.044922 0.031250
0 0.057617 0.646484 0.052734 0.031250
0 0.864258 0.940430 0.037109 0.041016
0 0.947266 0.680664 0.031250 0.037109
0 0.592773 0.202148 0.048828 0.056641
0 0.488281 0.329102 0.039062 0.048828
0 0.917969 0.454102 0.042969 0.033203
0 0.839844 0.193359 0.050781 0.031250
0 0.590820 0.487305 0.037109 0.041016
0 0.049805 0.957031 0.052734 0.050781
0 0.067383 0.475586 0.044922 0.044922
0 0.756836 0.166016 0.052734 0.058594
0 0.092773 0.748047 0.052734 0.050781
0 0.255859 0.658203 0.046875 0.046875
0 0.734375 0.951172 0.035156 0.039062
0 0.439453 0.360352 0.035156 0.044922
0 0.250000 0.203125 0.031250 0.046875
0 0.343750 0.356445 0.039062 0.048828
0 0.415039 0.059570 0.041016 0.037109
0 0.729492 0.683594 0.033203 0.042969
0 0.632812 0.310547 0.042969 0.054688
0 0.585938 0.375000 0.031250 0.035156
0 0.906250 0.597656 0.046875 0.042969
0 0.139648 0.651367 0.037109 0.041016
1 0.760742 0.374023 0.197266 0.201172
1 0.424805 0.531250 0.212891 0.250000
1 0.832031 0.831055 0.191406 0.138672
1 0.329102 0.856445 0.197266 0.162109
1 0.111328 0.113281 0.144531 0.164062
1 0.376953 0.209961 0.164062 0.189453
1 0.186523 0.412109 0.162109 0.214844
1 0.564453 0.772461 0.175781 0.142578