0 0.097266 0.733333 0.022656 0.030556
0 0.117578 0.531250 0.022656 0.043056
0 0.448437 0.097917 0.020313 0.043056
0 0.471484 0.113889 0.016406 0.038889
0 0.619531 0.932639 0.018750 0.026389
0 0.962891 0.168750 0.016406 0.031944
0 0.941797 0.720139 0.025781 0.048611
0 0.348438 0.213194 0.020313 0.048611
0 0.279297 0.949306 0.021094 0.040278
0 0.754297 0.365278 0.014844 0.033333
0 0.504297 0.125000 0.021094 0.047222
0 0.822266 0.307639 0.014844 0.029167
0 0.789453 0.088889 0.017969 0.047222
0 0.358984 0.102778 0.022656 0.025000
0 0.634766 0.523611 0.014844 0.050000
0 0.969922 0.901389 0.017969 0.050000
0 0.037500 0.432639 0.017188 0.031944
0 0.186719 0.106250 0.014063 0.045833
0 0.575781 0.934028 0.021875 0.031944
0 0.267188 0.116667 0.020313 0.030556
0 0.664062 0.390278 0.020313 0.038889
0 0.099219 0.807639 0.023438 0.029167
0 0.667969 0.500000 0.025000 0.041667
0 0.917188 0.879861 0.028125 0.029167
0 0.406641 0.222917 0.016406 0.034722
0 0.077734 0.770139 0.021094 0.029167
0 0.042969 0.069444 0.023438 0.033333
0 0.120313 0.041667 0.023438 0.030556
0 0.039453 0.795139 0.024219 0.026389
0 0.789453 0.296528 0.025781 0.048611
0 0.890625 0.681250 0.025000 0.031944
0 0.251953 0.050694 0.022656 0.034722
0 0.721484 0.363194 0.024219 0.034722
0 0.613672 0.190278 0.017969 0.041667
0 0.421484 0.100694 0.014844 0.037500
0 0.032422 0.486806 0.022656 0.045833
0 0.458594 0.852083 0.028125 0.026389
0 0.265234 0.761111 0.021094 0.050000
0 0.887891 0.788889 0.022656 0.038889
0 0.175391 0.725694 0.014844 0.045833
0 0.086328 0.575000 0.021094 0.044444
0 0.042969 0.726389 0.017188 0.047222
0 0.676172 0.736806 0.021094 0.026389
0 0.690625 0.956944 0.025000 0.025000
0 0.534766 0.172917 0.025781 0.040278
0 0.224609 0.602083 0.024219 0.031944
0 0.344531 0.962500 0.025000 0.033333
0 0.144141 0.608333 0.016406 0.033333
0 0.505469 0.900694 0.025000 0.043056
0 0.464453 0.820833 0.019531 0.025000
0 0.067969 0.837500 0.018750 0.044444
0 0.883594 0.625694 0.021875 0.031944
0 0.473438 0.513889 0.017188 0.027778
0 0.501172 0.058333 0.017969 0.027778
0 0.089063 0.952083 0.014063 0.037500
0 0.150391 0.431944 0.017969 0.036111
0 0.192969 0.952778 0.025000 0.027778
0 0.575000 0.115972 0.018750 0.031944
0 0.967187 0.338889 0.014063 0.044444
0 0.489844 0.190972 0.014063 0.029167
0 0.107422 0.202778 0.024219 0.050000
0 0.954297 0.618750 0.022656 0.034722
0 0.170313 0.207639 0.017188 0.048611
0 0.151172 0.372917 0.022656 0.026389
0 0.587109 0.043750 0.014844 0.040278
0 0.117188 0.130556 0.021875 0.036111
0 0.040625 0.562500 0.028125 0.044444
0 0.645703 0.041667 0.016406 0.044444
0 0.845703 0.309722 0.025781 0.047222
0 0.206641 0.034028 0.024219 0.029167
0 0.946484 0.970139 0.019531 0.026389
0 0.079297 0.263194 0.014844 0.040278
0 0.832031 0.949306 0.028125 0.031944
0 0.411719 0.282639 0.026562 0.048611
0 0.065625 0.415278 0.026562 0.036111
0 0.628125 0.796528 0.014063 0.043056
0 0.539844 0.231944 0.028125 0.030556
0 0.153125 0.913889 0.021875 0.047222
0 0.235547 0.752778 0.021094 0.038889
0 0.118750 0.292361 0.025000 0.045833
0 0.610156 0.889583 0.018750 0.029167
0 0.196484 0.867361 0.025781 0.034722
0 0.166016 0.044444 0.016406 0.036111
0 0.098047 0.435417 0.019531 0.037500
0 0.717578 0.947222 0.021094 0.027778
0 0.074609 0.472222 0.014844 0.025000
0 0.198828 0.176389 0.016406 0.038889
0 0.975000 0.247917 0.018750 0.031944
0 0.145313 0.218750 0.017188 0.045833
0 0.651953 0.808333 0.017969 0.047222
1 0.885547 0.154861 0.124219 0.220833
1 0.548438 0.377778 0.140625 0.225000
1 0.762891 0.520833 0.146094 0.177778
1 0.785156 0.797222 0.153125 0.238889
1 0.248438 0.375000 0.100000 0.302778
1 0.385937 0.687500 0.140625 0.208333
1 0.688672 0.203472 0.096094 0.220833
1 0.558984 0.663194 0.097656 0.295833