0 0.435156 0.454167 0.018750 0.047222
0 0.367188 0.218056 0.026562 0.038889
0 0.935547 0.897222 0.017969 0.025000
0 0.787500 0.290278 0.026562 0.047222
0 0.443750 0.322222 0.017188 0.047222
0 0.239453 0.686806 0.016406 0.031944
0 0.069922 0.954167 0.016406 0.050000
0 0.578516 0.592361 0.025781 0.031944
0 0.132422 0.686111 0.022656 0.025000
0 0.488281 0.169444 0.023438 0.041667
0 0.940625 0.430556 0.015625 0.027778
0 0.853125 0.465278 0.018750 0.041667
0 0.822266 0.282639 0.016406 0.037500
0 0.952344 0.145139 0.014063 0.029167
0 0.191797 0.684722 0.024219 0.036111
0 0.120703 0.166667 0.021094 0.033333
0 0.071094 0.665278 0.023438 0.050000
0 0.248438 0.075000 0.014063 0.030556
0 0.875391 0.362500 0.016406 0.050000
0 0.356250 0.759028 0.015625 0.037500
0 0.329297 0.918056 0.024219 0.036111
0 0.909375 0.205556 0.018750 0.030556
0 0.894141 0.436806 0.016406 0.045833
0 0.072266 0.225694 0.017969 0.045833
0 0.525000 0.861111 0.023438 0.025000
0 0.776563 0.697917 0.014063 0.048611
0 0.096875 0.082639 0.023438 0.031944
0 0.715234 0.283333 0.024219 0.033333
0 0.126172 0.634722 0.017969 0.027778
0 0.083203 0.847222 0.017969 0.050000
0 0.517578 0.915278 0.024219 0.050000
0 0.336328 0.197917 0.022656 0.026389
0 0.173437 0.579861 0.020313 0.045833
0 0.099609 0.744444 0.025781 0.041667
0 0.939063 0.038194 0.028125 0.037500
0 0.936719 0.260417 0.026562 0.029167
0 0.308984 0.234028 0.025781 0.037500
0 0.877734 0.943750 0.027344 0.043056
0 0.779687 0.182639 0.025000 0.031944
0 0.741797 0.127083 0.022656 0.043056
0 0.212109 0.467361 0.019531 0.029167
0 0.335938 0.758333 0.015625 0.030556
0 0.401953 0.366667 0.024219 0.038889
0 0.353125 0.113194 0.028125 0.029167
0 0.041406 0.739583 0.021875 0.048611
0 0.687500 0.953472 0.015625 0.026389
0 0.176563 0.482639 0.017188 0.026389
0 0.042578 0.046528 0.014844 0.040278
0 0.803906 0.154167 0.015625 0.044444
0 0.475781 0.865972 0.023438 0.029167
0 0.367969 0.877778 0.023438 0.025000
0 0.975391 0.846528 0.017969 0.048611
0 0.804688 0.729861 0.017188 0.045833
0 0.801953 0.097917 0.021094 0.026389
0 0.980078 0.109028 0.019531 0.048611
0 0.826562 0.093056 0.018750 0.038889
0 0.202344 0.522222 0.014063 0.041667
0 0.762891 0.753472 0.025781 0.026389
0 0.316797 0.682639 0.022656 0.026389
0 0.877734 0.886111 0.014844 0.025000
0 0.450781 0.058333 0.014063 0.044444
0 0.347656 0.805556 0.014063 0.027778
0 0.585156 0.065278 0.014063 0.033333
0 0.500000 0.820139 0.018750 0.048611
0 0.443750 0.838194 0.025000 0.034722
0 0.109766 0.842361 0.014844 0.048611
0 0.345313 0.672917 0.026562 0.034722
0 0.976953 0.645139 0.021094 0.043056
0 0.466797 0.340972 0.016406 0.037500
0 0.518359 0.155556 0.024219 0.030556
0 0.918750 0.529167 0.025000 0.044444
0 0.546484 0.152083 0.019531 0.048611
0 0.023047 0.615278 0.019531 0.047222
0 0.846875 0.348611 0.015625 0.025000
0 0.741016 0.252778 0.017969 0.027778
0 0.153516 0.640972 0.027344 0.026389
0 0.103125 0.947222 0.015625 0.033333
0 0.853125 0.948611 0.015625 0.041667
0 0.505469 0.113889 0.023438 0.036111
0 0.076953 0.798611 0.021094 0.027778
0 0.747656 0.849306 0.015625 0.045833
0 0.351953 0.059028 0.016406 0.043056
0 0.933594 0.163889 0.015625 0.041667
0 0.767969 0.925000 0.020313 0.044444
0 0.918359 0.379167 0.014844 0.036111
0 0.117969 0.585417 0.025000 0.048611
1 0.728906 0.432639 0.151562 0.212500
1 0.888672 0.724306 0.136719 0.259722
1 0.628906 0.180556 0.126562 0.180556
1 0.571484 0.422917 0.105469 0.201389
1 0.471094 0.668056 0.162500 0.233333
1 0.301953 0.496528 0.111719 0.293056
1 0.216797 0.206250 0.132031 0.206944
1 0.651953 0.781944 0.160156 0.250000