0 0.242578 0.045833 0.016406 0.027778
0 0.975781 0.886806 0.028125 0.043056
0 0.025781 0.826389 0.017188 0.041667
0 0.389062 0.917361 0.023438 0.045833
0 0.415234 0.843750 0.027344 0.043056
0 0.855469 0.261806 0.014063 0.040278
0 0.662500 0.085417 0.018750 0.026389
0 0.615234 0.211111 0.025781 0.044444
0 0.748047 0.102083 0.025781 0.045833
0 0.065625 0.418750 0.018750 0.048611
0 0.917969 0.956250 0.015625 0.048611
0 0.867969 0.406944 0.028125 0.041667
0 0.488281 0.523611 0.026562 0.025000
0 0.717969 0.036111 0.028125 0.036111
0 0.658203 0.276389 0.016406 0.041667
0 0.264062 0.401389 0.028125 0.027778
0 0.891797 0.471528 0.025781 0.037500
0 0.241797 0.542361 0.017969 0.043056
0 0.850391 0.311111 0.014844 0.027778
0 0.248828 0.613194 0.014844 0.029167
0 0.748437 0.696528 0.023438 0.026389
0 0.587891 0.959722 0.024219 0.036111
0 0.476562 0.954861 0.015625 0.040278
0 0.286719 0.043056 0.021875 0.036111
0 0.755859 0.884722 0.022656 0.025000
0 0.682422 0.944444 0.027344 0.044444
0 0.023438 0.959028 0.018750 0.037500
0 0.844141 0.059028 0.016406 0.029167
0 0.836719 0.351389 0.025000 0.027778
0 0.492578 0.780556 0.027344 0.044444
0 0.310156 0.263889 0.020313 0.036111
0 0.169922 0.711111 0.021094 0.038889
0 0.062891 0.347222 0.027344 0.047222
0 0.319531 0.207639 0.015625 0.037500
0 0.933594 0.325000 0.018750 0.036111
0 0.438281 0.155556 0.021875 0.027778
0 0.286328 0.588194 0.014844 0.040278
0 0.907422 0.375000 0.017969 0.038889
0 0.482031 0.722222 0.025000 0.047222
0 0.039844 0.102778 0.014063 0.036111
0 0.052344 0.650000 0.018750 0.033333
0 0.902734 0.288194 0.025781 0.037500
0 0.032031 0.902083 0.015625 0.043056
0 0.864062 0.125694 0.026562 0.037500
0 0.650000 0.040972 0.028125 0.048611
0 0.089063 0.197917 0.025000 0.026389
0 0.491016 0.603472 0.019531 0.034722
0 0.253125 0.363889 0.021875 0.025000
0 0.049219 0.556944 0.026562 0.025000
0 0.955078 0.496528 0.017969 0.040278
0 0.078125 0.699306 0.014063 0.043056
0 0.297266 0.429861 0.016406 0.048611
0 0.927344 0.525694 0.014063 0.043056
0 0.304688 0.106944 0.020313 0.047222
0 0.639844 0.413194 0.017188 0.040278
0 0.557031 0.570139 0.021875 0.045833
0 0.975781 0.118056 0.025000 0.044444
0 0.405469 0.247222 0.028125 0.036111
0 0.175781 0.410417 0.017188 0.034722
0 0.875391 0.242361 0.019531 0.043056
0 0.895703 0.882639 0.016406 0.031944
0 0.098047 0.415278 0.021094 0.033333
0 0.018750 0.539583 0.014063 0.037500
0 0.527344 0.063889 0.028125 0.038889
0 0.624609 0.154861 0.016406 0.031944
0 0.620313 0.541667 0.014063 0.047222
0 0.969141 0.589583 0.022656 0.045833
0 0.943750 0.902083 0.021875 0.026389
0 0.072266 0.853472 0.016406 0.043056
0 0.019922 0.335417 0.014844 0.045833
0 0.485156 0.039583 0.026562 0.045833
0 0.762109 0.784028 0.021094 0.037500
0 0.336328 0.118750 0.016406 0.026389
0 0.334375 0.927083 0.023438 0.043056
0 0.140625 0.048611 0.015625 0.050000
0 0.416797 0.887500 0.024219 0.030556
0 0.974609 0.372222 0.021094 0.025000
0 0.123828 0.878472 0.014844 0.048611
0 0.387109 0.058333 0.016406 0.030556
0 0.134766 0.353472 0.019531 0.029167
0 0.563281 0.090972 0.028125 0.031944
0 0.147656 0.910417 0.025000 0.048611
0 0.971875 0.273611 0.026562 0.050000
0 0.765234 0.736111 0.014844 0.030556
0 0.384766 0.100694 0.016406 0.031944
0 0.030469 0.225000 0.018750 0.033333
1 0.396094 0.456250 0.126562 0.276389
1 0.571484 0.779861 0.121094 0.215278
1 0.716797 0.577778 0.130469 0.180556
1 0.134375 0.563194 0.132812 0.193056
1 0.754687 0.290972 0.107813 0.284722
1 0.241797 0.846528 0.150781 0.201389
1 0.892188 0.725000 0.134375 0.202778
1 0.549609 0.212500 0.096094 0.188889
1 0.192578 0.219444 0.171094 0.222222
1 0.548047 0.418056 0.105469 0.166667