0 0.876953 0.831055 0.031250 0.052734
0 0.830078 0.106445 0.046875 0.048828
0 0.388672 0.253906 0.046875 0.046875
0 0.123047 0.848633 0.031250 0.033203
0 0.908203 0.649414 0.054688 0.041016
0 0.114258 0.329102 0.044922 0.037109
0 0.503906 0.078125 0.042969 0.054688
0 0.689453 0.958008 0.031250 0.044922
0 0.072266 0.634766 0.035156 0.058594
0 0.604492 0.293945 0.037109 0.041016
0 0.105469 0.391602 0.035156 0.052734
0 0.082031 0.262695 0.042969 0.052734
0 0.614258 0.337891 0.041016 0.031250
0 0.532227 0.282227 0.052734 0.056641
0 0.119141 0.717773 0.031250 0.052734
0 0.059570 0.582031 0.052734 0.031250
0 0.180664 0.525391 0.056641 0.058594
0 0.355469 0.753906 0.058594 0.042969
0 0.604492 0.937500 0.052734 0.042969
0 0.055664 0.135742 0.037109 0.033203
0 0.901367 0.091797 0.052734 0.035156
0 0.934570 0.768555 0.044922 0.044922
0 0.642578 0.497070 0.031250 0.037109
0 0.045898 0.377930 0.056641 0.056641
0 0.166016 0.347656 0.035156 0.031250
0 0.375977 0.660156 0.041016 0.058594
0 0.271484 0.708984 0.054688 0.031250
0 0.216797 0.336914 0.031250 0.041016
0 0.061523 0.460938 0.044922 0.031250
0 0.061523 0.955078 0.044922 0.046875
0 0.237305 0.256836 0.033203 0.041016
0 0.159180 0.664062 0.033203 0.046875
0 0.402344 0.904297 0.058594 0.046875
0 0.446289 0.287109 0.048828 0.054688
0 0.183594 0.755859 0.031250 0.054688
0 0.190430 0.258789 0.037109 0.044922
0 0.932617 0.701172 0.056641 0.046875
0 0.109375 0.080078 0.035156 0.046875
0 0.047852 0.735352 0.037109 0.044922
0 0.490234 0.173828 0.046875 0.039062
0 0.291016 0.243164 0.042969 0.037109
0 0.172852 0.123047 0.041016 0.031250
0 0.837891 0.965820 0.046875 0.037109
0 0.566406 0.671875 0.031250 0.031250
0 0.882812 0.890625 0.046875 0.050781
0 0.206055 0.601562 0.041016 0.046875
0 0.715820 0.636719 0.056641 0.039062
0 0.764648 0.946289 0.056641 0.052734
0 0.693359 0.307617 0.042969 0.048828
0 0.300781 0.602539 0.039062 0.041016
1 0.351562 0.453125 0.187500 0.242188
1 0.804688 0.478516 0.273438 0.253906
1 0.524414 0.786133 0.181641 0.138672
1 0.302734 0.102539 0.195312 0.173828
1 0.240234 0.887695 0.160156 0.189453
1 0.650391 0.179688 0.156250 0.156250
1 0.541992 0.523438 0.138672 0.250000
1 0.750000 0.782227 0.203125 0.228516
1 0.859375 0.224609 0.210938 0.140625