0 0.719727 0.772461 0.048828 0.041016
0 0.309570 0.616211 0.048828 0.033203
0 0.059570 0.225586 0.037109 0.041016
0 0.858398 0.905273 0.056641 0.037109
0 0.284180 0.832031 0.048828 0.046875
0 0.780273 0.757812 0.033203 0.042969
0 0.929688 0.275391 0.042969 0.042969
0 0.610352 0.928711 0.037109 0.048828
0 0.353516 0.890625 0.031250 0.054688
0 0.577148 0.597656 0.044922 0.050781
0 0.150391 0.119141 0.058594 0.050781
0 0.911133 0.079102 0.056641 0.044922
0 0.144531 0.546875 0.031250 0.054688
0 0.842773 0.275391 0.052734 0.031250
0 0.163086 0.935547 0.044922 0.046875
0 0.833008 0.212891 0.041016 0.046875
0 0.057617 0.049805 0.033203 0.052734
0 0.239258 0.927734 0.048828 0.058594
0 0.708984 0.142578 0.046875 0.046875
0 0.486328 0.912109 0.039062 0.054688
0 0.062500 0.385742 0.054688 0.041016
0 0.197266 0.597656 0.039062 0.054688
0 0.903320 0.215820 0.056641 0.044922
0 0.719727 0.694336 0.041016 0.041016
0 0.654297 0.730469 0.035156 0.035156
0 0.221680 0.093750 0.037109 0.046875
0 0.943359 0.583008 0.031250 0.052734
0 0.302734 0.685547 0.042969 0.058594
0 0.129883 0.624023 0.033203 0.033203
0 0.103516 0.867188 0.050781 0.039062
0 0.709961 0.061523 0.048828 0.037109
0 0.716797 0.888672 0.042969 0.046875
0 0.437500 0.615234 0.031250 0.042969
0 0.861328 0.137695 0.031250 0.048828
0 0.882812 0.032227 0.054688 0.033203
0 0.718750 0.951172 0.050781 0.050781
0 0.768555 0.688477 0.037109 0.041016
0 0.547852 0.674805 0.044922 0.048828
0 0.610352 0.037109 0.037109 0.039062
0 0.590820 0.266602 0.033203 0.033203
0 0.782227 0.058594 0.056641 0.046875
0 0.066406 0.150391 0.035156 0.046875
0 0.493164 0.625977 0.052734 0.033203
0 0.591797 0.372070 0.035156 0.044922
0 0.283203 0.554688 0.050781 0.042969
0 0.068359 0.619141 0.042969 0.046875
1 0.685547 0.541016 0.140625 0.222656
1 0.513672 0.791016 0.222656 0.167969
1 0.449219 0.416016 0.234375 0.214844
1 0.153320 0.728516 0.240234 0.144531
1 0.438477 0.176758 0.205078 0.208984
1 0.883789 0.393555 0.146484 0.158203
1 0.892578 0.753906 0.148438 0.183594
1 0.713867 0.281250 0.138672 0.210938
1 0.205078 0.368164 0.191406 0.263672