0 0.526367 0.892578 0.041016 0.035156
0 0.082031 0.656250 0.039062 0.054688
0 0.636719 0.494141 0.039062 0.031250
0 0.500977 0.064453 0.056641 0.031250
0 0.824219 0.739258 0.035156 0.044922
0 0.592773 0.698242 0.052734 0.052734
0 0.900391 0.100586 0.031250 0.056641
0 0.936523 0.808594 0.041016 0.039062
0 0.834961 0.298828 0.048828 0.042969
0 0.425781 0.686523 0.031250 0.033203
0 0.356445 0.845703 0.041016 0.039062
0 0.965820 0.300781 0.037109 0.039062
0 0.743164 0.242188 0.041016 0.035156
0 0.365234 0.068359 0.046875 0.035156
0 0.705078 0.720703 0.039062 0.031250
0 0.685547 0.353516 0.054688 0.054688
0 0.505859 0.696289 0.035156 0.037109
0 0.652344 0.288086 0.035156 0.044922
0 0.278320 0.692383 0.056641 0.033203
0 0.792969 0.118164 0.046875 0.033203
0 0.421875 0.821289 0.039062 0.044922
0 0.225586 0.609375 0.044922 0.031250
0 0.775391 0.964844 0.031250 0.031250
0 0.188477 0.708008 0.041016 0.056641
0 0.494141 0.333008 0.042969 0.048828
0 0.369141 0.256836 0.050781 0.033203
0 0.490234 0.812500 0.054688 0.042969
0 0.145508 0.051758 0.052734 0.048828
0 0.391602 0.758789 0.056641 0.041016
0 0.353516 0.130859 0.046875 0.031250
0 0.958008 0.719727 0.041016 0.056641
0 0.837891 0.883789 0.035156 0.041016
0 0.782227 0.190430 0.041016 0.044922
0 0.382812 0.310547 0.054688 0.042969
0 0.555664 0.833008 0.056641 0.033203
0 0.676758 0.677734 0.056641 0.035156
0 0.859375 0.223633 0.050781 0.041016
0 0.939453 0.366211 0.039062 0.037109
0 0.861328 0.660156 0.031250 0.039062
0 0.435547 0.125977 0.039062 0.044922
0 0.390625 0.181641 0.035156 0.050781
0 0.948242 0.251953 0.044922 0.039062
0 0.885742 0.810547 0.033203 0.042969
0 0.063477 0.711914 0.052734 0.037109
0 0.777344 0.859375 0.035156 0.046875
1 0.197266 0.850586 0.234375 0.201172
1 0.456055 0.492188 0.263672 0.250000
1 0.577148 0.168945 0.205078 0.158203
1 0.674805 0.860352 0.150391 0.208984
1 0.818359 0.518555 0.261719 0.216797
1 0.191406 0.204102 0.246094 0.232422
1 0.140625 0.470703 0.199219 0.195312