0 0.757812 0.593056 0.025000 0.041667
0 0.690234 0.535417 0.014844 0.040278
0 0.255859 0.095139 0.014844 0.040278
0 0.023047 0.787500 0.017969 0.030556
0 0.762109 0.156250 0.027344 0.034722
0 0.383594 0.410417 0.028125 0.026389
0 0.962500 0.128472 0.014063 0.034722
0 0.320312 0.074306 0.018750 0.040278
0 0.812500 0.814583 0.026562 0.045833
0 0.707031 0.061806 0.025000 0.045833
0 0.674219 0.782639 0.025000 0.037500
0 0.764453 0.842361 0.024219 0.040278
0 0.719922 0.837500 0.019531 0.030556
0 0.244141 0.296528 0.017969 0.040278
0 0.948828 0.854167 0.014844 0.041667
0 0.756250 0.303472 0.014063 0.037500
0 0.915234 0.381944 0.021094 0.030556
0 0.376953 0.612500 0.025781 0.041667
0 0.964453 0.084722 0.016406 0.033333
0 0.830859 0.732639 0.022656 0.040278
0 0.207031 0.890972 0.026562 0.031944
0 0.772266 0.925694 0.022656 0.037500
0 0.944531 0.377083 0.028125 0.034722
0 0.418359 0.911111 0.019531 0.036111
0 0.726172 0.561111 0.022656 0.033333
0 0.452344 0.463194 0.021875 0.031944
0 0.379297 0.486111 0.022656 0.036111
0 0.925000 0.935417 0.015625 0.034722
0 0.476562 0.442361 0.018750 0.037500
0 0.548828 0.237500 0.019531 0.027778
0 0.812891 0.410417 0.022656 0.048611
0 0.430469 0.609722 0.025000 0.041667
0 0.056250 0.059028 0.023438 0.037500
0 0.103125 0.847222 0.018750 0.038889
0 0.886719 0.870139 0.028125 0.034722
0 0.192969 0.929167 0.026562 0.030556
0 0.825781 0.886111 0.021875 0.050000
0 0.873047 0.368056 0.017969 0.041667
0 0.639844 0.965972 0.028125 0.026389
0 0.840625 0.298611 0.020313 0.047222
0 0.508203 0.363194 0.017969 0.045833
0 0.580078 0.114583 0.024219 0.026389
0 0.736719 0.077083 0.018750 0.037500
0 0.457813 0.358333 0.017188 0.030556
0 0.327734 0.914583 0.021094 0.037500
0 0.533203 0.088194 0.021094 0.034722
0 0.731250 0.492361 0.025000 0.029167
0 0.976172 0.425694 0.016406 0.034722
0 0.637891 0.757639 0.017969 0.034722
0 0.763281 0.968750 0.015625 0.029167
0 0.335938 0.599306 0.023438 0.040278
0 0.654297 0.923611 0.025781 0.033333
0 0.449609 0.707639 0.021094 0.034722
0 0.661719 0.470833 0.025000 0.027778
0 0.105859 0.925694 0.021094 0.026389
0 0.760156 0.374306 0.017188 0.043056
0 0.260937 0.404861 0.020313 0.040278
0 0.317969 0.187500 0.014063 0.047222
0 0.185547 0.338889 0.021094 0.033333
0 0.537891 0.423611 0.025781 0.027778
0 0.561719 0.281250 0.028125 0.034722
0 0.436719 0.524306 0.014063 0.043056
0 0.287891 0.297222 0.025781 0.030556
0 0.886328 0.809722 0.019531 0.036111
0 0.978906 0.865278 0.017188 0.044444
0 0.687500 0.689583 0.028125 0.045833
0 0.912109 0.747222 0.016406 0.047222
0 0.713281 0.907639 0.028125 0.029167
0 0.945703 0.788194 0.017969 0.037500
0 0.272266 0.041667 0.027344 0.044444
0 0.139453 0.080556 0.017969 0.047222
0 0.358984 0.906944 0.021094 0.047222
0 0.702344 0.593750 0.015625 0.026389
0 0.426172 0.367361 0.017969 0.043056
0 0.730078 0.801389 0.017969 0.027778
0 0.859766 0.771528 0.017969 0.048611
0 0.059766 0.859722 0.022656 0.027778
0 0.078516 0.803472 0.017969 0.031944
0 0.333984 0.534028 0.024219 0.045833
0 0.256250 0.346528 0.026562 0.034722
0 0.024219 0.619444 0.020313 0.050000
0 0.817187 0.361806 0.014063 0.029167
0 0.310937 0.033333 0.025000 0.025000
0 0.223047 0.145833 0.027344 0.030556
0 0.235547 0.478472 0.017969 0.043056
0 0.974219 0.184028 0.021875 0.040278
0 0.106641 0.789583 0.021094 0.031944
0 0.051562 0.698611 0.014063 0.025000
0 0.587891 0.454167 0.024219 0.030556
0 0.529687 0.039583 0.020313 0.045833
0 0.760547 0.884722 0.021094 0.027778
0 0.147656 0.961806 0.023438 0.043056
1 0.417187 0.183333 0.160938 0.250000
1 0.158594 0.614583 0.125000 0.256944
1 0.336328 0.757639 0.125781 0.179167
1 0.859375 0.577083 0.168750 0.245833
1 0.576953 0.618056 0.171094 0.202778
1 0.866406 0.161806 0.168750 0.209722
1 0.526563 0.845139 0.145313 0.187500
1 0.117578 0.209722 0.164844 0.183333
1 0.657422 0.197917 0.107031 0.206944