0 0.728516 0.251953 0.031250 0.031250
0 0.811523 0.798828 0.048828 0.042969
0 0.463867 0.225586 0.044922 0.052734
0 0.957031 0.964844 0.039062 0.035156
0 0.090820 0.916992 0.041016 0.033203
0 0.580078 0.835938 0.050781 0.058594
0 0.466797 0.092773 0.031250 0.048828
0 0.344727 0.652344 0.044922 0.042969
0 0.403320 0.773438 0.037109 0.035156
0 0.388672 0.708984 0.046875 0.046875
0 0.407227 0.934570 0.037109 0.041016
0 0.342773 0.839844 0.041016 0.054688
0 0.767578 0.877930 0.046875 0.052734
0 0.930664 0.422852 0.041016 0.033203
0 0.436523 0.595703 0.056641 0.050781
0 0.959961 0.554688 0.033203 0.039062
0 0.434570 0.543945 0.048828 0.037109
0 0.631836 0.890625 0.033203 0.050781
0 0.351562 0.242188 0.050781 0.046875
0 0.606445 0.519531 0.033203 0.042969
0 0.231445 0.123047 0.041016 0.039062
0 0.915039 0.800781 0.048828 0.058594
0 0.879883 0.361328 0.048828 0.046875
0 0.143555 0.058594 0.056641 0.054688
0 0.171875 0.932617 0.054688 0.037109
0 0.964844 0.667969 0.039062 0.058594
0 0.312500 0.113281 0.050781 0.042969
0 0.171875 0.419922 0.050781 0.031250
0 0.257812 0.034180 0.035156 0.037109
0 0.737305 0.775391 0.044922 0.046875
0 0.580078 0.956055 0.039062 0.048828
0 0.365234 0.564453 0.050781 0.054688
0 0.783203 0.951172 0.039062 0.046875
0 0.898438 0.503906 0.050781 0.031250
0 0.333984 0.186523 0.039062 0.044922
0 0.168945 0.135742 0.041016 0.033203
0 0.672852 0.246094 0.044922 0.042969
0 0.669922 0.955078 0.031250 0.046875
0 0.460938 0.934570 0.035156 0.056641
0 0.890625 0.900391 0.054688 0.058594
0 0.966797 0.092773 0.031250 0.052734
0 0.408203 0.661133 0.031250 0.033203
0 0.526367 0.264648 0.041016 0.056641
0 0.936523 0.320312 0.048828 0.039062
0 0.868164 0.297852 0.056641 0.048828
0 0.362305 0.048828 0.048828 0.054688
0 0.076172 0.089844 0.050781 0.058594
0 0.201172 0.054688 0.042969 0.046875
1 0.592773 0.676758 0.228516 0.232422
1 0.708008 0.381836 0.248047 0.212891
1 0.166016 0.770508 0.214844 0.205078
1 0.158203 0.283203 0.257812 0.214844
1 0.433594 0.411133 0.214844 0.189453
1 0.632812 0.129883 0.214844 0.166016
1 0.152344 0.542969 0.242188 0.140625
1 0.826172 0.646484 0.175781 0.195312
1 0.849609 0.172852 0.167969 0.154297