0 0.037500 0.127083 0.025000 0.048611
0 0.638281 0.325000 0.026562 0.044444
0 0.319531 0.766667 0.017188 0.041667
0 0.885547 0.913194 0.014844 0.045833
0 0.073438 0.089583 0.028125 0.048611
0 0.466406 0.035417 0.018750 0.034722
0 0.357031 0.867361 0.025000 0.026389
0 0.035156 0.257639 0.028125 0.034722
0 0.181250 0.077083 0.017188 0.043056
0 0.687891 0.827083 0.022656 0.031944
0 0.303906 0.152778 0.020313 0.036111
0 0.329688 0.092361 0.023438 0.043056
0 0.513672 0.581250 0.021094 0.026389
0 0.555469 0.425000 0.015625 0.038889
0 0.052734 0.918750 0.021094 0.040278
0 0.835156 0.075000 0.021875 0.038889
0 0.970703 0.161111 0.024219 0.030556
0 0.532422 0.079861 0.024219 0.026389
0 0.919531 0.065278 0.028125 0.050000
0 0.549609 0.626389 0.021094 0.050000
0 0.204297 0.059722 0.017969 0.050000
0 0.383203 0.793056 0.027344 0.050000
0 0.235937 0.386806 0.021875 0.037500
0 0.557813 0.256944 0.015625 0.038889
0 0.074609 0.652083 0.014844 0.037500
0 0.707031 0.656944 0.021875 0.025000
0 0.608594 0.545139 0.015625 0.043056
0 0.341406 0.302778 0.021875 0.041667
0 0.619922 0.840972 0.021094 0.026389
0 0.555469 0.207639 0.014063 0.045833
0 0.065625 0.822917 0.015625 0.031944
0 0.887891 0.359722 0.014844 0.038889
0 0.342969 0.802083 0.023438 0.048611
0 0.035937 0.560417 0.015625 0.043056
0 0.282031 0.231250 0.021875 0.040278
0 0.560156 0.548611 0.026562 0.050000
0 0.972266 0.640278 0.024219 0.030556
0 0.269531 0.291667 0.018750 0.038889
0 0.094922 0.612500 0.016406 0.027778
0 0.497656 0.649306 0.026562 0.031944
0 0.437891 0.681250 0.024219 0.026389
0 0.107813 0.138889 0.021875 0.041667
0 0.933594 0.905556 0.021875 0.047222
0 0.605078 0.907639 0.024219 0.037500
0 0.495312 0.387500 0.021875 0.041667
0 0.566016 0.134028 0.021094 0.031944
0 0.596094 0.384722 0.014063 0.027778
0 0.208984 0.933333 0.017969 0.033333
0 0.597656 0.647917 0.021875 0.031944
0 0.941406 0.327778 0.014063 0.025000
0 0.319531 0.583333 0.020313 0.033333
0 0.876172 0.960417 0.022656 0.031944
0 0.088281 0.693056 0.025000 0.030556
0 0.357422 0.056250 0.022656 0.048611
0 0.733984 0.890972 0.021094 0.043056
0 0.898047 0.761111 0.024219 0.033333
0 0.440625 0.760417 0.015625 0.031944
0 0.324609 0.648611 0.025781 0.047222
0 0.660937 0.673611 0.014063 0.036111
0 0.231250 0.544444 0.018750 0.047222
0 0.235937 0.186806 0.023438 0.037500
0 0.299219 0.956944 0.021875 0.050000
0 0.210938 0.379167 0.021875 0.036111
0 0.793359 0.942361 0.027344 0.029167
0 0.127734 0.204167 0.014844 0.050000
0 0.862109 0.846528 0.016406 0.045833
0 0.607812 0.715278 0.015625 0.036111
0 0.725391 0.940278 0.017969 0.033333
0 0.767969 0.100000 0.026562 0.041667
0 0.342578 0.236806 0.019531 0.031944
0 0.294141 0.668056 0.019531 0.036111
0 0.377734 0.353472 0.014844 0.031944
0 0.626172 0.584722 0.014844 0.025000
0 0.220312 0.147917 0.021875 0.026389
0 0.348438 0.747222 0.023438 0.038889
0 0.780078 0.836111 0.022656 0.038889
0 0.357031 0.928472 0.014063 0.026389
0 0.747266 0.684722 0.016406 0.041667
0 0.823438 0.776389 0.015625 0.027778
0 0.941016 0.261806 0.022656 0.029167
0 0.435156 0.937500 0.023438 0.027778
0 0.664062 0.764583 0.018750 0.026389
0 0.276562 0.447917 0.015625 0.045833
0 0.317188 0.525000 0.028125 0.044444
0 0.927734 0.204167 0.022656 0.036111
0 0.151562 0.086806 0.020313 0.048611
0 0.742969 0.747222 0.020313 0.025000
0 0.448828 0.822917 0.022656 0.034722
0 0.051953 0.636111 0.019531 0.044444
0 0.087891 0.036111 0.025781 0.033333
0 0.351953 0.696528 0.016406 0.043056
1 0.124609 0.391667 0.135156 0.302778
1 0.435547 0.202778 0.153906 0.225000
1 0.703906 0.520139 0.107813 0.209722
1 0.189844 0.751389 0.115625 0.283333
1 0.407813 0.536806 0.117188 0.220833
1 0.874219 0.561806 0.146875 0.254167
1 0.517578 0.804167 0.105469 0.258333
1 0.788672 0.277083 0.136719 0.215278