0 0.348438 0.127778 0.021875 0.033333
0 0.114844 0.208333 0.015625 0.047222
0 0.897266 0.835417 0.021094 0.048611
0 0.616797 0.820833 0.014844 0.047222
0 0.179688 0.111111 0.015625 0.030556
0 0.714844 0.434722 0.021875 0.033333
0 0.430469 0.162500 0.026562 0.044444
0 0.172266 0.053472 0.021094 0.045833
0 0.638281 0.655556 0.021875 0.025000
0 0.682031 0.383333 0.020313 0.050000
0 0.297266 0.168056 0.025781 0.047222
0 0.895312 0.912500 0.025000 0.036111
0 0.966016 0.388194 0.025781 0.029167
0 0.975000 0.238889 0.018750 0.027778
0 0.851953 0.115278 0.019531 0.044444
0 0.472266 0.040278 0.025781 0.033333
0 0.925000 0.215278 0.020313 0.036111
0 0.406250 0.075694 0.028125 0.034722
0 0.646094 0.168750 0.028125 0.029167
0 0.824609 0.950694 0.019531 0.034722
0 0.189844 0.411111 0.023438 0.025000
0 0.023828 0.199306 0.024219 0.029167
0 0.264453 0.302778 0.027344 0.038889
0 0.614453 0.625694 0.017969 0.040278
0 0.974609 0.860417 0.027344 0.043056
0 0.167578 0.672222 0.017969 0.025000
0 0.130859 0.950694 0.019531 0.026389
0 0.425781 0.419444 0.023438 0.036111
0 0.599609 0.873611 0.017969 0.041667
0 0.225391 0.103472 0.016406 0.048611
0 0.886328 0.779861 0.025781 0.043056
0 0.897656 0.129861 0.014063 0.040278
0 0.086719 0.036806 0.017188 0.040278
0 0.402734 0.263889 0.021094 0.033333
0 0.376563 0.170833 0.026562 0.044444
0 0.712500 0.714583 0.028125 0.031944
0 0.348047 0.345139 0.019531 0.045833
0 0.621484 0.538194 0.021094 0.048611
0 0.426563 0.557639 0.023438 0.034722
0 0.147266 0.510417 0.021094 0.031944
0 0.893750 0.056944 0.017188 0.038889
0 0.074609 0.192361 0.027344 0.029167
0 0.798438 0.822917 0.026562 0.034722
0 0.598437 0.042361 0.017188 0.037500
0 0.927734 0.634722 0.014844 0.050000
0 0.049609 0.269444 0.021094 0.027778
0 0.832812 0.654861 0.021875 0.037500
0 0.964063 0.490972 0.020313 0.026389
0 0.905859 0.256944 0.024219 0.036111
0 0.034766 0.089583 0.027344 0.031944
0 0.598047 0.402083 0.019531 0.031944
0 0.197656 0.556944 0.026562 0.047222
0 0.098047 0.141667 0.014844 0.025000
0 0.045312 0.925000 0.026562 0.041667
0 0.221875 0.330556 0.025000 0.030556
0 0.639062 0.606250 0.018750 0.026389
0 0.661719 0.495833 0.021875 0.030556
0 0.975000 0.679861 0.015625 0.037500
0 0.185156 0.256250 0.020313 0.037500
0 0.454688 0.299306 0.023438 0.026389
0 0.924219 0.963889 0.026562 0.038889
0 0.095312 0.312500 0.018750 0.036111
0 0.858984 0.637500 0.019531 0.030556
0 0.278906 0.356944 0.020313 0.047222
0 0.454297 0.239583 0.022656 0.048611
0 0.768750 0.348611 0.018750 0.025000
0 0.318359 0.105556 0.024219 0.030556
0 0.852734 0.902778 0.021094 0.030556
0 0.964063 0.111806 0.023438 0.026389
0 0.750391 0.677778 0.017969 0.044444
0 0.251563 0.055556 0.028125 0.036111
0 0.590625 0.965278 0.028125 0.025000
0 0.643750 0.404861 0.018750 0.034722
0 0.098047 0.261806 0.014844 0.026389
0 0.159375 0.361111 0.014063 0.030556
0 0.696875 0.486806 0.021875 0.040278
0 0.531641 0.044444 0.016406 0.027778
0 0.205859 0.492361 0.025781 0.031944
0 0.242969 0.175694 0.023438 0.043056
0 0.324609 0.036111 0.016406 0.027778
0 0.082422 0.964583 0.025781 0.026389
0 0.524609 0.436806 0.024219 0.040278
0 0.037109 0.650694 0.027344 0.031944
0 0.748437 0.465278 0.026562 0.030556
0 0.641406 0.060417 0.017188 0.029167
0 0.028906 0.130556 0.023438 0.033333
0 0.197656 0.372222 0.017188 0.030556
0 0.810156 0.618056 0.017188 0.047222
0 0.126172 0.118750 0.021094 0.031944
0 0.061328 0.037500 0.014844 0.038889
0 0.837891 0.825694 0.027344 0.048611
0 0.850391 0.697917 0.017969 0.031944
0 0.760547 0.544444 0.021094 0.027778
0 0.895703 0.729167 0.025781 0.033333
0 0.821484 0.770139 0.017969 0.048611
0 0.149219 0.452083 0.021875 0.031944
0 0.763672 0.581944 0.016406 0.030556
0 0.148828 0.260417 0.017969 0.040278
0 0.321094 0.368056 0.017188 0.050000
0 0.171094 0.197917 0.015625 0.029167
0 0.678516 0.561806 0.027344 0.040278
0 0.921094 0.055556 0.015625 0.027778
0 0.868750 0.855556 0.026562 0.047222
0 0.142969 0.063889 0.015625 0.036111
0 0.163281 0.724306 0.025000 0.029167
0 0.678516 0.665972 0.021094 0.029167
0 0.727734 0.622222 0.019531 0.041667
1 0.309375 0.813194 0.095312 0.259722
1 0.078125 0.487500 0.106250 0.272222
1 0.860938 0.444444 0.156250 0.250000
1 0.522656 0.617361 0.140625 0.304167
1 0.760938 0.165972 0.137500 0.229167
1 0.705469 0.859722 0.145313 0.186111
1 0.548047 0.227778 0.149219 0.300000
1 0.281250 0.506250 0.112500 0.168056
1 0.084766 0.777083 0.114844 0.187500