0 0.602734 0.204861 0.019531 0.048611
0 0.945312 0.290278 0.014063 0.050000
0 0.065625 0.301389 0.017188 0.038889
0 0.950391 0.511806 0.027344 0.034722
0 0.899609 0.249306 0.025781 0.048611
0 0.469922 0.896528 0.022656 0.040278
0 0.053516 0.862500 0.024219 0.025000
0 0.902344 0.200000 0.025000 0.025000
0 0.880859 0.852083 0.021094 0.040278
0 0.132031 0.207639 0.021875 0.040278
0 0.527344 0.145139 0.015625 0.045833
0 0.364844 0.919444 0.014063 0.044444
0 0.491016 0.178472 0.019531 0.037500
0 0.022656 0.425694 0.015625 0.048611
0 0.728125 0.747917 0.023438 0.034722
0 0.942969 0.909722 0.018750 0.050000
0 0.944531 0.115972 0.025000 0.034722
0 0.651953 0.058333 0.016406 0.033333
0 0.069922 0.924306 0.024219 0.037500
0 0.943359 0.806944 0.027344 0.030556
0 0.720703 0.223611 0.027344 0.036111
0 0.163672 0.201389 0.019531 0.044444
0 0.268750 0.918056 0.025000 0.038889
0 0.809766 0.930556 0.025781 0.041667
0 0.474609 0.244444 0.024219 0.038889
0 0.976953 0.568750 0.025781 0.048611
0 0.849219 0.908333 0.021875 0.044444
0 0.128125 0.152778 0.020313 0.036111
0 0.023828 0.829861 0.021094 0.034722
0 0.841797 0.752778 0.014844 0.033333
0 0.562109 0.456250 0.014844 0.043056
0 0.642578 0.940972 0.014844 0.029167
0 0.555078 0.040278 0.021094 0.025000
0 0.889453 0.483333 0.014844 0.041667
0 0.473828 0.852778 0.017969 0.030556
0 0.582812 0.218056 0.014063 0.050000
0 0.869141 0.154861 0.016406 0.037500
0 0.875000 0.752083 0.017188 0.029167
0 0.393359 0.786806 0.024219 0.034722
0 0.109766 0.391667 0.021094 0.041667
0 0.103906 0.562500 0.020313 0.030556
0 0.026172 0.193750 0.021094 0.029167
0 0.675391 0.220833 0.022656 0.038889
0 0.946094 0.051389 0.015625 0.041667
0 0.479687 0.110417 0.014063 0.040278
0 0.045312 0.347917 0.017188 0.037500
0 0.866016 0.044444 0.016406 0.033333
0 0.946094 0.556944 0.015625 0.036111
0 0.018359 0.656250 0.014844 0.029167
0 0.592187 0.283333 0.017188 0.036111
0 0.714453 0.647917 0.017969 0.026389
0 0.957422 0.436806 0.027344 0.029167
0 0.307031 0.868056 0.025000 0.050000
0 0.971875 0.213889 0.017188 0.025000
0 0.705078 0.124306 0.016406 0.031944
0 0.779297 0.386111 0.025781 0.033333
0 0.785156 0.929167 0.014063 0.041667
0 0.401172 0.081944 0.027344 0.041667
0 0.903516 0.400000 0.014844 0.036111
0 0.096484 0.906944 0.017969 0.030556
0 0.753516 0.923611 0.017969 0.041667
0 0.817187 0.370833 0.028125 0.050000
0 0.773438 0.866667 0.021875 0.030556
0 0.596875 0.141667 0.023438 0.041667
0 0.044531 0.936111 0.020313 0.027778
0 0.434375 0.065278 0.023438 0.050000
0 0.086328 0.649306 0.022656 0.029167
0 0.519141 0.890278 0.017969 0.047222
0 0.548828 0.832639 0.017969 0.045833
0 0.035547 0.564583 0.019531 0.048611
0 0.522656 0.808333 0.028125 0.038889
0 0.917578 0.730556 0.014844 0.033333
0 0.930469 0.225694 0.018750 0.026389
0 0.039062 0.494444 0.023438 0.036111
0 0.963281 0.339583 0.026562 0.037500
0 0.060547 0.565972 0.017969 0.031944
0 0.854688 0.387500 0.021875 0.025000
0 0.550391 0.934722 0.019531 0.025000
0 0.894922 0.656944 0.025781 0.025000
0 0.868750 0.090972 0.018750 0.037500
0 0.031250 0.709722 0.020313 0.038889
0 0.767969 0.346528 0.018750 0.029167
0 0.953516 0.659722 0.017969 0.044444
0 0.112500 0.962500 0.028125 0.025000
0 0.129688 0.819444 0.028125 0.044444
0 0.916797 0.864583 0.022656 0.040278
0 0.774219 0.779861 0.028125 0.031944
0 0.401172 0.468056 0.014844 0.025000
0 0.810547 0.786111 0.016406 0.044444
0 0.067187 0.813889 0.018750 0.036111
0 0.649219 0.218056 0.021875 0.027778
0 0.572656 0.540972 0.015625 0.043056
0 0.909375 0.550000 0.021875 0.030556
1 0.657422 0.365972 0.096094 0.201389
1 0.812109 0.601389 0.113281 0.252778
1 0.389844 0.250694 0.096875 0.276389
1 0.477344 0.590972 0.125000 0.290278
1 0.788281 0.192361 0.096875 0.243056
1 0.187109 0.582639 0.130469 0.237500
1 0.633594 0.708333 0.114062 0.275000
1 0.330469 0.627778 0.106250 0.238889
1 0.254297 0.138889 0.146094 0.169444
1 0.201172 0.839583 0.100781 0.195833