0 0.157812 0.543056 0.020313 0.033333
0 0.851953 0.887500 0.024219 0.033333
0 0.668750 0.890278 0.020313 0.047222
0 0.918750 0.186111 0.014063 0.036111
0 0.252344 0.783333 0.020313 0.025000
0 0.170703 0.483333 0.017969 0.033333
0 0.287109 0.808333 0.027344 0.041667
0 0.184766 0.865972 0.022656 0.026389
0 0.413672 0.399306 0.016406 0.026389
0 0.491016 0.438889 0.016406 0.036111
0 0.971484 0.423611 0.022656 0.025000
0 0.248828 0.911806 0.021094 0.037500
0 0.748047 0.814583 0.014844 0.029167
0 0.214062 0.853472 0.014063 0.031944
0 0.905859 0.943750 0.027344 0.029167
0 0.060547 0.177083 0.025781 0.034722
0 0.273438 0.527778 0.026562 0.041667
0 0.365234 0.955556 0.027344 0.033333
0 0.076563 0.940278 0.017188 0.030556
0 0.539062 0.571528 0.014063 0.040278
0 0.152344 0.086806 0.026562 0.048611
0 0.161328 0.926389 0.019531 0.033333
0 0.351953 0.199306 0.024219 0.031944
0 0.028906 0.899306 0.028125 0.048611
0 0.770312 0.602778 0.021875 0.025000
0 0.281641 0.397222 0.027344 0.038889
0 0.203125 0.630556 0.014063 0.036111
0 0.162109 0.597917 0.025781 0.045833
0 0.950000 0.547222 0.028125 0.027778
0 0.955859 0.127778 0.022656 0.030556
0 0.024609 0.774306 0.025781 0.026389
0 0.942578 0.708333 0.016406 0.038889
0 0.061719 0.779167 0.023438 0.044444
0 0.338672 0.512500 0.024219 0.050000
0 0.373437 0.428472 0.023438 0.043056
0 0.437500 0.484722 0.023438 0.027778
0 0.311719 0.754167 0.023438 0.047222
0 0.658594 0.106250 0.028125 0.043056
0 0.436328 0.959028 0.022656 0.045833
0 0.380859 0.161111 0.025781 0.038889
0 0.691016 0.039583 0.027344 0.034722
0 0.735547 0.965278 0.025781 0.036111
0 0.716797 0.884722 0.025781 0.025000
0 0.086719 0.818750 0.015625 0.040278
0 0.041406 0.090278 0.018750 0.030556
0 0.339453 0.145833 0.017969 0.050000
0 0.971094 0.705556 0.018750 0.050000
0 0.299219 0.691667 0.021875 0.038889
0 0.823047 0.932639 0.016406 0.029167
0 0.169531 0.402083 0.015625 0.048611
0 0.408594 0.444444 0.017188 0.047222
0 0.912109 0.078472 0.024219 0.029167
0 0.982812 0.281944 0.014063 0.033333
0 0.038672 0.847222 0.024219 0.027778
0 0.663281 0.179167 0.018750 0.036111
0 0.933203 0.485417 0.021094 0.034722
0 0.779297 0.739583 0.022656 0.031944
0 0.186719 0.774306 0.018750 0.026389
0 0.181641 0.825000 0.016406 0.036111
0 0.601953 0.952778 0.019531 0.033333
0 0.922266 0.888889 0.014844 0.044444
0 0.103125 0.181944 0.026562 0.027778
0 0.302344 0.087500 0.017188 0.050000
0 0.175781 0.700694 0.018750 0.034722
0 0.963281 0.183333 0.023438 0.027778
0 0.935156 0.951389 0.017188 0.047222
0 0.471484 0.048611 0.022656 0.050000
0 0.613672 0.192361 0.019531 0.034722
0 0.940625 0.777778 0.020313 0.025000
0 0.753906 0.903472 0.021875 0.040278
0 0.420312 0.563889 0.015625 0.044444
0 0.146875 0.318750 0.020313 0.026389
0 0.240234 0.079167 0.014844 0.033333
0 0.394922 0.960417 0.017969 0.045833
0 0.941797 0.888194 0.014844 0.031944
0 0.949219 0.600000 0.020313 0.044444
0 0.583984 0.168056 0.014844 0.050000
0 0.378516 0.535417 0.016406 0.034722
0 0.334766 0.400000 0.016406 0.033333
0 0.263281 0.679861 0.023438 0.026389
0 0.635938 0.903472 0.023438 0.034722
0 0.057813 0.394444 0.014063 0.030556
0 0.142578 0.829861 0.024219 0.034722
0 0.228906 0.696528 0.015625 0.045833
0 0.616406 0.863889 0.020313 0.027778
0 0.288281 0.873611 0.021875 0.050000
0 0.023828 0.204167 0.019531 0.038889
0 0.219922 0.086111 0.017969 0.041667
0 0.925781 0.036806 0.021875 0.034722
0 0.949609 0.346528 0.021094 0.037500
0 0.407422 0.883333 0.021094 0.036111
0 0.381641 0.361806 0.025781 0.026389
0 0.513281 0.459722 0.014063 0.036111
0 0.927734 0.409028 0.016406 0.031944
0 0.031641 0.964583 0.024219 0.026389
0 0.433203 0.057639 0.027344 0.048611
0 0.230469 0.622222 0.020313 0.041667
0 0.972266 0.936806 0.025781 0.048611
0 0.773438 0.565278 0.017188 0.038889
0 0.967187 0.793750 0.020313 0.026389
0 0.114062 0.854167 0.023438 0.025000
0 0.910547 0.127083 0.016406 0.031944
0 0.648438 0.035417 0.020313 0.026389
0 0.144922 0.714583 0.027344 0.026389
0 0.139844 0.037500 0.023438 0.038889
1 0.858984 0.661806 0.097656 0.215278
1 0.687500 0.668750 0.118750 0.198611
1 0.552734 0.738889 0.094531 0.266667
1 0.403516 0.735417 0.142969 0.237500
1 0.083984 0.565972 0.094531 0.243056
1 0.600781 0.341667 0.095312 0.227778
1 0.249219 0.247917 0.151562 0.218056
1 0.775000 0.329861 0.162500 0.248611
1 0.481641 0.240972 0.105469 0.301389