0 0.893555 0.220703 0.041016 0.031250
0 0.162109 0.881836 0.054688 0.044922
0 0.760742 0.892578 0.048828 0.039062
0 0.938477 0.392578 0.041016 0.035156
0 0.966797 0.089844 0.035156 0.035156
0 0.055664 0.100586 0.037109 0.041016
0 0.114258 0.133789 0.037109 0.048828
0 0.240234 0.161133 0.031250 0.037109
0 0.843750 0.053711 0.046875 0.033203
0 0.135742 0.382812 0.033203 0.039062
0 0.892578 0.464844 0.054688 0.046875
0 0.071289 0.625977 0.044922 0.056641
0 0.175781 0.066406 0.042969 0.035156
0 0.101562 0.845703 0.046875 0.042969
0 0.854492 0.867188 0.037109 0.035156
0 0.812500 0.403320 0.054688 0.044922
0 0.082031 0.462891 0.035156 0.042969
0 0.929688 0.866211 0.039062 0.048828
0 0.895508 0.542969 0.041016 0.046875
0 0.174805 0.313477 0.056641 0.033203
0 0.433594 0.428711 0.042969 0.041016
0 0.125000 0.766602 0.046875 0.044922
0 0.860352 0.137695 0.033203 0.037109
0 0.791992 0.052734 0.041016 0.054688
0 0.085938 0.402344 0.035156 0.039062
0 0.745117 0.458008 0.048828 0.056641
0 0.511719 0.244141 0.039062 0.031250
0 0.136719 0.511719 0.031250 0.054688
0 0.960938 0.957031 0.035156 0.031250
0 0.155273 0.656250 0.048828 0.058594
0 0.068359 0.309570 0.054688 0.041016
0 0.476562 0.856445 0.035156 0.056641
0 0.267578 0.083008 0.046875 0.056641
0 0.930664 0.339844 0.044922 0.050781
0 0.486328 0.391602 0.031250 0.033203
0 0.481445 0.952148 0.033203 0.048828
0 0.420898 0.292969 0.033203 0.035156
1 0.584961 0.556641 0.251953 0.195312
1 0.339844 0.710938 0.179688 0.230469
1 0.658203 0.289062 0.164062 0.250000
1 0.402344 0.137695 0.144531 0.205078
1 0.305664 0.452148 0.150391 0.181641
1 0.864258 0.697266 0.166016 0.230469
1 0.576172 0.820312 0.140625 0.222656