0 0.919531 0.263889 0.020313 0.036111
0 0.787500 0.077778 0.014063 0.027778
0 0.873828 0.156944 0.025781 0.038889
0 0.080078 0.718750 0.017969 0.031944
0 0.521875 0.797222 0.020313 0.027778
0 0.466016 0.225694 0.022656 0.026389
0 0.768750 0.515278 0.015625 0.030556
0 0.942187 0.192361 0.018750 0.043056
0 0.955469 0.505556 0.028125 0.044444
0 0.413281 0.170833 0.021875 0.050000
0 0.900391 0.537500 0.017969 0.041667
0 0.880469 0.350000 0.014063 0.030556
0 0.367188 0.359028 0.017188 0.026389
0 0.664453 0.599306 0.017969 0.026389
0 0.490234 0.565278 0.021094 0.044444
0 0.677734 0.563889 0.021094 0.027778
0 0.351953 0.402083 0.017969 0.029167
0 0.395313 0.961111 0.023438 0.027778
0 0.163281 0.050694 0.023438 0.043056
0 0.459375 0.961806 0.021875 0.043056
0 0.032422 0.959722 0.024219 0.044444
0 0.023047 0.384722 0.025781 0.025000
0 0.508203 0.686111 0.019531 0.027778
0 0.196484 0.154167 0.021094 0.047222
0 0.483984 0.087500 0.014844 0.044444
0 0.510156 0.070833 0.028125 0.027778
0 0.458594 0.063194 0.015625 0.043056
0 0.535156 0.084028 0.015625 0.040278
0 0.364063 0.184722 0.025000 0.041667
0 0.564063 0.922222 0.017188 0.033333
0 0.233203 0.380556 0.017969 0.044444
0 0.583594 0.040278 0.025000 0.030556
0 0.516406 0.538194 0.014063 0.045833
0 0.419922 0.047917 0.027344 0.026389
0 0.408203 0.409722 0.017969 0.033333
0 0.928906 0.394444 0.017188 0.047222
0 0.894922 0.214583 0.024219 0.040278
0 0.888281 0.952778 0.025000 0.030556
0 0.226562 0.456944 0.015625 0.030556
0 0.509375 0.109028 0.020313 0.034722
0 0.508203 0.745139 0.021094 0.045833
0 0.199609 0.843056 0.024219 0.038889
0 0.488281 0.177778 0.017188 0.044444
0 0.676953 0.386111 0.021094 0.027778
0 0.162109 0.860417 0.025781 0.034722
0 0.885547 0.097917 0.017969 0.037500
0 0.719531 0.427778 0.028125 0.038889
0 0.700781 0.603472 0.025000 0.031944
0 0.961719 0.033333 0.025000 0.033333
0 0.237891 0.828472 0.027344 0.034722
0 0.055859 0.107639 0.027344 0.043056
0 0.510156 0.444444 0.020313 0.025000
0 0.483594 0.914583 0.023438 0.029167
0 0.174609 0.544444 0.019531 0.030556
0 0.047656 0.902778 0.014063 0.025000
0 0.867188 0.044444 0.014063 0.047222
0 0.253125 0.487500 0.015625 0.038889
0 0.455078 0.638889 0.021094 0.041667
0 0.930078 0.050694 0.027344 0.031944
0 0.625781 0.087500 0.028125 0.036111
0 0.073438 0.160417 0.018750 0.031944
0 0.413672 0.536806 0.017969 0.043056
0 0.379297 0.115972 0.027344 0.034722
0 0.177734 0.909028 0.014844 0.031944
0 0.350000 0.569444 0.021875 0.050000
0 0.095312 0.926389 0.025000 0.044444
0 0.974609 0.821528 0.016406 0.029167
0 0.366797 0.472222 0.022656 0.038889
0 0.048047 0.548611 0.022656 0.033333
0 0.860156 0.474306 0.018750 0.043056
0 0.923047 0.346528 0.021094 0.029167
0 0.020703 0.234028 0.016406 0.040278
0 0.150391 0.929861 0.025781 0.029167
0 0.164453 0.202778 0.022656 0.047222
0 0.314844 0.953472 0.018750 0.034722
0 0.391406 0.600000 0.017188 0.025000
0 0.439063 0.369444 0.020313 0.050000
0 0.855469 0.588194 0.014063 0.026389
0 0.177734 0.957639 0.019531 0.026389
0 0.746094 0.634028 0.014063 0.034722
0 0.169531 0.812500 0.026562 0.027778
1 0.288281 0.200694 0.104688 0.248611
1 0.591016 0.300694 0.110156 0.234722
1 0.867578 0.806250 0.169531 0.231944
1 0.773828 0.200694 0.136719 0.181944
1 0.588672 0.576389 0.119531 0.211111
1 0.611719 0.801389 0.115625 0.183333
1 0.215234 0.671528 0.164844 0.201389
1 0.130469 0.374306 0.132812 0.229167
1 0.391016 0.801389 0.127344 0.219444