0 0.668945 0.108398 0.033203 0.037109
0 0.341797 0.290039 0.046875 0.048828
0 0.287109 0.936523 0.058594 0.052734
0 0.539062 0.062500 0.058594 0.046875
0 0.086914 0.700195 0.044922 0.033203
0 0.942383 0.770508 0.041016 0.052734
0 0.290039 0.188477 0.041016 0.052734
0 0.180664 0.664062 0.033203 0.039062
0 0.710938 0.533203 0.050781 0.050781
0 0.882812 0.561523 0.031250 0.037109
0 0.143555 0.914062 0.037109 0.046875
0 0.466797 0.438477 0.046875 0.056641
0 0.303711 0.036133 0.056641 0.037109
0 0.378906 0.679688 0.035156 0.046875
0 0.710938 0.613281 0.035156 0.058594
0 0.298828 0.724609 0.058594 0.039062
0 0.221680 0.966797 0.052734 0.031250
0 0.429688 0.055664 0.046875 0.056641
0 0.642578 0.922852 0.031250 0.037109
0 0.859375 0.665039 0.039062 0.052734
0 0.053711 0.956055 0.052734 0.056641
0 0.874023 0.481445 0.033203 0.041016
0 0.902344 0.643555 0.031250 0.056641
0 0.044922 0.313477 0.050781 0.056641
0 0.782227 0.574219 0.037109 0.039062
0 0.382812 0.622070 0.058594 0.052734
0 0.222656 0.632812 0.035156 0.054688
0 0.373047 0.044922 0.050781 0.031250
0 0.351562 0.385742 0.042969 0.037109
0 0.766602 0.644531 0.056641 0.031250
0 0.948242 0.701172 0.037109 0.042969
0 0.928711 0.283203 0.052734 0.046875
0 0.953125 0.953125 0.058594 0.031250
0 0.796875 0.472656 0.046875 0.039062
0 0.649414 0.051758 0.056641 0.044922
0 0.198242 0.914062 0.052734 0.031250
0 0.355469 0.541992 0.042969 0.033203
0 0.632812 0.444336 0.042969 0.041016
0 0.265625 0.786133 0.042969 0.037109
0 0.933594 0.337891 0.039062 0.046875
0 0.640625 0.785156 0.042969 0.039062
1 0.511719 0.247070 0.246094 0.271484
1 0.444336 0.867188 0.240234 0.230469
1 0.792969 0.318359 0.167969 0.187500
1 0.127930 0.141602 0.205078 0.208984
1 0.791016 0.832031 0.214844 0.250000
1 0.187500 0.473633 0.269531 0.240234
1 0.540039 0.590820 0.224609 0.220703
1 0.124023 0.808594 0.216797 0.148438
1 0.820312 0.130859 0.242188 0.140625