0 0.677734 0.922222 0.014844 0.033333
0 0.414062 0.134722 0.018750 0.041667
0 0.101953 0.035417 0.014844 0.034722
0 0.824219 0.049306 0.017188 0.048611
0 0.098047 0.961111 0.025781 0.027778
0 0.385156 0.475000 0.026562 0.047222
0 0.897656 0.872917 0.021875 0.029167
0 0.230469 0.653472 0.025000 0.026389
0 0.654297 0.042361 0.019531 0.026389
0 0.387500 0.348611 0.018750 0.025000
0 0.728516 0.132639 0.014844 0.031944
0 0.773047 0.838194 0.022656 0.031944
0 0.550391 0.749306 0.021094 0.029167
0 0.030859 0.800000 0.017969 0.044444
0 0.480078 0.306944 0.016406 0.044444
0 0.111328 0.864583 0.022656 0.037500
0 0.222656 0.511806 0.028125 0.034722
0 0.459766 0.946528 0.016406 0.040278
0 0.679688 0.110417 0.028125 0.048611
0 0.804297 0.723611 0.021094 0.033333
0 0.400000 0.037500 0.028125 0.025000
0 0.827344 0.477778 0.028125 0.041667
0 0.329688 0.202778 0.015625 0.050000
0 0.710938 0.234722 0.017188 0.038889
0 0.763672 0.330556 0.021094 0.036111
0 0.507422 0.125000 0.027344 0.033333
0 0.766797 0.793750 0.022656 0.043056
0 0.824219 0.859722 0.026562 0.041667
0 0.277734 0.612500 0.022656 0.027778
0 0.198828 0.670139 0.014844 0.026389
0 0.023438 0.266667 0.028125 0.044444
0 0.875391 0.588194 0.024219 0.040278
0 0.821094 0.574306 0.028125 0.037500
0 0.208984 0.078472 0.025781 0.031944
0 0.557813 0.679861 0.025000 0.034722
0 0.722656 0.865972 0.014063 0.026389
0 0.295703 0.245833 0.019531 0.038889
0 0.047266 0.054861 0.017969 0.026389
0 0.378125 0.660417 0.018750 0.031944
0 0.364063 0.277083 0.017188 0.029167
0 0.622656 0.850000 0.028125 0.036111
0 0.637500 0.156944 0.017188 0.025000
0 0.198828 0.942361 0.021094 0.048611
0 0.432812 0.945833 0.023438 0.050000
0 0.892969 0.952778 0.021875 0.050000
0 0.286719 0.050000 0.020313 0.047222
0 0.512500 0.250000 0.015625 0.030556
0 0.328125 0.065278 0.018750 0.025000
0 0.156250 0.856250 0.026562 0.029167
0 0.974219 0.601389 0.015625 0.050000
0 0.623437 0.958333 0.015625 0.041667
0 0.960938 0.461806 0.015625 0.045833
0 0.849219 0.761111 0.023438 0.047222
0 0.674609 0.791667 0.021094 0.033333
0 0.905859 0.814583 0.021094 0.045833
0 0.493359 0.897917 0.019531 0.045833
0 0.867188 0.521528 0.028125 0.029167
0 0.532031 0.826389 0.015625 0.036111
0 0.441406 0.840972 0.017188 0.031944
0 0.945312 0.038194 0.028125 0.034722
0 0.764453 0.884722 0.024219 0.036111
0 0.890234 0.631250 0.025781 0.029167
0 0.066797 0.962500 0.017969 0.033333
0 0.955469 0.813889 0.020313 0.044444
0 0.496875 0.959028 0.017188 0.037500
0 0.342578 0.661806 0.019531 0.029167
0 0.513672 0.185417 0.017969 0.037500
0 0.768750 0.215278 0.028125 0.044444
0 0.028906 0.956944 0.021875 0.036111
0 0.555078 0.609722 0.017969 0.030556
0 0.198437 0.729861 0.017188 0.045833
0 0.263281 0.659028 0.021875 0.031944
0 0.359766 0.041667 0.014844 0.027778
0 0.919141 0.524306 0.027344 0.034722
0 0.023438 0.120833 0.020313 0.030556
0 0.182812 0.829861 0.014063 0.037500
0 0.123438 0.080556 0.015625 0.047222
0 0.821484 0.947917 0.019531 0.029167
0 0.764453 0.963889 0.019531 0.025000
0 0.607812 0.150000 0.026562 0.033333
0 0.939844 0.096528 0.015625 0.045833
0 0.703906 0.894444 0.017188 0.036111
0 0.486719 0.038194 0.020313 0.026389
0 0.777344 0.084722 0.018750 0.050000
0 0.055078 0.212500 0.022656 0.033333
0 0.650000 0.902778 0.017188 0.025000
0 0.396875 0.219444 0.017188 0.030556
0 0.373828 0.613889 0.017969 0.036111
0 0.501172 0.361111 0.024219 0.027778
0 0.507812 0.297222 0.021875 0.050000
0 0.873437 0.702778 0.015625 0.025000
0 0.467578 0.189583 0.021094 0.048611
0 0.747266 0.379861 0.016406 0.043056
0 0.173828 0.092361 0.021094 0.031944
0 0.777734 0.618056 0.016406 0.025000
0 0.596875 0.927778 0.025000 0.041667
0 0.323047 0.610417 0.014844 0.048611
0 0.517188 0.943750 0.014063 0.045833
0 0.744531 0.033333 0.021875 0.025000
1 0.689453 0.634722 0.146094 0.252778
1 0.476953 0.684722 0.096094 0.188889
1 0.302734 0.447222 0.111719 0.247222
1 0.636719 0.324306 0.104688 0.184722
1 0.326172 0.809028 0.167969 0.173611
1 0.096094 0.570139 0.112500 0.304167
1 0.888672 0.276389 0.161719 0.291667