0 0.457031 0.851562 0.058594 0.046875
0 0.803711 0.567383 0.037109 0.041016
0 0.629883 0.723633 0.037109 0.033203
0 0.232422 0.754883 0.042969 0.052734
0 0.219727 0.325195 0.056641 0.033203
0 0.173828 0.855469 0.058594 0.031250
0 0.667969 0.112305 0.050781 0.048828
0 0.136719 0.347656 0.042969 0.031250
0 0.760742 0.664062 0.052734 0.058594
0 0.091797 0.687500 0.050781 0.031250
0 0.325195 0.944336 0.048828 0.048828
0 0.301758 0.677734 0.044922 0.046875
0 0.888672 0.656250 0.031250 0.039062
0 0.336914 0.320312 0.037109 0.031250
0 0.937500 0.046875 0.050781 0.050781
0 0.616211 0.219727 0.052734 0.052734
0 0.058594 0.786133 0.035156 0.041016
0 0.958008 0.597656 0.048828 0.058594
0 0.364258 0.261719 0.037109 0.054688
0 0.688477 0.618164 0.056641 0.037109
0 0.546875 0.903320 0.042969 0.048828
0 0.173828 0.209961 0.031250 0.037109
0 0.384766 0.907227 0.050781 0.056641
0 0.264648 0.910156 0.037109 0.035156
0 0.091797 0.836914 0.054688 0.033203
0 0.134766 0.745117 0.042969 0.052734
0 0.947266 0.257812 0.058594 0.031250
0 0.853516 0.546875 0.031250 0.054688
0 0.235352 0.238281 0.041016 0.058594
0 0.282227 0.326172 0.044922 0.054688
0 0.199219 0.958008 0.046875 0.033203
0 0.922852 0.712891 0.037109 0.050781
0 0.416016 0.315430 0.058594 0.033203
0 0.325195 0.862305 0.052734 0.033203
1 0.589844 0.414062 0.199219 0.207031
1 0.475586 0.099609 0.181641 0.164062
1 0.781250 0.896484 0.265625 0.144531
1 0.837891 0.419922 0.226562 0.140625
1 0.456055 0.667969 0.208984 0.250000
1 0.829102 0.188477 0.146484 0.193359
1 0.189453 0.505859 0.269531 0.222656