0 0.065430 0.957031 0.033203 0.031250
0 0.555664 0.918945 0.052734 0.052734
0 0.923828 0.848633 0.058594 0.037109
0 0.318359 0.887695 0.058594 0.056641
0 0.466797 0.793945 0.058594 0.056641
0 0.398438 0.941406 0.058594 0.046875
0 0.589844 0.735352 0.050781 0.037109
0 0.218750 0.596680 0.050781 0.044922
0 0.136719 0.966797 0.031250 0.035156
0 0.216797 0.102539 0.035156 0.037109
0 0.403320 0.741211 0.033203 0.056641
0 0.497070 0.893555 0.044922 0.037109
0 0.291992 0.045898 0.037109 0.056641
0 0.109375 0.904297 0.054688 0.050781
0 0.375000 0.079102 0.054688 0.033203
0 0.843750 0.640625 0.054688 0.050781
0 0.424805 0.454102 0.044922 0.056641
0 0.786133 0.396484 0.044922 0.039062
0 0.703125 0.477539 0.058594 0.044922
0 0.962891 0.337891 0.042969 0.054688
0 0.102539 0.217773 0.048828 0.041016
0 0.638672 0.596680 0.035156 0.037109
0 0.377930 0.334961 0.044922 0.041016
0 0.910156 0.770508 0.042969 0.052734
0 0.566406 0.047852 0.054688 0.037109
0 0.927734 0.629883 0.042969 0.044922
0 0.149414 0.084961 0.033203 0.044922
0 0.263672 0.517578 0.039062 0.050781
0 0.657227 0.961914 0.044922 0.044922
0 0.236328 0.330078 0.039062 0.050781
0 0.136719 0.632812 0.042969 0.042969
0 0.349609 0.823242 0.046875 0.052734
0 0.599609 0.782227 0.031250 0.033203
0 0.640625 0.878906 0.054688 0.054688
0 0.211914 0.195312 0.056641 0.042969
0 0.207031 0.925781 0.058594 0.046875
0 0.055664 0.059570 0.044922 0.056641
0 0.092773 0.166016 0.056641 0.039062
0 0.483398 0.094727 0.048828 0.056641
0 0.749023 0.646484 0.037109 0.031250
0 0.234375 0.246094 0.039062 0.039062
1 0.178711 0.744141 0.201172 0.156250
1 0.468750 0.222656 0.250000 0.160156
1 0.449219 0.598633 0.253906 0.173828
1 0.803711 0.201172 0.208984 0.250000
1 0.898438 0.512695 0.167969 0.173828
1 0.783203 0.808594 0.183594 0.250000
1 0.135742 0.377930 0.138672 0.259766