0 0.779297 0.533203 0.050781 0.054688
0 0.755859 0.597656 0.050781 0.054688
0 0.674805 0.203125 0.041016 0.042969
0 0.898438 0.950195 0.046875 0.048828
0 0.104492 0.757812 0.041016 0.035156
0 0.319336 0.953125 0.048828 0.039062
0 0.437500 0.867188 0.054688 0.039062
0 0.628906 0.695312 0.031250 0.031250
0 0.119141 0.583984 0.042969 0.031250
0 0.396484 0.428711 0.039062 0.044922
0 0.935547 0.805664 0.054688 0.044922
0 0.844727 0.083984 0.044922 0.035156
0 0.392578 0.314453 0.031250 0.054688
0 0.036133 0.092773 0.033203 0.056641
0 0.538086 0.256836 0.044922 0.052734
0 0.064453 0.206055 0.035156 0.033203
0 0.937500 0.580078 0.046875 0.042969
0 0.625000 0.061523 0.039062 0.052734
0 0.555664 0.165039 0.052734 0.037109
0 0.814453 0.778320 0.042969 0.037109
0 0.210938 0.076172 0.042969 0.042969
0 0.824219 0.959961 0.031250 0.044922
0 0.050781 0.597656 0.042969 0.031250
0 0.147461 0.179688 0.041016 0.058594
0 0.939453 0.864258 0.058594 0.056641
0 0.875000 0.880859 0.035156 0.058594
0 0.756836 0.142578 0.044922 0.031250
0 0.396484 0.940430 0.035156 0.056641
0 0.143555 0.704102 0.056641 0.033203
0 0.060547 0.914062 0.039062 0.039062
0 0.513672 0.704102 0.031250 0.052734
0 0.943359 0.501953 0.054688 0.035156
0 0.705078 0.490234 0.054688 0.031250
0 0.167969 0.634766 0.035156 0.042969
0 0.953125 0.392578 0.058594 0.035156
0 0.060547 0.403320 0.042969 0.041016
0 0.654297 0.629883 0.039062 0.048828
0 0.750000 0.041992 0.039062 0.033203
0 0.520508 0.098633 0.041016 0.033203
0 0.146484 0.471680 0.031250 0.037109
1 0.314453 0.571289 0.164062 0.146484
1 0.350586 0.754883 0.232422 0.169922
1 0.814453 0.340820 0.203125 0.236328
1 0.387695 0.110352 0.150391 0.142578
1 0.549805 0.449219 0.220703 0.230469
1 0.241211 0.347656 0.255859 0.179688
1 0.625000 0.856445 0.210938 0.154297