0 0.103516 0.097917 0.021094 0.045833
0 0.150781 0.493056 0.028125 0.036111
0 0.777344 0.042361 0.021875 0.029167
0 0.944141 0.802083 0.019531 0.031944
0 0.083203 0.943056 0.022656 0.036111
0 0.025000 0.109028 0.026562 0.040278
0 0.469922 0.225694 0.017969 0.040278
0 0.966797 0.889583 0.025781 0.045833
0 0.218750 0.838889 0.028125 0.044444
0 0.324219 0.707639 0.014063 0.031944
0 0.900000 0.560417 0.026562 0.031944
0 0.631641 0.790278 0.016406 0.050000
0 0.928906 0.118056 0.017188 0.047222
0 0.699219 0.233333 0.015625 0.041667
0 0.755859 0.105556 0.016406 0.047222
0 0.833594 0.047917 0.023438 0.040278
0 0.295703 0.632639 0.027344 0.037500
0 0.843750 0.138889 0.025000 0.036111
0 0.081250 0.434722 0.020313 0.047222
0 0.298438 0.363194 0.025000 0.043056
0 0.610938 0.839583 0.014063 0.031944
0 0.412891 0.083333 0.021094 0.033333
0 0.283594 0.538889 0.015625 0.036111
0 0.213281 0.434028 0.025000 0.048611
0 0.978906 0.590278 0.014063 0.027778
0 0.491016 0.102778 0.016406 0.033333
0 0.682422 0.827083 0.027344 0.048611
0 0.951953 0.704861 0.022656 0.048611
0 0.298047 0.454167 0.022656 0.047222
0 0.190625 0.437500 0.014063 0.047222
0 0.216406 0.483333 0.028125 0.030556
0 0.733594 0.170139 0.017188 0.034722
0 0.323437 0.812500 0.028125 0.027778
0 0.478125 0.319444 0.014063 0.033333
0 0.314063 0.778472 0.023438 0.026389
0 0.021875 0.380556 0.025000 0.038889
0 0.643750 0.552778 0.021875 0.030556
0 0.508203 0.505556 0.014844 0.047222
0 0.524609 0.037500 0.014844 0.038889
0 0.504297 0.179861 0.017969 0.045833
0 0.067969 0.838194 0.018750 0.048611
0 0.042578 0.513194 0.022656 0.034722
0 0.498047 0.230556 0.021094 0.033333
0 0.212500 0.907639 0.014063 0.048611
0 0.254688 0.380556 0.015625 0.044444
0 0.646484 0.034722 0.016406 0.030556
0 0.655859 0.840972 0.017969 0.040278
0 0.216797 0.152778 0.014844 0.038889
0 0.287500 0.756944 0.021875 0.047222
0 0.159766 0.079861 0.022656 0.045833
0 0.877734 0.123611 0.022656 0.033333
0 0.939453 0.563889 0.024219 0.038889
0 0.609375 0.396528 0.023438 0.026389
0 0.116016 0.550694 0.019531 0.040278
0 0.028516 0.202778 0.025781 0.025000
0 0.529297 0.086806 0.024219 0.029167
0 0.655469 0.136111 0.014063 0.041667
0 0.783984 0.304861 0.025781 0.026389
0 0.326953 0.326389 0.016406 0.038889
0 0.246875 0.949306 0.023438 0.043056
0 0.609766 0.800694 0.016406 0.026389
0 0.646484 0.478472 0.014844 0.029167
0 0.760547 0.372917 0.025781 0.029167
0 0.610156 0.142361 0.025000 0.031944
0 0.310937 0.906944 0.028125 0.041667
0 0.653125 0.691667 0.021875 0.030556
0 0.513672 0.403472 0.021094 0.045833
0 0.238281 0.537500 0.023438 0.047222
0 0.199609 0.336806 0.027344 0.034722
0 0.958984 0.187500 0.024219 0.025000
0 0.173047 0.385417 0.022656 0.034722
0 0.801562 0.954167 0.025000 0.036111
0 0.412500 0.188889 0.020313 0.038889
0 0.682031 0.932639 0.026562 0.048611
0 0.474219 0.180556 0.020313 0.038889
1 0.724609 0.562500 0.127344 0.197222
1 0.431250 0.772917 0.131250 0.251389
1 0.116016 0.681250 0.166406 0.173611
1 0.606250 0.267361 0.150000 0.173611
1 0.413281 0.486111 0.159375 0.213889
1 0.573828 0.602083 0.103906 0.170833
1 0.115234 0.234722 0.114844 0.202778
1 0.315234 0.156944 0.157031 0.205556
1 0.876563 0.822222 0.098437 0.227778
1 0.849219 0.284028 0.093750 0.201389