0 0.887695 0.375977 0.041016 0.041016
0 0.454102 0.944336 0.033203 0.052734
0 0.685547 0.558594 0.031250 0.046875
0 0.878906 0.848633 0.046875 0.041016
0 0.331055 0.094727 0.048828 0.052734
0 0.615234 0.870117 0.035156 0.052734
0 0.439453 0.471680 0.054688 0.048828
0 0.406250 0.077148 0.035156 0.041016
0 0.502930 0.599609 0.037109 0.031250
0 0.090820 0.952148 0.041016 0.056641
0 0.903320 0.500977 0.037109 0.041016
0 0.616211 0.600586 0.041016 0.037109
0 0.793945 0.578125 0.044922 0.035156
0 0.862305 0.590820 0.048828 0.052734
0 0.326172 0.447266 0.035156 0.058594
0 0.055664 0.416016 0.056641 0.042969
0 0.262695 0.113281 0.041016 0.042969
0 0.150391 0.057617 0.054688 0.044922
0 0.623047 0.152344 0.035156 0.031250
0 0.875977 0.163086 0.052734 0.052734
0 0.821289 0.524414 0.033203 0.048828
0 0.140625 0.904297 0.039062 0.031250
0 0.413086 0.557617 0.044922 0.037109
0 0.102539 0.705078 0.041016 0.039062
0 0.585938 0.500000 0.039062 0.042969
0 0.618164 0.291016 0.041016 0.031250
0 0.918945 0.692383 0.048828 0.037109
0 0.542969 0.903320 0.042969 0.041016
0 0.791016 0.660156 0.046875 0.058594
0 0.416992 0.667969 0.033203 0.039062
0 0.150391 0.472656 0.042969 0.031250
0 0.882812 0.905273 0.035156 0.056641
0 0.542969 0.818359 0.050781 0.042969
0 0.655273 0.416016 0.052734 0.031250
0 0.508789 0.495117 0.037109 0.056641
1 0.250977 0.682617 0.232422 0.251953
1 0.768555 0.900391 0.150391 0.144531
1 0.596680 0.712891 0.244141 0.144531
1 0.455078 0.258789 0.269531 0.251953
1 0.182617 0.266602 0.197266 0.193359
1 0.744141 0.159180 0.171875 0.263672