0 0.296875 0.141667 0.015625 0.047222
0 0.480078 0.923611 0.014844 0.044444
0 0.373047 0.745833 0.019531 0.044444
0 0.669531 0.308333 0.025000 0.036111
0 0.082812 0.740972 0.014063 0.048611
0 0.649219 0.761806 0.028125 0.037500
0 0.844141 0.061111 0.019531 0.038889
0 0.631250 0.936806 0.017188 0.048611
0 0.068750 0.397917 0.021875 0.029167
0 0.876172 0.238889 0.021094 0.036111
0 0.037891 0.475000 0.014844 0.027778
0 0.683203 0.677778 0.022656 0.050000
0 0.050391 0.143750 0.025781 0.045833
0 0.973437 0.480556 0.018750 0.044444
0 0.657422 0.612500 0.024219 0.030556
0 0.050391 0.548611 0.025781 0.044444
0 0.870313 0.643750 0.018750 0.043056
0 0.770703 0.793750 0.017969 0.048611
0 0.607422 0.683333 0.025781 0.025000
0 0.458594 0.059722 0.018750 0.041667
0 0.859375 0.107639 0.014063 0.037500
0 0.356641 0.625694 0.022656 0.040278
0 0.553516 0.943750 0.025781 0.034722
0 0.973437 0.762500 0.018750 0.025000
0 0.624219 0.236806 0.025000 0.031944
0 0.484766 0.528472 0.017969 0.045833
0 0.595313 0.757639 0.025000 0.034722
0 0.703516 0.595139 0.019531 0.045833
0 0.034375 0.080556 0.015625 0.030556
0 0.970313 0.095139 0.014063 0.037500
0 0.313281 0.968056 0.028125 0.030556
0 0.669922 0.250000 0.025781 0.044444
0 0.113672 0.057639 0.016406 0.031944
0 0.630859 0.140278 0.017969 0.030556
0 0.026172 0.918750 0.019531 0.031944
0 0.592969 0.128472 0.021875 0.048611
0 0.814453 0.777778 0.024219 0.033333
0 0.081641 0.911111 0.027344 0.047222
0 0.894922 0.555556 0.027344 0.036111
0 0.373047 0.143056 0.019531 0.047222
0 0.758594 0.184722 0.023438 0.041667
0 0.538281 0.056250 0.026562 0.040278
0 0.891797 0.950694 0.014844 0.037500
0 0.869531 0.793056 0.021875 0.044444
0 0.594922 0.850000 0.019531 0.033333
0 0.790625 0.836806 0.028125 0.026389
0 0.331641 0.143056 0.027344 0.036111
0 0.467969 0.628472 0.023438 0.048611
0 0.260547 0.215972 0.024219 0.029167
0 0.445312 0.738889 0.025000 0.030556
0 0.819531 0.127083 0.020313 0.037500
0 0.671484 0.891667 0.022656 0.050000
0 0.871094 0.950000 0.018750 0.038889
0 0.896094 0.181944 0.014063 0.050000
0 0.894922 0.761111 0.019531 0.047222
0 0.531641 0.879167 0.024219 0.044444
0 0.225000 0.049306 0.015625 0.031944
0 0.696094 0.162500 0.023438 0.027778
0 0.932813 0.370833 0.026562 0.038889
0 0.047266 0.828472 0.016406 0.037500
0 0.946875 0.068750 0.018750 0.026389
0 0.282031 0.414583 0.018750 0.029167
0 0.078906 0.338889 0.018750 0.033333
0 0.869531 0.334028 0.020313 0.034722
0 0.480859 0.724306 0.019531 0.029167
0 0.031641 0.434722 0.014844 0.030556
0 0.052344 0.316667 0.015625 0.050000
0 0.314453 0.621528 0.019531 0.034722
0 0.469922 0.772222 0.014844 0.027778
0 0.580859 0.662500 0.019531 0.036111
0 0.948047 0.729861 0.025781 0.040278
0 0.687500 0.392361 0.021875 0.048611
0 0.496094 0.622917 0.020313 0.034722
0 0.851562 0.735417 0.020313 0.040278
0 0.048828 0.684028 0.027344 0.043056
0 0.919922 0.125000 0.019531 0.038889
0 0.430469 0.036111 0.018750 0.038889
0 0.286328 0.510417 0.019531 0.034722
0 0.710938 0.795139 0.028125 0.031944
0 0.654297 0.101389 0.022656 0.038889
0 0.100781 0.835417 0.028125 0.037500
0 0.398047 0.064583 0.016406 0.031944
0 0.772266 0.052083 0.022656 0.037500
0 0.631641 0.079861 0.016406 0.026389
0 0.118359 0.941667 0.019531 0.033333
0 0.790625 0.186111 0.018750 0.038889
0 0.978906 0.189583 0.014063 0.040278
0 0.298047 0.308333 0.027344 0.038889
0 0.504297 0.673611 0.027344 0.027778
0 0.935156 0.855556 0.021875 0.044444
0 0.815234 0.945833 0.021094 0.036111
0 0.512500 0.756250 0.021875 0.040278
0 0.067578 0.500000 0.025781 0.025000
0 0.409375 0.881944 0.028125 0.025000
0 0.918359 0.469444 0.021094 0.041667
0 0.593359 0.275000 0.022656 0.047222
0 0.414062 0.735417 0.015625 0.029167
0 0.644141 0.283333 0.019531 0.047222
0 0.289844 0.626389 0.021875 0.041667
0 0.932813 0.661111 0.014063 0.025000
0 0.252734 0.108333 0.016406 0.041667
0 0.308203 0.077083 0.021094 0.037500
0 0.603906 0.061806 0.025000 0.043056
0 0.873828 0.900694 0.025781 0.037500
0 0.357031 0.800000 0.017188 0.030556
0 0.552734 0.659722 0.014844 0.044444
0 0.096094 0.104167 0.028125 0.036111
0 0.562500 0.718056 0.017188 0.038889
0 0.367578 0.868056 0.014844 0.047222
0 0.249609 0.295833 0.024219 0.027778
1 0.770703 0.350694 0.128906 0.270833
1 0.494531 0.177778 0.157812 0.172222
1 0.180859 0.511111 0.152344 0.272222
1 0.575391 0.470833 0.127344 0.294444
1 0.387109 0.427778 0.133594 0.238889
1 0.173437 0.797917 0.106250 0.237500
1 0.780859 0.655556 0.111719 0.188889