0 0.951172 0.944336 0.031250 0.048828
0 0.633789 0.265625 0.048828 0.039062
0 0.333984 0.791992 0.050781 0.048828
0 0.245117 0.444336 0.056641 0.048828
0 0.387695 0.428711 0.048828 0.056641
0 0.715820 0.459961 0.052734 0.052734
0 0.059570 0.714844 0.048828 0.042969
0 0.069336 0.964844 0.056641 0.031250
0 0.956055 0.680664 0.041016 0.056641
0 0.885742 0.651367 0.052734 0.044922
0 0.794922 0.494141 0.046875 0.031250
0 0.347656 0.046875 0.058594 0.031250
0 0.632812 0.143555 0.046875 0.052734
0 0.895508 0.915039 0.052734 0.052734
0 0.842773 0.153320 0.033203 0.041016
0 0.249023 0.085938 0.041016 0.050781
0 0.080078 0.054688 0.042969 0.046875
0 0.086914 0.428711 0.056641 0.048828
0 0.413086 0.851562 0.056641 0.054688
0 0.037109 0.562500 0.035156 0.046875
0 0.275391 0.854492 0.058594 0.037109
0 0.102539 0.899414 0.048828 0.056641
0 0.684570 0.355469 0.052734 0.046875
0 0.563477 0.209961 0.044922 0.044922
0 0.134766 0.808594 0.054688 0.058594
0 0.600586 0.053711 0.052734 0.048828
0 0.173828 0.737305 0.046875 0.052734
0 0.061523 0.367188 0.037109 0.031250
0 0.791992 0.162109 0.041016 0.050781
0 0.097656 0.600586 0.042969 0.044922
0 0.926758 0.740234 0.041016 0.031250
0 0.042969 0.267578 0.031250 0.054688
0 0.766602 0.732422 0.033203 0.046875
0 0.714844 0.281250 0.050781 0.031250
0 0.271484 0.386719 0.035156 0.046875
0 0.129883 0.037109 0.037109 0.039062
0 0.568359 0.351562 0.046875 0.046875
0 0.957031 0.460938 0.031250 0.035156
0 0.919922 0.510742 0.058594 0.044922
0 0.193359 0.351562 0.054688 0.039062
0 0.334961 0.128906 0.037109 0.054688
0 0.303711 0.925781 0.044922 0.042969
0 0.883789 0.438477 0.048828 0.052734
0 0.500000 0.054688 0.046875 0.035156
0 0.478516 0.133789 0.046875 0.044922
0 0.841797 0.797852 0.050781 0.056641
0 0.794922 0.418945 0.035156 0.033203
0 0.048828 0.789062 0.031250 0.042969
0 0.906250 0.854492 0.046875 0.048828
1 0.421875 0.268555 0.210938 0.197266
1 0.583984 0.862305 0.207031 0.220703
1 0.708984 0.605469 0.152344 0.148438
1 0.874023 0.294922 0.201172 0.199219
1 0.170898 0.224609 0.189453 0.171875
1 0.255859 0.605469 0.257812 0.179688
1 0.513672 0.593750 0.152344 0.261719