0 0.025000 0.118750 0.017188 0.029167
0 0.873828 0.658333 0.017969 0.050000
0 0.148828 0.266667 0.024219 0.036111
0 0.972656 0.791667 0.018750 0.047222
0 0.848828 0.804861 0.021094 0.026389
0 0.207031 0.495833 0.014063 0.025000
0 0.203516 0.661111 0.022656 0.041667
0 0.501953 0.324306 0.025781 0.029167
0 0.205078 0.306944 0.019531 0.036111
0 0.224609 0.054167 0.021094 0.038889
0 0.896875 0.802083 0.026562 0.043056
0 0.208984 0.591667 0.022656 0.036111
0 0.875000 0.562500 0.015625 0.025000
0 0.426172 0.446528 0.017969 0.026389
0 0.867578 0.263889 0.027344 0.044444
0 0.903516 0.595139 0.014844 0.026389
0 0.103906 0.911806 0.020313 0.026389
0 0.183203 0.136111 0.022656 0.033333
0 0.934766 0.854167 0.021094 0.030556
0 0.801172 0.163194 0.027344 0.029167
0 0.468359 0.597222 0.019531 0.047222
0 0.150000 0.127083 0.020313 0.048611
0 0.937109 0.357639 0.021094 0.037500
0 0.865625 0.715278 0.023438 0.025000
0 0.956641 0.598611 0.019531 0.044444
0 0.458594 0.229861 0.015625 0.029167
0 0.028516 0.931250 0.024219 0.040278
0 0.532031 0.599306 0.025000 0.037500
0 0.074219 0.752778 0.020313 0.033333
0 0.885156 0.067361 0.025000 0.031944
0 0.952344 0.290972 0.017188 0.048611
0 0.024609 0.800000 0.027344 0.047222
0 0.081641 0.061111 0.017969 0.033333
0 0.440625 0.309722 0.021875 0.036111
0 0.862109 0.185417 0.016406 0.048611
0 0.284766 0.392361 0.024219 0.048611
0 0.023438 0.184028 0.017188 0.034722
0 0.537891 0.076389 0.021094 0.036111
0 0.060547 0.697222 0.025781 0.047222
0 0.516406 0.137500 0.028125 0.030556
0 0.250391 0.398611 0.014844 0.044444
0 0.492188 0.254861 0.021875 0.026389
0 0.464062 0.540972 0.028125 0.040278
0 0.511328 0.486111 0.025781 0.050000
0 0.562891 0.375694 0.027344 0.040278
0 0.092969 0.156250 0.023438 0.037500
0 0.710547 0.874306 0.022656 0.040278
0 0.875391 0.443056 0.022656 0.047222
0 0.174219 0.728472 0.021875 0.048611
0 0.154297 0.662500 0.019531 0.036111
0 0.581250 0.117361 0.015625 0.045833
0 0.941797 0.646528 0.024219 0.031944
0 0.117969 0.691667 0.028125 0.033333
0 0.755078 0.895139 0.016406 0.029167
0 0.473828 0.120833 0.016406 0.038889
0 0.468359 0.372222 0.024219 0.047222
0 0.673828 0.818750 0.022656 0.037500
0 0.925781 0.479861 0.014063 0.045833
0 0.048828 0.884028 0.024219 0.043056
0 0.789062 0.852778 0.025000 0.025000
0 0.835938 0.313889 0.020313 0.041667
0 0.965234 0.727083 0.014844 0.031944
0 0.113672 0.801389 0.024219 0.036111
0 0.964844 0.509028 0.017188 0.040278
0 0.534375 0.263889 0.023438 0.033333
0 0.924609 0.421528 0.027344 0.029167
0 0.798828 0.107639 0.025781 0.029167
0 0.428516 0.937500 0.021094 0.025000
0 0.019531 0.518750 0.020313 0.031944
0 0.303906 0.504167 0.015625 0.033333
0 0.803906 0.405556 0.025000 0.044444
0 0.968750 0.863194 0.017188 0.043056
0 0.687500 0.040278 0.014063 0.036111
0 0.046875 0.098611 0.020313 0.044444
0 0.975000 0.368056 0.015625 0.044444
0 0.394141 0.954861 0.025781 0.045833
0 0.047656 0.304167 0.015625 0.036111
0 0.863281 0.525000 0.015625 0.030556
0 0.798047 0.920833 0.017969 0.044444
0 0.478516 0.477083 0.016406 0.029167
0 0.103906 0.312500 0.014063 0.033333
0 0.031641 0.575694 0.014844 0.043056
0 0.920703 0.948611 0.024219 0.047222
0 0.738672 0.495833 0.027344 0.027778
0 0.962891 0.927778 0.024219 0.036111
0 0.360156 0.431250 0.015625 0.048611
0 0.904297 0.863889 0.019531 0.050000
0 0.912891 0.280556 0.014844 0.044444
0 0.546875 0.140278 0.020313 0.050000
0 0.338672 0.956944 0.017969 0.036111
0 0.913281 0.131250 0.017188 0.048611
0 0.404687 0.577083 0.014063 0.045833
0 0.372266 0.488889 0.019531 0.033333
1 0.298828 0.619444 0.132031 0.177778
1 0.330469 0.205556 0.171875 0.288889
1 0.555469 0.813889 0.146875 0.247222
1 0.682813 0.215278 0.157812 0.241667
1 0.638672 0.540278 0.119531 0.241667
1 0.200781 0.868056 0.121875 0.180556
1 0.113281 0.465278 0.109375 0.250000