0 0.918359 0.469444 0.022656 0.027778
0 0.667578 0.462500 0.021094 0.030556
0 0.650781 0.216667 0.014063 0.044444
0 0.887109 0.959028 0.027344 0.043056
0 0.332813 0.051389 0.026562 0.044444
0 0.243359 0.279861 0.017969 0.045833
0 0.209375 0.100000 0.026562 0.027778
0 0.273438 0.924306 0.021875 0.048611
0 0.817187 0.128472 0.015625 0.029167
0 0.389062 0.079861 0.015625 0.034722
0 0.030078 0.477778 0.027344 0.033333
0 0.085156 0.321528 0.023438 0.029167
0 0.266406 0.427778 0.014063 0.030556
0 0.726953 0.586806 0.017969 0.045833
0 0.414062 0.104861 0.014063 0.034722
0 0.055859 0.725694 0.021094 0.034722
0 0.848828 0.208333 0.017969 0.041667
0 0.440625 0.376389 0.028125 0.047222
0 0.414453 0.572222 0.014844 0.038889
0 0.486328 0.656944 0.016406 0.033333
0 0.946484 0.179861 0.017969 0.045833
0 0.180078 0.217361 0.022656 0.037500
0 0.313281 0.508333 0.017188 0.025000
0 0.845703 0.116667 0.027344 0.050000
0 0.296484 0.098611 0.019531 0.041667
0 0.436719 0.126389 0.017188 0.044444
0 0.030859 0.552083 0.024219 0.031944
0 0.031250 0.774306 0.026562 0.031944
0 0.255859 0.126389 0.024219 0.027778
0 0.957812 0.575000 0.014063 0.044444
0 0.537891 0.809028 0.027344 0.031944
0 0.553125 0.043750 0.017188 0.048611
0 0.030859 0.721528 0.022656 0.043056
0 0.026562 0.886806 0.025000 0.048611
0 0.214844 0.259028 0.017188 0.043056
0 0.939063 0.824306 0.018750 0.037500
0 0.928516 0.943056 0.017969 0.025000
0 0.919531 0.059722 0.025000 0.030556
0 0.245703 0.647917 0.021094 0.043056
0 0.905859 0.260417 0.017969 0.048611
0 0.768750 0.909028 0.017188 0.043056
0 0.237500 0.515972 0.017188 0.037500
0 0.039062 0.384028 0.017188 0.045833
0 0.626172 0.110417 0.024219 0.040278
0 0.436328 0.891667 0.027344 0.036111
0 0.399219 0.429861 0.028125 0.026389
0 0.020313 0.963194 0.017188 0.040278
0 0.871484 0.286111 0.021094 0.050000
0 0.582812 0.825694 0.020313 0.043056
0 0.967187 0.756944 0.025000 0.044444
0 0.764453 0.058333 0.025781 0.038889
0 0.645703 0.042361 0.022656 0.031944
0 0.392578 0.937500 0.021094 0.030556
0 0.787891 0.839583 0.019531 0.048611
0 0.974219 0.813194 0.028125 0.037500
0 0.961328 0.511111 0.025781 0.047222
0 0.485938 0.385417 0.018750 0.045833
0 0.387891 0.773611 0.014844 0.030556
0 0.728125 0.515972 0.026562 0.026389
0 0.559766 0.754167 0.027344 0.044444
0 0.499609 0.903472 0.022656 0.045833
0 0.583203 0.111806 0.024219 0.037500
0 0.449219 0.633333 0.014063 0.030556
0 0.883203 0.234722 0.016406 0.030556
0 0.482812 0.805556 0.028125 0.033333
0 0.340234 0.533333 0.025781 0.030556
0 0.824609 0.956944 0.019531 0.041667
0 0.022266 0.656944 0.017969 0.033333
0 0.729297 0.706250 0.024219 0.048611
0 0.885156 0.881944 0.014063 0.027778
0 0.355469 0.618056 0.018750 0.041667
0 0.296875 0.152778 0.028125 0.050000
0 0.961719 0.427778 0.015625 0.027778
0 0.832812 0.845833 0.025000 0.036111
0 0.887500 0.156944 0.025000 0.027778
0 0.381641 0.511111 0.014844 0.044444
0 0.432422 0.937500 0.024219 0.041667
0 0.356250 0.902083 0.020313 0.031944
0 0.963281 0.380556 0.017188 0.050000
0 0.478125 0.257639 0.028125 0.045833
0 0.960938 0.956250 0.015625 0.026389
0 0.942187 0.100000 0.015625 0.036111
0 0.238672 0.450694 0.025781 0.029167
0 0.728125 0.874306 0.025000 0.037500
0 0.431250 0.802083 0.018750 0.026389
0 0.206250 0.161806 0.028125 0.026389
0 0.810547 0.165278 0.021094 0.025000
0 0.071094 0.963889 0.023438 0.025000
0 0.756250 0.961806 0.026562 0.026389
0 0.871875 0.481250 0.028125 0.034722
0 0.310547 0.927778 0.016406 0.033333
0 0.434766 0.737500 0.017969 0.047222
0 0.667969 0.406250 0.017188 0.037500
0 0.805859 0.083333 0.016406 0.041667
0 0.178125 0.137500 0.017188 0.025000
0 0.293750 0.549306 0.020313 0.037500
0 0.878125 0.093750 0.021875 0.040278
0 0.456250 0.809028 0.014063 0.043056
0 0.506250 0.084028 0.021875 0.048611
1 0.614844 0.606944 0.171875 0.202778
1 0.571094 0.299306 0.129688 0.304167
1 0.177344 0.814583 0.160938 0.248611
1 0.333984 0.299306 0.153906 0.206944
1 0.094531 0.179167 0.109375 0.233333
1 0.786328 0.352778 0.136719 0.186111
1 0.325000 0.746528 0.098437 0.190278
1 0.141797 0.523611 0.155469 0.275000
1 0.837109 0.647917 0.166406 0.281944