0 0.488281 0.742188 0.039062 0.058594
0 0.487305 0.044922 0.041016 0.054688
0 0.291992 0.299805 0.052734 0.037109
0 0.480469 0.114258 0.046875 0.044922
0 0.232422 0.125977 0.050781 0.037109
0 0.845703 0.631836 0.058594 0.037109
0 0.386719 0.843750 0.039062 0.046875
0 0.834961 0.073242 0.056641 0.056641
0 0.687500 0.931641 0.058594 0.046875
0 0.768555 0.894531 0.044922 0.054688
0 0.566406 0.565430 0.039062 0.037109
0 0.142578 0.125000 0.050781 0.035156
0 0.920898 0.506836 0.048828 0.037109
0 0.446289 0.900391 0.048828 0.035156
0 0.047852 0.086914 0.044922 0.044922
0 0.746094 0.745117 0.058594 0.056641
0 0.915039 0.844727 0.041016 0.041016
0 0.306641 0.099609 0.035156 0.058594
0 0.808594 0.174805 0.039062 0.056641
0 0.855469 0.934570 0.058594 0.048828
0 0.848633 0.686523 0.037109 0.048828
0 0.940430 0.374023 0.052734 0.056641
0 0.906250 0.680664 0.035156 0.033203
0 0.869141 0.445312 0.031250 0.058594
0 0.503906 0.597656 0.050781 0.046875
0 0.939453 0.292969 0.042969 0.039062
0 0.881836 0.264648 0.052734 0.056641
0 0.425781 0.788086 0.058594 0.037109
0 0.864258 0.363281 0.037109 0.050781
0 0.780273 0.297852 0.048828 0.052734
0 0.510742 0.933594 0.048828 0.042969
0 0.817383 0.457031 0.041016 0.050781
1 0.607422 0.772461 0.152344 0.224609
1 0.680664 0.144531 0.185547 0.164062
1 0.444336 0.310547 0.212891 0.214844
1 0.225586 0.912109 0.240234 0.144531
1 0.679688 0.505859 0.156250 0.199219
1 0.143555 0.326172 0.201172 0.234375
1 0.333984 0.610352 0.238281 0.259766
1 0.103516 0.658203 0.148438 0.203125