0 0.847266 0.498611 0.024219 0.044444
0 0.449219 0.472917 0.021875 0.045833
0 0.535937 0.389583 0.017188 0.040278
0 0.264062 0.088889 0.026562 0.025000
0 0.152734 0.363889 0.024219 0.038889
0 0.978906 0.500694 0.017188 0.045833
0 0.847656 0.572222 0.017188 0.030556
0 0.017188 0.739583 0.015625 0.037500
0 0.117578 0.363194 0.024219 0.026389
0 0.184766 0.262500 0.027344 0.038889
0 0.964063 0.926389 0.021875 0.044444
0 0.644531 0.922222 0.018750 0.027778
0 0.584766 0.213194 0.022656 0.048611
0 0.105469 0.486111 0.028125 0.044444
0 0.057031 0.953472 0.017188 0.034722
0 0.053125 0.377778 0.025000 0.041667
0 0.201563 0.106944 0.026562 0.047222
0 0.085938 0.228472 0.023438 0.031944
0 0.135937 0.247917 0.018750 0.037500
0 0.544531 0.031944 0.014063 0.027778
0 0.242969 0.279167 0.020313 0.050000
0 0.967187 0.363194 0.014063 0.045833
0 0.624609 0.955556 0.019531 0.027778
0 0.575781 0.119444 0.023438 0.030556
0 0.026562 0.454167 0.015625 0.030556
0 0.869141 0.606944 0.014844 0.033333
0 0.896484 0.520139 0.014844 0.029167
0 0.794922 0.600000 0.025781 0.038889
0 0.034766 0.800694 0.019531 0.037500
0 0.214453 0.193750 0.024219 0.034722
0 0.742188 0.594444 0.023438 0.033333
0 0.501563 0.943056 0.025000 0.047222
0 0.041016 0.844444 0.025781 0.033333
0 0.945312 0.039583 0.026562 0.043056
0 0.557031 0.216667 0.021875 0.027778
0 0.784375 0.490972 0.020313 0.040278
0 0.976953 0.043056 0.017969 0.036111
0 0.565625 0.820833 0.015625 0.036111
0 0.066797 0.513889 0.017969 0.038889
0 0.576953 0.376389 0.019531 0.030556
0 0.064062 0.431250 0.021875 0.037500
0 0.672656 0.893056 0.020313 0.036111
0 0.919531 0.105556 0.018750 0.036111
0 0.151172 0.968750 0.014844 0.029167
0 0.064453 0.181944 0.022656 0.041667
0 0.351953 0.129861 0.027344 0.045833
0 0.460938 0.622222 0.025000 0.050000
0 0.480469 0.884722 0.026562 0.025000
0 0.115234 0.184722 0.022656 0.047222
0 0.452344 0.577778 0.026562 0.025000
0 0.940625 0.538194 0.023438 0.048611
0 0.036328 0.071528 0.024219 0.034722
0 0.962500 0.859028 0.023438 0.034722
0 0.565234 0.866667 0.025781 0.044444
0 0.185938 0.892361 0.020313 0.040278
0 0.689063 0.499306 0.023438 0.040278
0 0.104297 0.422222 0.027344 0.044444
0 0.789062 0.115972 0.025000 0.029167
0 0.146875 0.454167 0.014063 0.041667
0 0.615625 0.774306 0.023438 0.034722
0 0.378906 0.963889 0.017188 0.033333
0 0.741016 0.047917 0.016406 0.029167
0 0.874609 0.962500 0.022656 0.033333
0 0.026172 0.280556 0.014844 0.036111
0 0.260156 0.223611 0.014063 0.044444
0 0.735156 0.493056 0.025000 0.030556
0 0.066016 0.304861 0.016406 0.026389
0 0.542969 0.810417 0.023438 0.037500
0 0.169922 0.112500 0.017969 0.025000
0 0.318750 0.207639 0.023438 0.029167
0 0.974219 0.756250 0.021875 0.048611
0 0.592578 0.720833 0.017969 0.038889
0 0.553516 0.959722 0.025781 0.036111
0 0.642188 0.511806 0.014063 0.037500
0 0.489844 0.387500 0.020313 0.038889
1 0.867188 0.299306 0.145313 0.298611
1 0.266016 0.430556 0.163281 0.200000
1 0.451562 0.156250 0.162500 0.195833
1 0.304297 0.784028 0.152344 0.245833
1 0.570312 0.554167 0.114062 0.208333
1 0.867578 0.790972 0.136719 0.237500
1 0.690625 0.250000 0.162500 0.302778
1 0.125781 0.711111 0.125000 0.200000
1 0.725781 0.740278 0.100000 0.180556
1 0.445703 0.759028 0.096094 0.184722