0 0.942969 0.843056 0.026562 0.047222
0 0.130469 0.145139 0.028125 0.043056
0 0.365234 0.331944 0.022656 0.030556
0 0.047266 0.417361 0.024219 0.048611
0 0.835156 0.368056 0.015625 0.038889
0 0.090234 0.878472 0.019531 0.034722
0 0.082031 0.397917 0.015625 0.031944
0 0.038672 0.778472 0.021094 0.048611
0 0.359766 0.216667 0.027344 0.027778
0 0.090234 0.696528 0.024219 0.034722
0 0.950781 0.754167 0.017188 0.044444
0 0.880859 0.876389 0.024219 0.036111
0 0.050781 0.250694 0.018750 0.045833
0 0.689453 0.056944 0.022656 0.044444
0 0.382812 0.151389 0.026562 0.033333
0 0.879687 0.799306 0.026562 0.029167
0 0.439063 0.820833 0.023438 0.047222
0 0.600391 0.527778 0.027344 0.027778
0 0.701953 0.473611 0.017969 0.038889
0 0.772656 0.177778 0.025000 0.036111
0 0.903516 0.353472 0.025781 0.043056
0 0.288281 0.772222 0.025000 0.036111
0 0.050000 0.321528 0.023438 0.034722
0 0.970703 0.695833 0.024219 0.036111
0 0.539453 0.900000 0.019531 0.047222
0 0.338281 0.949306 0.015625 0.037500
0 0.946484 0.302778 0.019531 0.025000
0 0.507812 0.922222 0.025000 0.036111
0 0.266406 0.577083 0.020313 0.048611
0 0.277344 0.826389 0.021875 0.033333
0 0.682422 0.954167 0.014844 0.047222
0 0.395703 0.822222 0.025781 0.041667
0 0.325000 0.352083 0.021875 0.045833
0 0.119141 0.536806 0.022656 0.031944
0 0.429297 0.036806 0.017969 0.029167
0 0.285156 0.522222 0.028125 0.033333
0 0.754297 0.300000 0.025781 0.050000
0 0.784375 0.046528 0.015625 0.043056
0 0.051953 0.921528 0.027344 0.034722
0 0.571484 0.894444 0.021094 0.047222
0 0.202734 0.545139 0.027344 0.043056
0 0.487500 0.837500 0.017188 0.038889
0 0.031641 0.866667 0.017969 0.025000
0 0.089453 0.350000 0.016406 0.027778
0 0.022266 0.365972 0.014844 0.045833
0 0.415234 0.886111 0.027344 0.030556
0 0.118750 0.211806 0.023438 0.043056
0 0.503906 0.779167 0.017188 0.047222
0 0.369922 0.963889 0.014844 0.025000
0 0.578906 0.167361 0.015625 0.045833
0 0.097266 0.056250 0.021094 0.048611
0 0.815234 0.413889 0.016406 0.036111
0 0.865234 0.356944 0.021094 0.041667
0 0.629687 0.481944 0.015625 0.038889
0 0.617188 0.102778 0.015625 0.047222
0 0.328125 0.647222 0.028125 0.025000
0 0.839844 0.451389 0.018750 0.033333
0 0.350781 0.425694 0.014063 0.045833
0 0.078516 0.572222 0.014844 0.041667
0 0.144531 0.037500 0.028125 0.036111
0 0.100781 0.479167 0.026562 0.041667
0 0.782813 0.959028 0.023438 0.026389
0 0.965234 0.427083 0.016406 0.048611
0 0.350781 0.122917 0.018750 0.031944
0 0.565234 0.461111 0.014844 0.044444
0 0.030859 0.652083 0.021094 0.045833
0 0.303516 0.911111 0.024219 0.044444
0 0.137891 0.930556 0.019531 0.047222
0 0.781250 0.455556 0.015625 0.030556
0 0.426953 0.075000 0.022656 0.030556
0 0.753516 0.220139 0.014844 0.034722
0 0.385156 0.064583 0.021875 0.031944
0 0.318359 0.489583 0.016406 0.043056
0 0.092188 0.952083 0.017188 0.048611
0 0.630078 0.909722 0.014844 0.041667
0 0.441406 0.225694 0.018750 0.045833
0 0.963281 0.374306 0.026562 0.026389
0 0.052344 0.111111 0.017188 0.025000
0 0.873437 0.425000 0.018750 0.025000
0 0.906250 0.453472 0.028125 0.045833
0 0.570703 0.288194 0.025781 0.037500
0 0.024609 0.554167 0.024219 0.038889
0 0.318359 0.769444 0.019531 0.030556
0 0.453906 0.907639 0.026562 0.026389
0 0.145313 0.096528 0.023438 0.029167
0 0.105078 0.750000 0.022656 0.041667
0 0.901172 0.294444 0.025781 0.030556
0 0.351172 0.063194 0.019531 0.040278
0 0.058594 0.707639 0.025000 0.037500
0 0.258594 0.657639 0.014063 0.048611
0 0.322656 0.050000 0.017188 0.050000
0 0.601172 0.970833 0.017969 0.025000
0 0.864844 0.732639 0.025000 0.026389
1 0.181641 0.743750 0.116406 0.295833
1 0.208594 0.404167 0.150000 0.169444
1 0.467187 0.393056 0.170313 0.258333
1 0.871094 0.576389 0.164062 0.177778
1 0.769922 0.834722 0.121094 0.177778
1 0.590234 0.715278 0.144531 0.252778
1 0.645312 0.279167 0.093750 0.250000
1 0.891406 0.156250 0.160938 0.229167
1 0.511328 0.148611 0.100781 0.166667
1 0.267188 0.186806 0.135937 0.204167