0 0.614258 0.088867 0.052734 0.044922
0 0.598633 0.281250 0.048828 0.054688
0 0.474609 0.687500 0.042969 0.031250
0 0.616211 0.795898 0.033203 0.033203
0 0.305664 0.154297 0.052734 0.039062
0 0.826172 0.935547 0.039062 0.031250
0 0.908203 0.960938 0.035156 0.035156
0 0.681641 0.661133 0.035156 0.044922
0 0.900391 0.305664 0.042969 0.041016
0 0.735352 0.605469 0.056641 0.039062
0 0.894531 0.597656 0.050781 0.035156
0 0.473633 0.050781 0.056641 0.046875
0 0.614258 0.225586 0.037109 0.037109
0 0.958984 0.431641 0.046875 0.042969
0 0.650391 0.871094 0.046875 0.042969
0 0.458984 0.167969 0.042969 0.054688
0 0.607422 0.466797 0.046875 0.042969
0 0.796875 0.564453 0.046875 0.031250
0 0.320312 0.874023 0.035156 0.044922
0 0.283203 0.324219 0.054688 0.046875
0 0.099609 0.310547 0.031250 0.050781
0 0.142578 0.920898 0.046875 0.044922
0 0.946289 0.066406 0.041016 0.031250
0 0.666992 0.947266 0.044922 0.035156
0 0.662109 0.533203 0.046875 0.039062
0 0.373047 0.823242 0.042969 0.048828
0 0.580078 0.547852 0.042969 0.037109
0 0.519531 0.140625 0.050781 0.054688
0 0.050781 0.957031 0.031250 0.031250
0 0.626953 0.406250 0.035156 0.046875
0 0.336914 0.706055 0.033203 0.048828
0 0.873047 0.542969 0.054688 0.046875
0 0.341797 0.273438 0.035156 0.035156
0 0.940430 0.504883 0.052734 0.056641
0 0.601562 0.589844 0.054688 0.031250
0 0.897461 0.360352 0.056641 0.044922
0 0.067383 0.053711 0.037109 0.041016
0 0.654297 0.748047 0.031250 0.046875
0 0.745117 0.511719 0.048828 0.031250
0 0.272461 0.919922 0.052734 0.031250
0 0.323242 0.219727 0.052734 0.041016
0 0.316406 0.386719 0.054688 0.054688
0 0.241211 0.399414 0.033203 0.041016
0 0.354492 0.935547 0.044922 0.042969
0 0.250000 0.044922 0.058594 0.054688
0 0.854492 0.483398 0.052734 0.044922
0 0.773438 0.945312 0.050781 0.035156
0 0.065430 0.654297 0.052734 0.031250
0 0.549805 0.653320 0.048828 0.041016
0 0.298828 0.963867 0.035156 0.037109
1 0.133789 0.487305 0.162109 0.267578
1 0.740234 0.366211 0.148438 0.212891
1 0.836914 0.775391 0.251953 0.214844
1 0.790039 0.139648 0.244141 0.185547
1 0.457031 0.314453 0.179688 0.218750
1 0.498047 0.845703 0.175781 0.226562
1 0.131836 0.168945 0.232422 0.173828
1 0.382812 0.541992 0.253906 0.158203
1 0.154297 0.783203 0.265625 0.195312