0 0.928516 0.462500 0.027344 0.047222
0 0.414062 0.853472 0.020313 0.040278
0 0.659375 0.186806 0.014063 0.040278
0 0.746484 0.651389 0.021094 0.030556
0 0.117969 0.869444 0.028125 0.027778
0 0.490234 0.491667 0.021094 0.025000
0 0.455859 0.105556 0.021094 0.047222
0 0.517578 0.425000 0.025781 0.038889
0 0.019531 0.079861 0.020313 0.034722
0 0.630469 0.137500 0.028125 0.050000
0 0.038281 0.134722 0.026562 0.050000
0 0.950391 0.363889 0.021094 0.030556
0 0.923828 0.356250 0.017969 0.043056
0 0.939453 0.957639 0.017969 0.043056
0 0.982422 0.500694 0.016406 0.034722
0 0.859766 0.072917 0.025781 0.034722
0 0.537500 0.273611 0.014063 0.036111
0 0.591406 0.136806 0.015625 0.031944
0 0.966797 0.239583 0.016406 0.048611
0 0.931641 0.807639 0.014844 0.031944
0 0.061328 0.191667 0.016406 0.027778
0 0.665625 0.040278 0.025000 0.036111
0 0.107813 0.076389 0.017188 0.038889
0 0.318359 0.180556 0.025781 0.025000
0 0.459766 0.639583 0.027344 0.043056
0 0.317578 0.836111 0.019531 0.027778
0 0.400391 0.077083 0.019531 0.043056
0 0.675391 0.229167 0.021094 0.027778
0 0.178125 0.161111 0.025000 0.036111
0 0.284375 0.431944 0.018750 0.036111
0 0.624219 0.235417 0.028125 0.026389
0 0.583203 0.242361 0.017969 0.026389
0 0.788281 0.895139 0.025000 0.034722
0 0.964063 0.903472 0.017188 0.040278
0 0.249609 0.445139 0.024219 0.026389
0 0.283984 0.206250 0.022656 0.034722
0 0.033984 0.309722 0.021094 0.033333
0 0.526563 0.490972 0.014063 0.045833
0 0.267969 0.343056 0.023438 0.025000
0 0.530078 0.558333 0.021094 0.030556
0 0.960156 0.406944 0.028125 0.036111
0 0.869531 0.032639 0.014063 0.029167
0 0.351562 0.827778 0.014063 0.027778
0 0.482422 0.432639 0.024219 0.045833
0 0.502344 0.185417 0.014063 0.043056
0 0.976562 0.691667 0.025000 0.036111
0 0.683594 0.611806 0.025000 0.037500
0 0.551172 0.354167 0.022656 0.033333
0 0.398047 0.937500 0.016406 0.033333
0 0.833594 0.066667 0.017188 0.033333
0 0.839844 0.899306 0.014063 0.034722
0 0.902734 0.600000 0.022656 0.038889
0 0.259766 0.290278 0.022656 0.027778
0 0.550781 0.084028 0.028125 0.029167
0 0.339844 0.431250 0.023438 0.029167
0 0.025000 0.034722 0.017188 0.025000
0 0.261328 0.943056 0.017969 0.041667
0 0.342187 0.958333 0.020313 0.044444
0 0.678125 0.086111 0.020313 0.027778
0 0.902344 0.759722 0.026562 0.038889
0 0.874219 0.543750 0.023438 0.029167
0 0.391406 0.432639 0.028125 0.026389
0 0.070312 0.887500 0.018750 0.033333
0 0.632031 0.069444 0.021875 0.036111
0 0.949219 0.084722 0.023438 0.036111
0 0.105469 0.508333 0.023438 0.030556
0 0.264062 0.563194 0.017188 0.026389
0 0.441406 0.288194 0.026562 0.037500
0 0.939453 0.665278 0.027344 0.030556
0 0.257812 0.225694 0.017188 0.045833
0 0.238281 0.125694 0.015625 0.034722
0 0.455859 0.213194 0.024219 0.045833
0 0.742578 0.221528 0.027344 0.029167
0 0.786719 0.099306 0.017188 0.040278
0 0.902344 0.678472 0.021875 0.031944
0 0.500781 0.655556 0.020313 0.030556
0 0.861719 0.311111 0.025000 0.025000
0 0.913672 0.713889 0.025781 0.027778
0 0.273828 0.862500 0.027344 0.025000
0 0.955469 0.531944 0.018750 0.036111
0 0.286328 0.249306 0.016406 0.040278
0 0.194922 0.101389 0.019531 0.041667
0 0.881641 0.957639 0.019531 0.026389
0 0.563672 0.178472 0.014844 0.034722
0 0.444531 0.446528 0.028125 0.034722
0 0.147656 0.122222 0.020313 0.036111
0 0.446094 0.521528 0.015625 0.045833
0 0.308984 0.037500 0.022656 0.038889
0 0.309375 0.933333 0.020313 0.041667
0 0.582422 0.047222 0.014844 0.047222
0 0.146094 0.162500 0.017188 0.030556
0 0.950000 0.712500 0.014063 0.030556
0 0.037500 0.952778 0.018750 0.036111
0 0.079687 0.944444 0.023438 0.030556
0 0.898438 0.897917 0.014063 0.031944
0 0.527734 0.045833 0.019531 0.036111
0 0.511719 0.284722 0.025000 0.027778
0 0.385156 0.874306 0.015625 0.037500
0 0.297656 0.147222 0.021875 0.030556
0 0.375391 0.132639 0.017969 0.043056
0 0.622266 0.601389 0.025781 0.041667
0 0.219531 0.152778 0.014063 0.027778
0 0.064062 0.049306 0.021875 0.043056
0 0.863672 0.874306 0.019531 0.026389
0 0.910937 0.081944 0.021875 0.027778
0 0.451953 0.351389 0.027344 0.041667
0 0.694531 0.151389 0.026562 0.050000
0 0.882812 0.439583 0.021875 0.037500
0 0.330859 0.103472 0.021094 0.026389
1 0.343359 0.641667 0.117969 0.291667
1 0.357031 0.308333 0.114062 0.175000
1 0.641797 0.425000 0.147656 0.286111
1 0.529297 0.815278 0.160156 0.272222
1 0.143359 0.355556 0.163281 0.219444
1 0.801172 0.482639 0.108594 0.290278
1 0.119141 0.694444 0.169531 0.272222
1 0.878516 0.200694 0.146094 0.176389
1 0.698438 0.827083 0.118750 0.251389
1 0.835547 0.749306 0.097656 0.170833