0 0.382812 0.213889 0.026562 0.050000
0 0.653125 0.667361 0.021875 0.040278
0 0.806641 0.657639 0.025781 0.026389
0 0.325391 0.940972 0.019531 0.040278
0 0.531250 0.801389 0.020313 0.050000
0 0.156250 0.053472 0.021875 0.048611
0 0.543750 0.404167 0.025000 0.030556
0 0.525391 0.925000 0.021094 0.027778
0 0.975781 0.450000 0.026562 0.027778
0 0.479687 0.049306 0.025000 0.026389
0 0.933984 0.109722 0.027344 0.025000
0 0.023047 0.583333 0.021094 0.038889
0 0.110937 0.048611 0.018750 0.030556
0 0.876953 0.114583 0.017969 0.026389
0 0.427344 0.390972 0.014063 0.045833
0 0.852734 0.635417 0.021094 0.048611
0 0.503906 0.812500 0.018750 0.041667
0 0.691406 0.620139 0.026562 0.029167
0 0.939844 0.074306 0.014063 0.031944
0 0.265625 0.454167 0.018750 0.027778
0 0.403125 0.416667 0.015625 0.050000
0 0.557031 0.855556 0.020313 0.033333
0 0.581641 0.497222 0.024219 0.030556
0 0.597656 0.893056 0.028125 0.041667
0 0.960938 0.182639 0.020313 0.037500
0 0.433984 0.254167 0.016406 0.027778
0 0.879687 0.677778 0.018750 0.041667
0 0.376953 0.588889 0.027344 0.036111
0 0.270703 0.377778 0.027344 0.033333
0 0.475000 0.827778 0.014063 0.050000
0 0.284766 0.269444 0.025781 0.041667
0 0.851172 0.234028 0.027344 0.026389
0 0.533594 0.725694 0.020313 0.045833
0 0.833984 0.826389 0.014844 0.027778
0 0.031641 0.180556 0.019531 0.044444
0 0.833203 0.788889 0.017969 0.036111
0 0.684766 0.967361 0.017969 0.026389
0 0.780078 0.571528 0.025781 0.034722
0 0.328125 0.252083 0.017188 0.045833
0 0.371875 0.293056 0.014063 0.027778
0 0.024219 0.472917 0.020313 0.031944
0 0.899609 0.054861 0.017969 0.045833
0 0.490625 0.906250 0.023438 0.026389
0 0.536719 0.053472 0.026562 0.040278
0 0.823047 0.578472 0.016406 0.037500
0 0.726953 0.597222 0.019531 0.038889
0 0.926953 0.796528 0.014844 0.043056
0 0.201953 0.520833 0.027344 0.041667
0 0.588672 0.049306 0.017969 0.026389
0 0.478516 0.779167 0.024219 0.033333
0 0.434766 0.856944 0.027344 0.025000
0 0.425781 0.735417 0.026562 0.040278
0 0.352734 0.178472 0.022656 0.034722
0 0.644922 0.589583 0.014844 0.026389
0 0.957031 0.336111 0.025000 0.025000
0 0.317969 0.096528 0.014063 0.045833
0 0.289062 0.929861 0.026562 0.034722
0 0.868750 0.778472 0.014063 0.034722
0 0.422656 0.147917 0.020313 0.026389
0 0.817578 0.520139 0.017969 0.026389
0 0.608594 0.781250 0.026562 0.040278
0 0.567578 0.440972 0.017969 0.029167
0 0.417187 0.061806 0.025000 0.043056
0 0.561328 0.353472 0.022656 0.037500
0 0.635938 0.822222 0.014063 0.041667
0 0.596094 0.345833 0.018750 0.050000
0 0.218750 0.431250 0.026562 0.048611
0 0.965234 0.500694 0.021094 0.048611
0 0.871484 0.882639 0.027344 0.045833
0 0.257031 0.234722 0.017188 0.044444
0 0.581641 0.628472 0.019531 0.026389
0 0.667578 0.184028 0.022656 0.034722
0 0.199219 0.077778 0.017188 0.033333
0 0.357031 0.075694 0.018750 0.048611
0 0.295312 0.180556 0.015625 0.044444
0 0.084766 0.661111 0.016406 0.038889
0 0.848828 0.109722 0.019531 0.038889
0 0.955078 0.768056 0.027344 0.044444
0 0.499219 0.729861 0.018750 0.045833
0 0.899609 0.271528 0.014844 0.031944
0 0.356641 0.234722 0.017969 0.038889
0 0.310937 0.597917 0.023438 0.048611
0 0.522266 0.450000 0.027344 0.038889
0 0.020703 0.400000 0.022656 0.030556
0 0.894922 0.938889 0.021094 0.025000
0 0.383594 0.941667 0.025000 0.041667
0 0.613281 0.718056 0.023438 0.027778
0 0.982031 0.186111 0.015625 0.033333
0 0.229687 0.076389 0.018750 0.044444
0 0.427734 0.813889 0.017969 0.025000
0 0.046094 0.068750 0.028125 0.037500
0 0.260156 0.170139 0.017188 0.043056
0 0.407031 0.333333 0.017188 0.041667
0 0.619531 0.661806 0.020313 0.029167
0 0.273438 0.087500 0.025000 0.025000
1 0.340234 0.439583 0.097656 0.243056
1 0.524219 0.200000 0.132812 0.183333
1 0.200391 0.727778 0.125781 0.275000
1 0.732031 0.809722 0.132812 0.225000
1 0.723437 0.374306 0.170313 0.237500
1 0.481250 0.586806 0.153125 0.215278
1 0.141406 0.247917 0.153125 0.276389
1 0.887500 0.446528 0.093750 0.270833
1 0.331250 0.739583 0.104688 0.181944