0 0.404297 0.043750 0.017969 0.026389
0 0.022266 0.354861 0.016406 0.043056
0 0.667969 0.162500 0.018750 0.047222
0 0.652344 0.259722 0.020313 0.044444
0 0.966406 0.168056 0.023438 0.038889
0 0.286719 0.036111 0.021875 0.025000
0 0.556641 0.222917 0.022656 0.040278
0 0.637891 0.926389 0.016406 0.036111
0 0.107031 0.246528 0.026562 0.043056
0 0.319531 0.541667 0.021875 0.038889
0 0.513672 0.913194 0.027344 0.031944
0 0.125391 0.360417 0.017969 0.037500
0 0.332422 0.071528 0.025781 0.045833
0 0.670312 0.061111 0.014063 0.041667
0 0.099609 0.322222 0.021094 0.030556
0 0.303906 0.441667 0.021875 0.038889
0 0.738281 0.715972 0.025000 0.045833
0 0.670312 0.750000 0.015625 0.036111
0 0.959766 0.748611 0.022656 0.025000
0 0.553906 0.054861 0.023438 0.040278
0 0.709766 0.185417 0.017969 0.040278
0 0.276953 0.428472 0.014844 0.034722
0 0.102734 0.120139 0.019531 0.048611
0 0.313672 0.920833 0.017969 0.033333
0 0.043750 0.204861 0.025000 0.034722
0 0.581250 0.538194 0.021875 0.040278
0 0.534375 0.290972 0.020313 0.048611
0 0.025391 0.561111 0.024219 0.030556
0 0.915234 0.784722 0.022656 0.044444
0 0.721094 0.564583 0.028125 0.037500
0 0.115625 0.840278 0.028125 0.033333
0 0.442969 0.056944 0.021875 0.036111
0 0.085938 0.038889 0.015625 0.025000
0 0.119531 0.693056 0.020313 0.027778
0 0.596094 0.277778 0.028125 0.033333
0 0.975000 0.877083 0.014063 0.029167
0 0.963281 0.791667 0.018750 0.038889
0 0.203906 0.929861 0.015625 0.040278
0 0.868359 0.391667 0.016406 0.025000
0 0.595313 0.175694 0.020313 0.040278
0 0.081641 0.677083 0.027344 0.031944
0 0.710156 0.740278 0.025000 0.047222
0 0.445312 0.425694 0.023438 0.040278
0 0.826562 0.679167 0.026562 0.036111
0 0.263672 0.599306 0.024219 0.026389
0 0.390234 0.111806 0.014844 0.045833
0 0.707812 0.056250 0.023438 0.034722
0 0.374609 0.501389 0.024219 0.025000
0 0.100391 0.186806 0.025781 0.029167
0 0.579297 0.079861 0.019531 0.043056
0 0.062891 0.075000 0.016406 0.041667
0 0.939063 0.238194 0.018750 0.029167
0 0.238281 0.883333 0.015625 0.041667
0 0.975000 0.610417 0.021875 0.043056
0 0.263281 0.894444 0.020313 0.027778
0 0.634375 0.071528 0.023438 0.026389
0 0.198828 0.774306 0.021094 0.048611
0 0.070703 0.324306 0.014844 0.048611
0 0.170313 0.632639 0.015625 0.034722
0 0.206641 0.840972 0.017969 0.048611
0 0.273438 0.550694 0.028125 0.048611
0 0.764062 0.575000 0.017188 0.050000
0 0.201953 0.677083 0.016406 0.029167
0 0.220312 0.431250 0.026562 0.048611
0 0.240625 0.329861 0.020313 0.045833
0 0.157812 0.359028 0.014063 0.034722
0 0.734766 0.077083 0.017969 0.037500
0 0.966016 0.099306 0.022656 0.037500
0 0.485547 0.108333 0.021094 0.050000
0 0.881641 0.104167 0.025781 0.033333
0 0.488281 0.381250 0.014063 0.043056
0 0.080859 0.826389 0.019531 0.044444
0 0.929297 0.193056 0.016406 0.027778
0 0.033203 0.488194 0.019531 0.040278
0 0.752734 0.962500 0.025781 0.025000
0 0.609375 0.055556 0.018750 0.044444
0 0.720703 0.626389 0.021094 0.044444
0 0.189844 0.344444 0.021875 0.027778
0 0.037109 0.721528 0.022656 0.026389
0 0.496484 0.282639 0.019531 0.043056
0 0.240234 0.499306 0.027344 0.037500
0 0.777734 0.056944 0.024219 0.036111
0 0.038281 0.768056 0.015625 0.044444
0 0.896094 0.397222 0.018750 0.038889
0 0.510938 0.184028 0.017188 0.029167
0 0.542188 0.936806 0.023438 0.029167
0 0.741016 0.497917 0.027344 0.031944
0 0.043750 0.273611 0.020313 0.047222
0 0.068359 0.749306 0.014844 0.043056
0 0.858984 0.956250 0.019531 0.029167
0 0.953125 0.362500 0.017188 0.038889
0 0.973047 0.402083 0.016406 0.043056
0 0.966797 0.495833 0.014844 0.027778
0 0.819141 0.077083 0.014844 0.040278
0 0.107031 0.067361 0.014063 0.040278
0 0.508984 0.094444 0.016406 0.033333
0 0.744141 0.390278 0.016406 0.041667
0 0.364453 0.095139 0.025781 0.037500
0 0.935937 0.703472 0.017188 0.026389
0 0.169531 0.927778 0.025000 0.033333
0 0.551562 0.123611 0.020313 0.050000
1 0.849219 0.536111 0.137500 0.197222
1 0.641797 0.407639 0.158594 0.181944
1 0.308203 0.731250 0.163281 0.190278
1 0.834766 0.244444 0.161719 0.188889
1 0.551172 0.732639 0.167969 0.298611
1 0.194922 0.152083 0.117969 0.195833
1 0.382422 0.289583 0.164844 0.209722
1 0.105078 0.519444 0.105469 0.258333
1 0.828125 0.819444 0.128125 0.177778