0 0.325195 0.896484 0.033203 0.031250
0 0.900391 0.049805 0.054688 0.056641
0 0.087891 0.511719 0.050781 0.050781
0 0.179688 0.907227 0.039062 0.048828
0 0.670898 0.071289 0.033203 0.044922
0 0.522461 0.827148 0.044922 0.056641
0 0.936523 0.407227 0.048828 0.041016
0 0.749023 0.411133 0.033203 0.052734
0 0.835938 0.471680 0.046875 0.052734
0 0.150391 0.838867 0.039062 0.037109
0 0.756836 0.471680 0.044922 0.052734
0 0.408203 0.942383 0.042969 0.052734
0 0.554688 0.698242 0.054688 0.048828
0 0.918945 0.517578 0.041016 0.042969
0 0.563477 0.606445 0.044922 0.044922
0 0.752930 0.943359 0.052734 0.046875
0 0.330078 0.511719 0.054688 0.031250
0 0.939453 0.708008 0.039062 0.044922
0 0.842773 0.949219 0.037109 0.042969
0 0.667969 0.686523 0.039062 0.052734
0 0.902344 0.831055 0.039062 0.033203
0 0.165039 0.473633 0.037109 0.052734
0 0.805664 0.376953 0.037109 0.039062
0 0.958984 0.947266 0.046875 0.050781
0 0.943359 0.337891 0.042969 0.039062
0 0.941406 0.592773 0.039062 0.044922
0 0.774414 0.056641 0.033203 0.054688
0 0.310547 0.212891 0.039062 0.058594
0 0.883789 0.756836 0.048828 0.033203
0 0.309570 0.958008 0.041016 0.044922
0 0.474609 0.486328 0.042969 0.031250
0 0.340820 0.442383 0.048828 0.056641
0 0.040039 0.960938 0.041016 0.031250
0 0.698242 0.473633 0.048828 0.044922
0 0.604492 0.168945 0.041016 0.033203
0 0.568359 0.917969 0.031250 0.050781
0 0.517578 0.547852 0.031250 0.056641
0 0.066406 0.870117 0.035156 0.056641
0 0.764648 0.692383 0.052734 0.056641
0 0.483398 0.651367 0.048828 0.037109
0 0.326172 0.297852 0.042969 0.041016
0 0.304688 0.084961 0.050781 0.048828
0 0.912109 0.937500 0.031250 0.054688
0 0.318359 0.370117 0.031250 0.056641
0 0.440430 0.874023 0.037109 0.044922
0 0.648438 0.302734 0.046875 0.031250
0 0.269531 0.515625 0.042969 0.054688
1 0.717773 0.802734 0.220703 0.144531
1 0.324219 0.685547 0.238281 0.253906
1 0.497070 0.333008 0.240234 0.259766
1 0.811523 0.217773 0.251953 0.177734
1 0.139648 0.124023 0.240234 0.212891
1 0.726562 0.577148 0.226562 0.142578
1 0.159180 0.355469 0.208984 0.144531
1 0.102539 0.673828 0.154297 0.250000
1 0.454102 0.111328 0.232422 0.136719