0 0.343750 0.074219 0.046875 0.058594
0 0.540039 0.548828 0.033203 0.054688
0 0.544922 0.706055 0.050781 0.056641
0 0.800781 0.082031 0.050781 0.054688
0 0.678711 0.215820 0.037109 0.056641
0 0.571289 0.800781 0.044922 0.031250
0 0.816406 0.191406 0.042969 0.035156
0 0.875000 0.943359 0.042969 0.046875
0 0.857422 0.134766 0.042969 0.046875
0 0.536133 0.385742 0.052734 0.033203
0 0.557617 0.853516 0.048828 0.035156
0 0.620117 0.308594 0.044922 0.046875
0 0.273438 0.135742 0.031250 0.052734
0 0.492188 0.497070 0.031250 0.037109
0 0.278320 0.867188 0.033203 0.042969
0 0.708984 0.081055 0.054688 0.044922
0 0.805664 0.271484 0.041016 0.054688
0 0.123047 0.153320 0.042969 0.033203
0 0.162109 0.877930 0.039062 0.037109
0 0.728516 0.131836 0.058594 0.037109
0 0.836914 0.601562 0.056641 0.054688
0 0.894531 0.202148 0.050781 0.037109
0 0.943359 0.072266 0.050781 0.039062
0 0.949219 0.379883 0.058594 0.041016
0 0.484375 0.958008 0.050781 0.037109
0 0.447266 0.773438 0.035156 0.054688
0 0.439453 0.655273 0.035156 0.041016
0 0.683594 0.937500 0.054688 0.039062
0 0.642578 0.552734 0.039062 0.035156
0 0.607422 0.942383 0.031250 0.033203
0 0.448242 0.260742 0.044922 0.041016
0 0.484375 0.875000 0.035156 0.054688
0 0.397461 0.354492 0.041016 0.052734
0 0.518555 0.266602 0.056641 0.033203
0 0.053711 0.903320 0.033203 0.056641
0 0.601562 0.365234 0.031250 0.046875
0 0.767578 0.620117 0.031250 0.048828
0 0.456055 0.323242 0.048828 0.033203
0 0.156250 0.943359 0.058594 0.058594
0 0.598633 0.456055 0.037109 0.056641
1 0.489258 0.140625 0.177734 0.144531
1 0.322266 0.732422 0.183594 0.191406
1 0.791016 0.766602 0.273438 0.205078
1 0.786133 0.423828 0.193359 0.140625
1 0.341797 0.497070 0.171875 0.162109
1 0.208984 0.283203 0.269531 0.183594
1 0.110352 0.537109 0.166016 0.273438
1 0.085938 0.772461 0.140625 0.138672