0 0.179297 0.384722 0.017969 0.041667
0 0.464453 0.592361 0.027344 0.029167
0 0.080469 0.665972 0.017188 0.040278
0 0.927344 0.359722 0.025000 0.027778
0 0.035547 0.763889 0.021094 0.025000
0 0.059375 0.592361 0.014063 0.048611
0 0.603125 0.163889 0.020313 0.030556
0 0.673438 0.847917 0.018750 0.026389
0 0.955469 0.453472 0.017188 0.029167
0 0.524219 0.394444 0.026562 0.027778
0 0.372266 0.600694 0.021094 0.026389
0 0.742969 0.046528 0.025000 0.034722
0 0.800000 0.878472 0.018750 0.048611
0 0.692578 0.918056 0.019531 0.036111
0 0.415625 0.100000 0.018750 0.038889
0 0.761719 0.618750 0.017188 0.045833
0 0.016797 0.545139 0.014844 0.031944
0 0.212109 0.339583 0.016406 0.037500
0 0.737109 0.935417 0.017969 0.040278
0 0.124219 0.588194 0.015625 0.031944
0 0.714063 0.288194 0.014063 0.048611
0 0.591016 0.908333 0.017969 0.050000
0 0.713672 0.818056 0.022656 0.038889
0 0.035156 0.110417 0.025000 0.026389
0 0.391406 0.952083 0.020313 0.043056
0 0.829688 0.913889 0.017188 0.038889
0 0.090234 0.347917 0.027344 0.034722
0 0.546094 0.931944 0.026562 0.044444
0 0.683984 0.700694 0.021094 0.045833
0 0.785937 0.741667 0.026562 0.050000
0 0.968750 0.102083 0.020313 0.029167
0 0.711328 0.404861 0.024219 0.026389
0 0.104688 0.093056 0.028125 0.027778
0 0.061719 0.309028 0.023438 0.040278
0 0.560547 0.216667 0.021094 0.050000
0 0.614062 0.950000 0.014063 0.025000
0 0.558984 0.556250 0.021094 0.043056
0 0.125781 0.146528 0.028125 0.026389
0 0.730859 0.600000 0.025781 0.030556
0 0.151172 0.257639 0.024219 0.048611
0 0.792969 0.667361 0.025000 0.031944
0 0.696094 0.041667 0.025000 0.050000
0 0.492578 0.425694 0.016406 0.040278
0 0.729297 0.689583 0.025781 0.034722
0 0.959766 0.309028 0.024219 0.026389
0 0.873437 0.950694 0.028125 0.026389
0 0.048047 0.071528 0.027344 0.037500
0 0.370312 0.557639 0.028125 0.048611
0 0.826562 0.662500 0.028125 0.033333
0 0.923828 0.722222 0.019531 0.041667
0 0.503906 0.048611 0.025000 0.025000
0 0.128516 0.793750 0.016406 0.037500
0 0.900391 0.187500 0.019531 0.047222
0 0.101562 0.902778 0.023438 0.027778
0 0.262109 0.443750 0.024219 0.048611
0 0.609766 0.494444 0.014844 0.036111
0 0.148438 0.205556 0.028125 0.041667
0 0.362891 0.095833 0.017969 0.025000
0 0.612891 0.092361 0.019531 0.048611
0 0.897266 0.765278 0.021094 0.038889
0 0.267188 0.333333 0.017188 0.025000
0 0.098047 0.422222 0.017969 0.041667
0 0.432422 0.631944 0.014844 0.038889
0 0.651563 0.147917 0.026562 0.048611
0 0.696875 0.191667 0.020313 0.038889
0 0.857031 0.686806 0.020313 0.048611
0 0.057813 0.902083 0.020313 0.040278
0 0.975391 0.624306 0.021094 0.034722
0 0.351562 0.455556 0.014063 0.038889
0 0.927344 0.776389 0.028125 0.025000
0 0.686719 0.631250 0.015625 0.037500
0 0.137891 0.394444 0.019531 0.038889
0 0.102734 0.687500 0.019531 0.027778
0 0.069531 0.947917 0.023438 0.037500
0 0.509375 0.537500 0.025000 0.030556
0 0.484766 0.150694 0.017969 0.034722
0 0.638281 0.927083 0.026562 0.031944
0 0.325781 0.890278 0.021875 0.030556
0 0.754687 0.456250 0.014063 0.031944
0 0.762891 0.803472 0.025781 0.037500
0 0.721094 0.762500 0.014063 0.030556
0 0.339453 0.499306 0.017969 0.026389
0 0.888281 0.098611 0.020313 0.033333
0 0.067187 0.181944 0.025000 0.030556
0 0.038672 0.363194 0.021094 0.040278
0 0.815625 0.075000 0.015625 0.033333
0 0.417969 0.949306 0.026562 0.031944
0 0.960156 0.204861 0.023438 0.026389
0 0.933984 0.656250 0.021094 0.048611
0 0.093750 0.297917 0.023438 0.029167
0 0.964063 0.161111 0.025000 0.038889
0 0.792188 0.543056 0.021875 0.041667
0 0.026172 0.440972 0.021094 0.026389
0 0.132812 0.950694 0.015625 0.034722
0 0.670312 0.806944 0.020313 0.036111
0 0.972656 0.571528 0.017188 0.034722
0 0.816797 0.751389 0.025781 0.047222
0 0.569922 0.136111 0.022656 0.027778
0 0.650781 0.511111 0.018750 0.047222
0 0.222266 0.395139 0.025781 0.031944
0 0.424219 0.522917 0.015625 0.043056
0 0.957031 0.732639 0.015625 0.034722
0 0.351953 0.945139 0.024219 0.026389
0 0.521875 0.340278 0.020313 0.036111
0 0.259766 0.543056 0.027344 0.038889
0 0.230469 0.345833 0.014063 0.036111
0 0.771094 0.887500 0.020313 0.030556
0 0.071094 0.521528 0.028125 0.031944
1 0.386328 0.300000 0.141406 0.247222
1 0.230078 0.787500 0.124219 0.300000
1 0.878516 0.524306 0.096094 0.193056
1 0.582812 0.715278 0.142187 0.258333
1 0.797656 0.251389 0.109375 0.294444
1 0.428516 0.800000 0.110156 0.225000
1 0.234766 0.215972 0.117969 0.176389