0 0.939453 0.049306 0.022656 0.048611
0 0.419922 0.647917 0.014844 0.048611
0 0.565625 0.223611 0.026562 0.030556
0 0.019141 0.939583 0.017969 0.031944
0 0.296875 0.115972 0.017188 0.048611
0 0.958984 0.923611 0.019531 0.041667
0 0.305859 0.174306 0.021094 0.045833
0 0.853125 0.197917 0.017188 0.029167
0 0.615625 0.125000 0.017188 0.025000
0 0.788281 0.278472 0.026562 0.040278
0 0.671094 0.773611 0.021875 0.041667
0 0.818359 0.738889 0.027344 0.050000
0 0.029687 0.536111 0.025000 0.033333
0 0.839844 0.243056 0.026562 0.030556
0 0.600000 0.249306 0.026562 0.031944
0 0.150000 0.041667 0.015625 0.050000
0 0.620313 0.954861 0.015625 0.037500
0 0.634375 0.161806 0.023438 0.037500
0 0.528906 0.958333 0.028125 0.041667
0 0.050781 0.362500 0.028125 0.030556
0 0.205469 0.734722 0.014063 0.038889
0 0.640625 0.694444 0.014063 0.030556
0 0.393750 0.862500 0.023438 0.033333
0 0.710156 0.218056 0.018750 0.036111
0 0.687500 0.715278 0.020313 0.036111
0 0.051953 0.713194 0.014844 0.048611
0 0.971094 0.754861 0.026562 0.037500
0 0.262109 0.445833 0.025781 0.038889
0 0.289844 0.428472 0.021875 0.045833
0 0.886328 0.155556 0.025781 0.038889
0 0.871094 0.599306 0.025000 0.043056
0 0.861719 0.293056 0.025000 0.036111
0 0.047266 0.956944 0.021094 0.025000
0 0.923438 0.565972 0.017188 0.040278
0 0.885547 0.950000 0.025781 0.033333
0 0.172266 0.454861 0.021094 0.034722
0 0.800781 0.061111 0.018750 0.027778
0 0.301172 0.944444 0.021094 0.041667
0 0.922266 0.198611 0.017969 0.025000
0 0.617188 0.054167 0.028125 0.044444
0 0.362891 0.050694 0.017969 0.048611
0 0.257812 0.078472 0.015625 0.045833
0 0.938281 0.431944 0.015625 0.036111
0 0.274609 0.253472 0.016406 0.034722
0 0.474609 0.602778 0.014844 0.030556
0 0.759766 0.126389 0.019531 0.036111
0 0.588281 0.900694 0.023438 0.026389
0 0.607031 0.718056 0.021875 0.038889
0 0.940625 0.234722 0.014063 0.025000
0 0.464453 0.043056 0.021094 0.038889
0 0.331250 0.837500 0.017188 0.038889
0 0.149609 0.727778 0.024219 0.033333
0 0.647266 0.053472 0.021094 0.037500
0 0.753125 0.405556 0.026562 0.050000
0 0.412109 0.965278 0.022656 0.033333
0 0.761328 0.731250 0.016406 0.034722
0 0.657031 0.238889 0.015625 0.027778
0 0.921484 0.897917 0.019531 0.026389
0 0.234766 0.897917 0.027344 0.043056
0 0.259375 0.322917 0.017188 0.026389
0 0.912109 0.829167 0.025781 0.050000
0 0.482812 0.521528 0.028125 0.040278
0 0.411328 0.700000 0.024219 0.041667
0 0.866797 0.467361 0.016406 0.026389
0 0.546875 0.042361 0.017188 0.043056
0 0.603906 0.633333 0.023438 0.030556
0 0.162500 0.840972 0.026562 0.043056
0 0.441406 0.956250 0.014063 0.045833
0 0.895312 0.570833 0.017188 0.025000
0 0.845703 0.366667 0.027344 0.025000
0 0.695312 0.097222 0.014063 0.025000
0 0.034375 0.309722 0.026562 0.038889
0 0.730078 0.325694 0.016406 0.040278
0 0.048438 0.578472 0.023438 0.029167
0 0.750000 0.029167 0.020313 0.025000
0 0.618359 0.885417 0.027344 0.037500
0 0.901172 0.064583 0.016406 0.043056
0 0.791406 0.325000 0.021875 0.027778
0 0.101172 0.943056 0.025781 0.025000
0 0.932422 0.706944 0.017969 0.036111
0 0.795312 0.134722 0.014063 0.027778
0 0.699609 0.040972 0.027344 0.045833
0 0.645312 0.759722 0.021875 0.041667
0 0.667578 0.884722 0.014844 0.036111
0 0.926172 0.334722 0.022656 0.036111
0 0.384375 0.698611 0.014063 0.050000
0 0.705859 0.295833 0.025781 0.027778
0 0.958203 0.504861 0.021094 0.043056
0 0.114453 0.407639 0.014844 0.045833
0 0.891016 0.415972 0.025781 0.031944
0 0.386719 0.037500 0.015625 0.025000
0 0.559766 0.912500 0.016406 0.033333
0 0.980859 0.613194 0.017969 0.045833
0 0.853906 0.086806 0.015625 0.026389
0 0.951172 0.179861 0.019531 0.034722
0 0.761719 0.079861 0.018750 0.045833
0 0.132031 0.343056 0.018750 0.025000
0 0.953125 0.809722 0.021875 0.030556
0 0.376172 0.555556 0.021094 0.025000
0 0.396094 0.922917 0.018750 0.040278
0 0.410547 0.561806 0.022656 0.029167
0 0.073047 0.938889 0.017969 0.036111
1 0.592187 0.465278 0.154688 0.283333
1 0.287109 0.667361 0.121094 0.181944
1 0.776172 0.567361 0.128906 0.223611
1 0.376953 0.375694 0.141406 0.273611
1 0.155078 0.211806 0.149219 0.218056
1 0.774219 0.861111 0.150000 0.177778
1 0.498047 0.759722 0.127344 0.208333