0 0.897461 0.690430 0.056641 0.048828
0 0.934570 0.458984 0.044922 0.058594
0 0.953125 0.365234 0.050781 0.039062
0 0.751953 0.534180 0.058594 0.044922
0 0.947266 0.955078 0.046875 0.042969
0 0.966797 0.084961 0.031250 0.041016
0 0.708984 0.942383 0.058594 0.048828
0 0.891602 0.929688 0.033203 0.058594
0 0.675781 0.061523 0.046875 0.041016
0 0.876953 0.838867 0.042969 0.048828
0 0.652344 0.557617 0.039062 0.044922
0 0.558594 0.681641 0.042969 0.039062
0 0.936523 0.577148 0.052734 0.033203
0 0.696289 0.130859 0.041016 0.054688
0 0.580078 0.814453 0.050781 0.042969
0 0.651367 0.916992 0.033203 0.044922
0 0.838867 0.178711 0.048828 0.052734
0 0.913086 0.266602 0.052734 0.033203
0 0.335938 0.627930 0.035156 0.056641
0 0.745117 0.136719 0.037109 0.058594
0 0.501953 0.057617 0.042969 0.048828
0 0.532227 0.416992 0.033203 0.056641
0 0.951172 0.897461 0.046875 0.037109
0 0.738281 0.888672 0.050781 0.039062
0 0.571289 0.624023 0.044922 0.052734
0 0.113281 0.434570 0.050781 0.041016
0 0.121094 0.314453 0.039062 0.031250
0 0.259766 0.122070 0.035156 0.052734
0 0.867188 0.088867 0.035156 0.037109
0 0.915039 0.166016 0.037109 0.031250
0 0.936523 0.839844 0.041016 0.035156
0 0.285156 0.513672 0.042969 0.058594
0 0.203125 0.041016 0.042969 0.039062
0 0.791992 0.041992 0.033203 0.048828
0 0.325195 0.152344 0.048828 0.054688
0 0.054688 0.394531 0.035156 0.046875
0 0.656250 0.856445 0.031250 0.041016
0 0.801758 0.855469 0.033203 0.054688
0 0.916016 0.787109 0.042969 0.039062
0 0.898438 0.347656 0.042969 0.039062
0 0.585938 0.262695 0.031250 0.041016
0 0.937500 0.208008 0.050781 0.037109
0 0.577148 0.501953 0.044922 0.046875
1 0.122070 0.602539 0.173828 0.271484
1 0.446289 0.595703 0.166016 0.269531
1 0.280273 0.302734 0.162109 0.230469
1 0.746094 0.350586 0.234375 0.251953
1 0.727539 0.704102 0.208984 0.224609
1 0.193359 0.843750 0.238281 0.164062
1 0.443359 0.857422 0.175781 0.164062
1 0.477539 0.244141 0.169922 0.269531
1 0.091797 0.151367 0.148438 0.166016