0 0.760742 0.060547 0.044922 0.054688
0 0.054688 0.512695 0.035156 0.037109
0 0.375000 0.831055 0.050781 0.056641
0 0.036133 0.798828 0.033203 0.050781
0 0.506836 0.841797 0.041016 0.046875
0 0.460938 0.946289 0.046875 0.048828
0 0.788086 0.675781 0.041016 0.039062
0 0.362305 0.557617 0.044922 0.056641
0 0.656250 0.066406 0.046875 0.050781
0 0.180664 0.071289 0.056641 0.052734
0 0.332031 0.914062 0.039062 0.039062
0 0.600586 0.297852 0.037109 0.056641
0 0.393555 0.218750 0.033203 0.050781
0 0.355469 0.408203 0.054688 0.039062
0 0.588867 0.420898 0.044922 0.037109
0 0.585938 0.830078 0.054688 0.054688
0 0.057617 0.865234 0.044922 0.042969
0 0.062500 0.418945 0.058594 0.041016
0 0.141602 0.854492 0.041016 0.033203
0 0.690430 0.716797 0.033203 0.035156
0 0.623047 0.631836 0.042969 0.037109
0 0.042969 0.141602 0.046875 0.037109
0 0.310547 0.538086 0.042969 0.033203
0 0.368164 0.068359 0.033203 0.050781
0 0.944336 0.559570 0.041016 0.044922
0 0.636719 0.947266 0.058594 0.054688
0 0.139648 0.527344 0.052734 0.031250
0 0.284180 0.908203 0.037109 0.050781
0 0.682617 0.216797 0.041016 0.042969
0 0.107422 0.905273 0.039062 0.044922
0 0.942383 0.376953 0.056641 0.035156
0 0.567383 0.915039 0.048828 0.052734
0 0.644531 0.444336 0.031250 0.044922
0 0.680664 0.313477 0.033203 0.033203
0 0.888672 0.642578 0.050781 0.035156
0 0.584961 0.720703 0.037109 0.039062
0 0.658203 0.844727 0.039062 0.044922
0 0.268555 0.484375 0.033203 0.058594
0 0.185547 0.844727 0.031250 0.033203
0 0.891602 0.330078 0.041016 0.039062
0 0.073242 0.968750 0.048828 0.031250
0 0.447266 0.861328 0.058594 0.042969
0 0.166992 0.957031 0.044922 0.042969
1 0.342773 0.689453 0.263672 0.183594
1 0.472656 0.423828 0.148438 0.261719
1 0.861328 0.838867 0.230469 0.232422
1 0.526367 0.137695 0.197266 0.185547
1 0.789062 0.467773 0.195312 0.189453
1 0.211914 0.247070 0.248047 0.251953
1 0.872070 0.210938 0.173828 0.179688