0 0.066406 0.150000 0.021875 0.041667
0 0.958203 0.408333 0.025781 0.030556
0 0.106641 0.138889 0.021094 0.027778
0 0.036328 0.591667 0.019531 0.047222
0 0.205469 0.468056 0.021875 0.038889
0 0.496875 0.617361 0.020313 0.029167
0 0.469531 0.916667 0.025000 0.044444
0 0.394141 0.056944 0.022656 0.033333
0 0.036719 0.171528 0.021875 0.045833
0 0.317578 0.035417 0.016406 0.031944
0 0.053516 0.918750 0.025781 0.040278
0 0.914844 0.228472 0.014063 0.029167
0 0.723437 0.786806 0.014063 0.029167
0 0.501953 0.892361 0.017969 0.029167
0 0.604688 0.932639 0.014063 0.031944
0 0.112891 0.265972 0.022656 0.034722
0 0.437109 0.472917 0.022656 0.040278
0 0.971484 0.356250 0.024219 0.048611
0 0.323047 0.118750 0.025781 0.034722
0 0.099219 0.749306 0.021875 0.037500
0 0.246875 0.620139 0.025000 0.026389
0 0.890625 0.443056 0.020313 0.038889
0 0.035937 0.852083 0.026562 0.037500
0 0.818750 0.700000 0.017188 0.047222
0 0.959766 0.940972 0.019531 0.034722
0 0.935547 0.456944 0.025781 0.036111
0 0.678125 0.911111 0.028125 0.036111
0 0.969141 0.732639 0.014844 0.043056
0 0.751953 0.117361 0.014844 0.043056
0 0.953516 0.243056 0.021094 0.027778
0 0.065625 0.724306 0.015625 0.026389
0 0.113281 0.656250 0.026562 0.029167
0 0.712109 0.873611 0.027344 0.041667
0 0.230469 0.561806 0.025000 0.026389
0 0.953516 0.670833 0.025781 0.050000
0 0.694531 0.622917 0.015625 0.034722
0 0.198828 0.106944 0.014844 0.036111
0 0.738672 0.211806 0.014844 0.031944
0 0.233594 0.450000 0.028125 0.047222
0 0.400781 0.347917 0.026562 0.043056
0 0.824609 0.050000 0.027344 0.050000
0 0.139063 0.568056 0.025000 0.044444
0 0.033594 0.713194 0.021875 0.031944
0 0.764453 0.270833 0.027344 0.033333
0 0.225391 0.927778 0.019531 0.050000
0 0.348438 0.068750 0.015625 0.034722
0 0.401562 0.186806 0.014063 0.043056
0 0.199219 0.647222 0.020313 0.041667
0 0.953516 0.798611 0.019531 0.038889
0 0.684766 0.732639 0.019531 0.043056
0 0.082812 0.050694 0.025000 0.037500
0 0.390234 0.933333 0.017969 0.050000
0 0.078906 0.687500 0.020313 0.027778
0 0.166016 0.595833 0.014844 0.041667
0 0.391797 0.758333 0.019531 0.047222
0 0.409375 0.865278 0.020313 0.036111
0 0.723047 0.159028 0.019531 0.037500
0 0.068359 0.561806 0.016406 0.040278
0 0.166406 0.927778 0.028125 0.033333
0 0.898828 0.650694 0.027344 0.048611
0 0.512109 0.064583 0.017969 0.045833
0 0.503516 0.504167 0.017969 0.041667
0 0.559375 0.563889 0.026562 0.030556
0 0.769531 0.220139 0.020313 0.031944
0 0.661719 0.770139 0.018750 0.040278
0 0.371875 0.229167 0.023438 0.038889
0 0.726562 0.058333 0.017188 0.030556
0 0.146875 0.760417 0.017188 0.045833
0 0.762500 0.930556 0.018750 0.033333
0 0.958984 0.880556 0.021094 0.036111
0 0.447266 0.095833 0.025781 0.038889
0 0.625000 0.927083 0.015625 0.026389
0 0.771875 0.645833 0.020313 0.027778
0 0.160156 0.064583 0.023438 0.043056
0 0.261328 0.409722 0.014844 0.033333
0 0.947656 0.745139 0.020313 0.031944
0 0.753906 0.685417 0.021875 0.029167
0 0.651953 0.580556 0.027344 0.033333
0 0.420312 0.681250 0.020313 0.040278
0 0.473828 0.539583 0.014844 0.045833
0 0.410156 0.395833 0.015625 0.041667
0 0.743750 0.852083 0.020313 0.031944
0 0.570703 0.905556 0.025781 0.038889
0 0.080078 0.837500 0.016406 0.050000
0 0.234766 0.052778 0.022656 0.044444
0 0.524609 0.585417 0.021094 0.048611
0 0.612109 0.554167 0.021094 0.033333
0 0.928125 0.177083 0.014063 0.048611
0 0.110156 0.562500 0.014063 0.041667
0 0.171484 0.697222 0.019531 0.036111
1 0.539453 0.747222 0.171094 0.191667
1 0.330859 0.568750 0.111719 0.284722
1 0.103125 0.416667 0.121875 0.230556
1 0.846094 0.211111 0.110937 0.180556
1 0.512891 0.332639 0.171094 0.176389
1 0.256641 0.263889 0.136719 0.238889
1 0.873047 0.859028 0.111719 0.173611
1 0.812891 0.481250 0.124219 0.256944
1 0.301953 0.854861 0.110156 0.173611