0 0.583008 0.223633 0.052734 0.044922
0 0.146484 0.184570 0.050781 0.048828
0 0.052734 0.376953 0.058594 0.035156
0 0.820312 0.357422 0.058594 0.042969
0 0.258789 0.061523 0.037109 0.052734
0 0.155273 0.237305 0.048828 0.033203
0 0.037109 0.763672 0.042969 0.054688
0 0.132812 0.368164 0.039062 0.056641
0 0.456055 0.101562 0.044922 0.031250
0 0.123047 0.927734 0.046875 0.035156
0 0.568359 0.124023 0.031250 0.037109
0 0.865234 0.628906 0.042969 0.042969
0 0.590820 0.708008 0.037109 0.037109
0 0.403320 0.283203 0.048828 0.046875
0 0.344727 0.481445 0.048828 0.044922
0 0.119141 0.619141 0.046875 0.050781
0 0.961914 0.520508 0.041016 0.037109
0 0.369141 0.080078 0.035156 0.031250
0 0.396484 0.034180 0.050781 0.033203
0 0.905273 0.761719 0.037109 0.042969
0 0.457031 0.144531 0.046875 0.031250
0 0.040039 0.265625 0.041016 0.050781
0 0.107422 0.075195 0.046875 0.044922
0 0.412109 0.561523 0.046875 0.048828
0 0.440430 0.653320 0.056641 0.044922
0 0.942383 0.661133 0.044922 0.056641
0 0.157227 0.283203 0.037109 0.042969
0 0.452148 0.728516 0.044922 0.039062
0 0.480469 0.295898 0.046875 0.052734
0 0.527344 0.177734 0.058594 0.031250
0 0.174805 0.053711 0.056641 0.052734
0 0.442383 0.187500 0.033203 0.039062
0 0.067383 0.498047 0.056641 0.050781
0 0.823242 0.573242 0.041016 0.037109
0 0.963867 0.810547 0.041016 0.058594
0 0.798828 0.623047 0.042969 0.031250
0 0.910156 0.814453 0.042969 0.046875
0 0.366211 0.130859 0.041016 0.046875
0 0.512695 0.087891 0.033203 0.050781
0 0.348633 0.602539 0.052734 0.056641
0 0.345703 0.538086 0.058594 0.048828
0 0.738281 0.041992 0.042969 0.041016
0 0.956055 0.583008 0.033203 0.041016
0 0.841797 0.496094 0.031250 0.035156
0 0.356445 0.743164 0.037109 0.052734
0 0.257812 0.951172 0.058594 0.046875
0 0.624023 0.888672 0.033203 0.042969
1 0.575195 0.491211 0.263672 0.255859
1 0.223633 0.782227 0.201172 0.224609
1 0.780273 0.193359 0.267578 0.218750
1 0.285156 0.294922 0.140625 0.179688
1 0.228516 0.511719 0.144531 0.203125
1 0.482422 0.865234 0.187500 0.164062
1 0.764648 0.792969 0.228516 0.269531