0 0.125977 0.623047 0.052734 0.031250
0 0.472656 0.660156 0.039062 0.035156
0 0.368164 0.613281 0.033203 0.050781
0 0.702148 0.038086 0.041016 0.041016
0 0.376953 0.301758 0.046875 0.056641
0 0.405273 0.689453 0.044922 0.046875
0 0.234375 0.675781 0.035156 0.031250
0 0.244141 0.943359 0.035156 0.046875
0 0.173828 0.884766 0.031250 0.031250
0 0.128906 0.526367 0.039062 0.052734
0 0.811523 0.963867 0.044922 0.037109
0 0.193359 0.796875 0.058594 0.054688
0 0.824219 0.430664 0.031250 0.041016
0 0.060547 0.778320 0.054688 0.033203
0 0.646484 0.292969 0.031250 0.031250
0 0.302734 0.252930 0.035156 0.044922
0 0.886719 0.522461 0.039062 0.048828
0 0.560547 0.607422 0.050781 0.039062
0 0.776367 0.704102 0.052734 0.056641
0 0.677734 0.652344 0.039062 0.050781
0 0.289062 0.629883 0.035156 0.056641
0 0.041992 0.119141 0.044922 0.035156
0 0.627930 0.645508 0.041016 0.044922
0 0.913086 0.673828 0.037109 0.039062
0 0.564453 0.873047 0.042969 0.031250
0 0.203125 0.625000 0.050781 0.046875
0 0.521484 0.689453 0.042969 0.039062
0 0.930664 0.097656 0.056641 0.031250
0 0.838867 0.481445 0.041016 0.037109
0 0.712891 0.154297 0.039062 0.042969
0 0.781250 0.136719 0.054688 0.031250
0 0.402344 0.071289 0.054688 0.033203
0 0.283203 0.077148 0.035156 0.048828
0 0.881836 0.420898 0.037109 0.044922
0 0.116211 0.426758 0.052734 0.056641
0 0.349609 0.730469 0.031250 0.054688
0 0.968750 0.923828 0.031250 0.058594
0 0.117188 0.146484 0.042969 0.042969
0 0.957031 0.505859 0.054688 0.058594
0 0.347656 0.130859 0.031250 0.039062
0 0.057617 0.725586 0.056641 0.056641
0 0.478516 0.594727 0.035156 0.056641
0 0.062500 0.571289 0.046875 0.033203
0 0.072266 0.899414 0.054688 0.044922
0 0.850586 0.655273 0.056641 0.041016
0 0.128906 0.053711 0.039062 0.037109
0 0.717773 0.730469 0.033203 0.050781
0 0.462891 0.743164 0.050781 0.037109
0 0.633789 0.347656 0.041016 0.031250
1 0.694336 0.499023 0.150391 0.205078
1 0.389648 0.883789 0.216797 0.162109
1 0.277344 0.475586 0.207031 0.185547
1 0.171875 0.274414 0.203125 0.162109
1 0.717773 0.864258 0.146484 0.146484
1 0.802734 0.268555 0.242188 0.146484
1 0.503906 0.432617 0.179688 0.251953
1 0.549805 0.134766 0.212891 0.238281
1 0.897461 0.790039 0.158203 0.138672