0 0.657227 0.518555 0.044922 0.052734
0 0.913086 0.598633 0.052734 0.044922
0 0.788086 0.470703 0.041016 0.039062
0 0.673828 0.832031 0.035156 0.035156
0 0.931641 0.725586 0.046875 0.052734
0 0.513672 0.161133 0.058594 0.037109
0 0.662109 0.059570 0.058594 0.037109
0 0.735352 0.077148 0.056641 0.048828
0 0.852539 0.729492 0.041016 0.037109
0 0.091797 0.885742 0.042969 0.041016
0 0.639648 0.963867 0.033203 0.041016
0 0.636719 0.574219 0.054688 0.035156
0 0.933594 0.478516 0.046875 0.042969
0 0.931641 0.287109 0.039062 0.050781
0 0.740234 0.544922 0.050781 0.058594
0 0.911133 0.666016 0.056641 0.035156
0 0.455078 0.066406 0.054688 0.042969
0 0.430664 0.845703 0.037109 0.042969
0 0.284180 0.878906 0.041016 0.035156
0 0.684570 0.765625 0.056641 0.039062
0 0.837891 0.167969 0.046875 0.058594
0 0.895508 0.042969 0.048828 0.042969
0 0.840820 0.562500 0.037109 0.046875
0 0.076172 0.646484 0.039062 0.031250
0 0.109375 0.071289 0.031250 0.056641
0 0.576172 0.873047 0.042969 0.039062
0 0.055664 0.735352 0.041016 0.041016
0 0.229492 0.589844 0.041016 0.054688
0 0.951172 0.377930 0.050781 0.041016
0 0.734375 0.615234 0.042969 0.050781
0 0.184570 0.089844 0.041016 0.042969
0 0.164062 0.141602 0.046875 0.044922
0 0.354492 0.954102 0.052734 0.044922
1 0.345703 0.260742 0.152344 0.177734
1 0.211914 0.753906 0.197266 0.199219
1 0.512695 0.701172 0.267578 0.187500
1 0.740234 0.351562 0.257812 0.175781
1 0.129883 0.327148 0.138672 0.244141
1 0.380859 0.445312 0.261719 0.140625
1 0.833008 0.829102 0.220703 0.138672