0 0.635156 0.225694 0.026562 0.031944
0 0.278516 0.809722 0.019531 0.027778
0 0.907422 0.415278 0.024219 0.033333
0 0.622266 0.350000 0.019531 0.038889
0 0.704688 0.323611 0.026562 0.050000
0 0.394922 0.772222 0.016406 0.033333
0 0.339453 0.429167 0.017969 0.041667
0 0.865234 0.568750 0.014844 0.037500
0 0.223828 0.865278 0.021094 0.027778
0 0.802734 0.159028 0.019531 0.045833
0 0.332813 0.622222 0.020313 0.025000
0 0.433203 0.308333 0.014844 0.044444
0 0.141406 0.917361 0.015625 0.040278
0 0.427344 0.526389 0.023438 0.038889
0 0.921094 0.319444 0.026562 0.030556
0 0.767969 0.483333 0.025000 0.038889
0 0.542188 0.925694 0.021875 0.037500
0 0.572656 0.238889 0.021875 0.038889
0 0.658594 0.287500 0.014063 0.027778
0 0.482031 0.770833 0.017188 0.044444
0 0.980078 0.477778 0.017969 0.027778
0 0.407422 0.710417 0.019531 0.045833
0 0.589063 0.200000 0.018750 0.025000
0 0.203125 0.461111 0.020313 0.041667
0 0.070312 0.200694 0.015625 0.048611
0 0.841797 0.327083 0.017969 0.037500
0 0.064453 0.740972 0.017969 0.031944
0 0.429688 0.849306 0.025000 0.034722
0 0.675391 0.197917 0.025781 0.040278
0 0.516797 0.764583 0.016406 0.045833
0 0.619922 0.531944 0.021094 0.033333
0 0.073047 0.682639 0.022656 0.026389
0 0.477734 0.135417 0.017969 0.040278
0 0.350781 0.716667 0.023438 0.027778
0 0.521484 0.880556 0.024219 0.025000
0 0.684766 0.052778 0.014844 0.050000
0 0.326953 0.744444 0.017969 0.025000
0 0.810547 0.540278 0.019531 0.025000
0 0.529297 0.220139 0.017969 0.048611
0 0.947266 0.252778 0.019531 0.038889
0 0.223047 0.820833 0.017969 0.030556
0 0.945703 0.629167 0.017969 0.047222
0 0.573047 0.081944 0.016406 0.025000
0 0.486719 0.074306 0.020313 0.031944
0 0.777734 0.545833 0.022656 0.030556
0 0.335156 0.518750 0.028125 0.045833
0 0.406250 0.665278 0.014063 0.025000
0 0.347266 0.886111 0.017969 0.033333
0 0.166797 0.297917 0.017969 0.045833
0 0.842969 0.652083 0.018750 0.045833
0 0.797266 0.299306 0.016406 0.048611
0 0.305469 0.318056 0.026562 0.050000
0 0.105078 0.147222 0.017969 0.038889
0 0.030469 0.684722 0.014063 0.027778
0 0.743750 0.273611 0.025000 0.030556
0 0.656641 0.586806 0.019531 0.040278
0 0.939844 0.843056 0.028125 0.044444
0 0.890234 0.959722 0.022656 0.027778
0 0.956250 0.411111 0.026562 0.047222
0 0.320312 0.956944 0.018750 0.044444
0 0.080859 0.272917 0.019531 0.040278
0 0.545312 0.098611 0.028125 0.033333
0 0.488281 0.655556 0.028125 0.025000
0 0.318750 0.904167 0.025000 0.036111
0 0.735938 0.039583 0.014063 0.037500
0 0.756641 0.440278 0.019531 0.025000
0 0.917188 0.604861 0.017188 0.026389
0 0.170703 0.115972 0.024219 0.026389
0 0.723437 0.473611 0.014063 0.038889
0 0.424219 0.929167 0.020313 0.027778
0 0.353906 0.637500 0.014063 0.047222
0 0.810156 0.425000 0.020313 0.036111
0 0.169922 0.914583 0.022656 0.045833
0 0.651953 0.388889 0.014844 0.030556
0 0.768750 0.334722 0.028125 0.025000
0 0.266016 0.361806 0.019531 0.048611
0 0.703516 0.193750 0.016406 0.031944
0 0.555469 0.279167 0.015625 0.027778
0 0.413281 0.443056 0.023438 0.044444
0 0.396484 0.897917 0.014844 0.037500
0 0.656641 0.045139 0.021094 0.034722
0 0.960938 0.904167 0.018750 0.041667
0 0.068750 0.911806 0.021875 0.037500
0 0.841406 0.452083 0.028125 0.037500
0 0.706250 0.522917 0.023438 0.045833
1 0.232813 0.634722 0.131250 0.280556
1 0.352734 0.151389 0.155469 0.180556
1 0.539844 0.454167 0.129688 0.250000
1 0.626563 0.729167 0.146875 0.216667
1 0.086719 0.545139 0.109375 0.195833
1 0.833594 0.804167 0.150000 0.227778
1 0.876953 0.158333 0.100781 0.202778