0 0.814453 0.933594 0.050781 0.046875
0 0.903320 0.919922 0.044922 0.046875
0 0.942383 0.401367 0.033203 0.056641
0 0.452148 0.745117 0.041016 0.056641
0 0.181641 0.510742 0.031250 0.044922
0 0.172852 0.866211 0.052734 0.037109
0 0.309570 0.597656 0.041016 0.046875
0 0.093750 0.651367 0.042969 0.052734
0 0.560547 0.273438 0.039062 0.046875
0 0.628906 0.112305 0.031250 0.052734
0 0.469727 0.826172 0.052734 0.039062
0 0.129883 0.099609 0.033203 0.039062
0 0.082031 0.390625 0.031250 0.035156
0 0.109375 0.582031 0.031250 0.035156
0 0.055664 0.477539 0.056641 0.037109
0 0.188477 0.290039 0.044922 0.044922
0 0.106445 0.864258 0.033203 0.048828
0 0.480469 0.612305 0.046875 0.041016
0 0.183594 0.775391 0.046875 0.054688
0 0.049805 0.924805 0.044922 0.044922
0 0.197266 0.597656 0.039062 0.039062
0 0.219727 0.120117 0.056641 0.052734
0 0.203125 0.663086 0.054688 0.044922
0 0.798828 0.479492 0.035156 0.033203
0 0.927734 0.247070 0.042969 0.052734
0 0.388672 0.516602 0.046875 0.037109
0 0.720703 0.054688 0.039062 0.031250
0 0.322266 0.946289 0.050781 0.037109
0 0.422852 0.623047 0.033203 0.050781
0 0.113281 0.219727 0.039062 0.044922
0 0.852539 0.460938 0.033203 0.050781
0 0.560547 0.147461 0.039062 0.037109
0 0.136719 0.406250 0.042969 0.058594
0 0.936523 0.526367 0.041016 0.041016
0 0.072266 0.295898 0.031250 0.048828
0 0.936523 0.125977 0.041016 0.044922
0 0.210938 0.238281 0.054688 0.042969
0 0.243164 0.060547 0.041016 0.039062
1 0.381836 0.388672 0.267578 0.160156
1 0.684570 0.347656 0.177734 0.136719
1 0.430664 0.153320 0.205078 0.220703
1 0.322266 0.791016 0.187500 0.171875
1 0.640625 0.783203 0.183594 0.261719
1 0.625000 0.519531 0.152344 0.160156
1 0.870117 0.709961 0.181641 0.251953
1 0.820312 0.177734 0.152344 0.136719