0 0.608398 0.056641 0.052734 0.050781
0 0.117188 0.962891 0.042969 0.031250
0 0.480469 0.328125 0.046875 0.035156
0 0.650391 0.390625 0.058594 0.035156
0 0.514648 0.493164 0.041016 0.041016
0 0.419922 0.288086 0.042969 0.056641
0 0.810547 0.875977 0.031250 0.033203
0 0.055664 0.804688 0.041016 0.039062
0 0.670898 0.441406 0.048828 0.046875
0 0.420898 0.926758 0.056641 0.044922
0 0.068359 0.757812 0.039062 0.031250
0 0.390625 0.671875 0.039062 0.042969
0 0.460938 0.663086 0.031250 0.056641
0 0.042969 0.539062 0.050781 0.050781
0 0.081055 0.373047 0.044922 0.054688
0 0.253906 0.648438 0.031250 0.046875
0 0.463867 0.831055 0.041016 0.056641
0 0.910156 0.034180 0.050781 0.037109
0 0.053711 0.703125 0.033203 0.058594
0 0.436523 0.747070 0.037109 0.048828
0 0.924805 0.694336 0.041016 0.052734
0 0.893555 0.304688 0.041016 0.058594
0 0.185547 0.662109 0.050781 0.058594
0 0.934570 0.189453 0.044922 0.046875
0 0.071289 0.450195 0.033203 0.052734
0 0.898438 0.612305 0.050781 0.048828
0 0.284180 0.908203 0.037109 0.050781
0 0.601562 0.476562 0.050781 0.035156
0 0.075195 0.902344 0.048828 0.046875
0 0.057617 0.633789 0.048828 0.048828
0 0.942383 0.295898 0.037109 0.037109
0 0.578125 0.556641 0.046875 0.031250
0 0.582031 0.387695 0.035156 0.037109
0 0.786133 0.057617 0.037109 0.048828
0 0.727539 0.047852 0.033203 0.056641
0 0.874023 0.744141 0.044922 0.031250
1 0.285156 0.477539 0.269531 0.212891
1 0.662109 0.671875 0.265625 0.179688
1 0.392578 0.122070 0.218750 0.138672
1 0.665039 0.238281 0.240234 0.246094
1 0.149414 0.166016 0.138672 0.265625
1 0.267578 0.783203 0.238281 0.160156
1 0.646484 0.864258 0.261719 0.150391
1 0.848633 0.470703 0.232422 0.171875
1 0.910156 0.877930 0.144531 0.185547