0 0.960547 0.448611 0.016406 0.036111
0 0.708203 0.950694 0.016406 0.034722
0 0.780469 0.865972 0.026562 0.048611
0 0.474219 0.067361 0.018750 0.034722
0 0.702734 0.282639 0.016406 0.037500
0 0.496484 0.624306 0.025781 0.045833
0 0.386719 0.856250 0.021875 0.031944
0 0.878125 0.086111 0.020313 0.027778
0 0.863672 0.886806 0.021094 0.045833
0 0.421875 0.115972 0.017188 0.026389
0 0.739844 0.912500 0.026562 0.030556
0 0.463672 0.860417 0.017969 0.029167
0 0.338281 0.553472 0.028125 0.031944
0 0.641016 0.351389 0.025781 0.036111
0 0.308594 0.731250 0.025000 0.031944
0 0.651172 0.856944 0.024219 0.025000
0 0.118750 0.317361 0.015625 0.043056
0 0.366016 0.891667 0.019531 0.027778
0 0.101562 0.670139 0.026562 0.026389
0 0.321875 0.122222 0.023438 0.025000
0 0.137891 0.752083 0.027344 0.031944
0 0.292969 0.548611 0.020313 0.027778
0 0.850000 0.530556 0.014063 0.050000
0 0.840625 0.940278 0.015625 0.038889
0 0.324219 0.645833 0.020313 0.050000
0 0.976172 0.550694 0.025781 0.045833
0 0.520703 0.963194 0.014844 0.026389
0 0.902344 0.465972 0.023438 0.037500
0 0.339844 0.879861 0.017188 0.037500
0 0.624219 0.113889 0.026562 0.038889
0 0.446875 0.811111 0.015625 0.050000
0 0.296875 0.863889 0.023438 0.041667
0 0.966406 0.924306 0.028125 0.031944
0 0.150391 0.902778 0.021094 0.036111
0 0.560547 0.620139 0.019531 0.026389
0 0.727734 0.584722 0.016406 0.030556
0 0.778516 0.222222 0.017969 0.027778
0 0.663672 0.680556 0.021094 0.047222
0 0.673047 0.254167 0.014844 0.033333
0 0.732812 0.852778 0.028125 0.047222
0 0.088281 0.956250 0.015625 0.026389
0 0.970313 0.036806 0.018750 0.037500
0 0.960938 0.148611 0.015625 0.044444
0 0.640625 0.632639 0.015625 0.040278
0 0.241016 0.490278 0.021094 0.036111
0 0.961328 0.257639 0.016406 0.043056
0 0.340234 0.200000 0.014844 0.027778
0 0.427344 0.934028 0.020313 0.040278
0 0.763672 0.956250 0.017969 0.029167
0 0.773438 0.683333 0.021875 0.036111
0 0.760156 0.642361 0.021875 0.031944
0 0.447266 0.047917 0.024219 0.045833
0 0.670312 0.952778 0.015625 0.025000
0 0.280859 0.959722 0.022656 0.033333
0 0.325391 0.156250 0.025781 0.029167
0 0.351172 0.032639 0.027344 0.026389
0 0.287500 0.470139 0.015625 0.034722
0 0.066016 0.907639 0.016406 0.043056
0 0.116016 0.925000 0.021094 0.047222
0 0.548047 0.937500 0.021094 0.033333
0 0.249609 0.536111 0.017969 0.036111
0 0.979297 0.304167 0.022656 0.038889
0 0.588281 0.602778 0.023438 0.030556
0 0.882422 0.966667 0.024219 0.033333
0 0.709375 0.188889 0.026562 0.036111
0 0.933203 0.445139 0.024219 0.026389
0 0.977344 0.637500 0.026562 0.025000
0 0.928906 0.491667 0.023438 0.041667
0 0.759766 0.571528 0.021094 0.034722
0 0.596094 0.235417 0.028125 0.034722
0 0.823828 0.267361 0.021094 0.034722
0 0.387109 0.795833 0.021094 0.050000
0 0.251172 0.102083 0.021094 0.043056
0 0.717578 0.748611 0.019531 0.025000
0 0.367969 0.156250 0.028125 0.031944
0 0.111328 0.857639 0.016406 0.029167
0 0.972656 0.713194 0.020313 0.045833
0 0.810937 0.840972 0.028125 0.031944
1 0.223438 0.360417 0.101562 0.193056
1 0.414453 0.672222 0.127344 0.175000
1 0.539062 0.422917 0.167187 0.270833
1 0.214062 0.747222 0.101562 0.188889
1 0.882422 0.682639 0.133594 0.195833
1 0.892969 0.269444 0.100000 0.300000
1 0.746094 0.420139 0.157812 0.218056
1 0.085156 0.491667 0.106250 0.247222
1 0.356250 0.410417 0.106250 0.215278
1 0.144922 0.138889 0.107031 0.183333