0 0.597656 0.294922 0.035156 0.050781
0 0.690430 0.385742 0.037109 0.048828
0 0.043945 0.278320 0.048828 0.052734
0 0.298828 0.043945 0.046875 0.041016
0 0.489258 0.042969 0.048828 0.031250
0 0.608398 0.572266 0.052734 0.039062
0 0.395508 0.666992 0.041016 0.044922
0 0.094727 0.247070 0.033203 0.044922
0 0.140625 0.575195 0.031250 0.037109
0 0.806641 0.281250 0.058594 0.054688
0 0.063477 0.047852 0.048828 0.056641
0 0.047852 0.757812 0.033203 0.035156
0 0.952148 0.655273 0.037109 0.044922
0 0.466797 0.187500 0.039062 0.054688
0 0.940430 0.537109 0.037109 0.039062
0 0.392578 0.134766 0.054688 0.054688
0 0.070312 0.455078 0.042969 0.058594
0 0.491211 0.382812 0.037109 0.054688
0 0.963867 0.124023 0.041016 0.037109
0 0.543945 0.580078 0.041016 0.058594
0 0.857422 0.189453 0.035156 0.054688
0 0.193359 0.408203 0.046875 0.039062
0 0.882812 0.050781 0.050781 0.035156
0 0.582031 0.675781 0.050781 0.039062
0 0.943359 0.805664 0.046875 0.052734
0 0.712891 0.505859 0.031250 0.042969
0 0.637695 0.447266 0.056641 0.058594
0 0.321289 0.862305 0.044922 0.041016
0 0.310547 0.923828 0.050781 0.031250
0 0.555664 0.522461 0.033203 0.037109
0 0.371094 0.051758 0.039062 0.056641
0 0.043945 0.333984 0.041016 0.039062
0 0.243164 0.541016 0.048828 0.042969
0 0.945312 0.224609 0.039062 0.054688
0 0.109375 0.183594 0.054688 0.039062
0 0.741211 0.770508 0.044922 0.044922
0 0.505859 0.311523 0.035156 0.052734
0 0.512695 0.678711 0.044922 0.041016
0 0.151367 0.053711 0.033203 0.056641
1 0.776367 0.637695 0.255859 0.185547
1 0.863281 0.415039 0.218750 0.177734
1 0.249023 0.248047 0.201172 0.246094
1 0.198242 0.694336 0.193359 0.150391
1 0.381836 0.499023 0.181641 0.162109
1 0.675781 0.124023 0.269531 0.162109
1 0.770508 0.876953 0.228516 0.140625
1 0.479492 0.861328 0.232422 0.234375
1 0.136719 0.887695 0.156250 0.173828