0 0.295312 0.876389 0.014063 0.033333
0 0.092969 0.372917 0.020313 0.040278
0 0.564063 0.914583 0.014063 0.043056
0 0.300000 0.170833 0.021875 0.044444
0 0.041406 0.359028 0.020313 0.045833
0 0.766406 0.078472 0.018750 0.045833
0 0.554688 0.061111 0.018750 0.030556
0 0.373047 0.284028 0.019531 0.026389
0 0.837891 0.290278 0.021094 0.041667
0 0.603125 0.134722 0.014063 0.047222
0 0.055859 0.708333 0.016406 0.036111
0 0.085156 0.084028 0.025000 0.029167
0 0.239453 0.179861 0.025781 0.026389
0 0.386719 0.806250 0.014063 0.034722
0 0.962500 0.535417 0.017188 0.034722
0 0.725391 0.710417 0.021094 0.040278
0 0.697266 0.050694 0.017969 0.031944
0 0.068750 0.309722 0.017188 0.038889
0 0.089453 0.528472 0.027344 0.031944
0 0.823828 0.945833 0.014844 0.044444
0 0.297656 0.109028 0.026562 0.026389
0 0.864062 0.841667 0.021875 0.050000
0 0.145703 0.251389 0.017969 0.038889
0 0.060547 0.663194 0.014844 0.029167
0 0.335156 0.585417 0.023438 0.034722
0 0.316016 0.452778 0.017969 0.033333
0 0.061719 0.134028 0.026562 0.043056
0 0.340625 0.163889 0.014063 0.036111
0 0.695312 0.758333 0.023438 0.047222
0 0.698047 0.659028 0.025781 0.048611
0 0.355469 0.248611 0.017188 0.027778
0 0.937891 0.277778 0.014844 0.027778
0 0.827734 0.229167 0.022656 0.038889
0 0.862109 0.315972 0.019531 0.048611
0 0.909766 0.915278 0.025781 0.036111
0 0.652344 0.134028 0.028125 0.043056
0 0.916406 0.405556 0.021875 0.025000
0 0.034375 0.256944 0.021875 0.047222
0 0.273828 0.219444 0.025781 0.041667
0 0.276953 0.061111 0.024219 0.036111
0 0.108984 0.190972 0.014844 0.031944
0 0.847656 0.676389 0.021875 0.030556
0 0.857031 0.786111 0.020313 0.047222
0 0.887109 0.504167 0.019531 0.036111
0 0.323437 0.852778 0.028125 0.027778
0 0.240625 0.143056 0.025000 0.025000
0 0.575391 0.301389 0.022656 0.030556
0 0.879687 0.182639 0.020313 0.048611
0 0.848828 0.619444 0.027344 0.041667
0 0.429297 0.834028 0.021094 0.045833
0 0.424609 0.888194 0.019531 0.045833
0 0.679688 0.885417 0.017188 0.031944
0 0.326562 0.050694 0.017188 0.031944
0 0.237109 0.934028 0.016406 0.040278
0 0.024609 0.502083 0.022656 0.037500
0 0.094922 0.044444 0.021094 0.038889
0 0.576172 0.066667 0.014844 0.044444
0 0.173828 0.165278 0.019531 0.047222
0 0.887891 0.714583 0.027344 0.045833
0 0.550391 0.195833 0.027344 0.027778
0 0.925781 0.858333 0.014063 0.050000
0 0.745703 0.145139 0.016406 0.048611
0 0.976172 0.263889 0.019531 0.044444
0 0.108984 0.805556 0.014844 0.027778
0 0.338281 0.402778 0.020313 0.036111
0 0.375000 0.665972 0.017188 0.048611
0 0.982812 0.371528 0.014063 0.034722
0 0.188281 0.855556 0.023438 0.038889
0 0.724219 0.906944 0.017188 0.030556
0 0.248438 0.252083 0.014063 0.026389
0 0.119922 0.497917 0.021094 0.043056
0 0.840234 0.128472 0.016406 0.040278
0 0.025000 0.853472 0.026562 0.045833
0 0.850391 0.927083 0.027344 0.045833
0 0.535156 0.144444 0.015625 0.044444
0 0.166797 0.372222 0.022656 0.027778
0 0.981250 0.856944 0.014063 0.050000
0 0.062109 0.588889 0.022656 0.030556
0 0.225391 0.047222 0.017969 0.038889
0 0.480078 0.142361 0.025781 0.045833
0 0.891406 0.390278 0.014063 0.050000
0 0.214062 0.226389 0.023438 0.025000
0 0.852734 0.380556 0.016406 0.041667
0 0.951562 0.038889 0.020313 0.027778
0 0.100000 0.939583 0.023438 0.026389
0 0.773047 0.236111 0.024219 0.030556
0 0.325391 0.300000 0.016406 0.027778
0 0.586328 0.885417 0.024219 0.031944
0 0.385156 0.932639 0.020313 0.040278
0 0.102344 0.416667 0.014063 0.030556
0 0.796484 0.729861 0.016406 0.029167
0 0.803906 0.281250 0.023438 0.040278
0 0.609375 0.931250 0.021875 0.037500
0 0.087109 0.873611 0.027344 0.027778
0 0.272656 0.936806 0.028125 0.043056
0 0.240625 0.556250 0.015625 0.037500
0 0.797656 0.622222 0.018750 0.047222
0 0.934766 0.115278 0.014844 0.047222
0 0.923047 0.665278 0.022656 0.025000
0 0.950781 0.652778 0.025000 0.025000
0 0.107422 0.666667 0.016406 0.027778
0 0.798047 0.237500 0.017969 0.025000
0 0.565625 0.482639 0.014063 0.037500
0 0.430469 0.086806 0.017188 0.034722
0 0.518750 0.047917 0.028125 0.034722
0 0.571094 0.339583 0.023438 0.031944
0 0.726562 0.961111 0.025000 0.044444
0 0.252734 0.093056 0.014844 0.044444
0 0.066406 0.253472 0.025000 0.045833
1 0.790234 0.493750 0.135156 0.168056
1 0.241406 0.386111 0.112500 0.208333
1 0.471875 0.317361 0.117188 0.256944
1 0.618750 0.710417 0.095312 0.237500
1 0.692969 0.286806 0.093750 0.184722
1 0.283594 0.713194 0.140625 0.198611
1 0.496484 0.840278 0.102344 0.208333