0 0.379297 0.849306 0.014844 0.029167
0 0.105859 0.055556 0.021094 0.050000
0 0.919922 0.675000 0.016406 0.025000
0 0.719531 0.827778 0.015625 0.027778
0 0.248828 0.401389 0.021094 0.044444
0 0.923828 0.777083 0.017969 0.045833
0 0.492578 0.943056 0.014844 0.033333
0 0.230078 0.181944 0.016406 0.038889
0 0.353125 0.743056 0.025000 0.036111
0 0.578125 0.949306 0.023438 0.043056
0 0.620313 0.143750 0.025000 0.043056
0 0.308203 0.325000 0.027344 0.030556
0 0.623047 0.624306 0.019531 0.029167
0 0.518750 0.539583 0.018750 0.045833
0 0.955078 0.234722 0.021094 0.027778
0 0.297266 0.794444 0.016406 0.025000
0 0.538281 0.519444 0.014063 0.047222
0 0.945312 0.278472 0.017188 0.043056
0 0.871484 0.382639 0.021094 0.037500
0 0.270703 0.936111 0.019531 0.044444
0 0.887500 0.229861 0.018750 0.029167
0 0.803125 0.731250 0.026562 0.048611
0 0.770703 0.642361 0.019531 0.034722
0 0.625781 0.867361 0.026562 0.040278
0 0.483203 0.467361 0.019531 0.031944
0 0.942969 0.842361 0.025000 0.031944
0 0.256641 0.846528 0.017969 0.048611
0 0.381250 0.758333 0.023438 0.030556
0 0.820312 0.332639 0.021875 0.045833
0 0.646094 0.760417 0.020313 0.045833
0 0.555078 0.474306 0.022656 0.026389
0 0.145703 0.787500 0.017969 0.044444
0 0.980859 0.522917 0.017969 0.031944
0 0.810156 0.804861 0.014063 0.043056
0 0.765625 0.733333 0.026562 0.036111
0 0.651953 0.934722 0.024219 0.027778
0 0.360547 0.151389 0.021094 0.036111
0 0.522656 0.463889 0.014063 0.030556
0 0.279687 0.231250 0.020313 0.037500
0 0.053906 0.922222 0.028125 0.033333
0 0.217578 0.895833 0.027344 0.041667
0 0.893750 0.809722 0.021875 0.027778
0 0.859766 0.225000 0.017969 0.038889
0 0.275781 0.052083 0.018750 0.043056
0 0.759375 0.786806 0.014063 0.045833
0 0.925000 0.545833 0.015625 0.036111
0 0.018359 0.347222 0.014844 0.036111
0 0.446484 0.622917 0.024219 0.031944
0 0.929297 0.420139 0.016406 0.034722
0 0.222656 0.776389 0.023438 0.025000
0 0.612500 0.931944 0.023438 0.044444
0 0.304688 0.404861 0.018750 0.045833
0 0.823828 0.868056 0.021094 0.038889
0 0.364453 0.267361 0.021094 0.040278
0 0.235547 0.131944 0.025781 0.030556
0 0.460938 0.911806 0.025000 0.043056
0 0.898438 0.731944 0.021875 0.036111
0 0.230078 0.598611 0.016406 0.033333
0 0.538281 0.643056 0.020313 0.027778
0 0.511719 0.101389 0.028125 0.025000
0 0.861328 0.045833 0.021094 0.030556
0 0.063672 0.775000 0.016406 0.030556
0 0.719141 0.639583 0.025781 0.029167
0 0.904297 0.145139 0.014844 0.034722
0 0.839453 0.181944 0.017969 0.033333
0 0.844141 0.795139 0.017969 0.029167
0 0.078906 0.061111 0.015625 0.033333
0 0.712891 0.306250 0.024219 0.031944
0 0.403516 0.064583 0.024219 0.029167
0 0.438672 0.575000 0.027344 0.027778
0 0.324219 0.900694 0.014063 0.043056
0 0.035156 0.437500 0.014063 0.030556
0 0.685937 0.645833 0.021875 0.044444
1 0.741016 0.145139 0.161719 0.190278
1 0.321875 0.576389 0.132812 0.272222
1 0.132812 0.567361 0.162500 0.279167
1 0.669531 0.464583 0.131250 0.234722
1 0.466016 0.268750 0.119531 0.290278
1 0.126953 0.232639 0.111719 0.223611
1 0.485938 0.768750 0.165625 0.206944