0 0.074219 0.818359 0.031250 0.054688
0 0.839844 0.654297 0.031250 0.058594
0 0.145508 0.933594 0.041016 0.039062
0 0.804688 0.795898 0.031250 0.033203
0 0.158203 0.530273 0.050781 0.033203
0 0.709961 0.683594 0.056641 0.039062
0 0.466797 0.951172 0.058594 0.054688
0 0.929688 0.396484 0.042969 0.042969
0 0.585938 0.494141 0.046875 0.031250
0 0.939453 0.923828 0.035156 0.058594
0 0.375000 0.146484 0.039062 0.054688
0 0.542969 0.626953 0.058594 0.042969
0 0.670898 0.465820 0.044922 0.037109
0 0.499023 0.217773 0.037109 0.041016
0 0.407227 0.291992 0.041016 0.044922
0 0.945312 0.031250 0.035156 0.031250
0 0.482422 0.062500 0.031250 0.042969
0 0.582031 0.061523 0.031250 0.033203
0 0.819336 0.851562 0.056641 0.050781
0 0.056641 0.540039 0.031250 0.041016
0 0.930664 0.679688 0.041016 0.054688
0 0.906250 0.527344 0.058594 0.039062
0 0.745117 0.101562 0.048828 0.046875
0 0.893555 0.765625 0.044922 0.050781
0 0.625000 0.154297 0.050781 0.058594
0 0.781250 0.530273 0.031250 0.044922
0 0.369141 0.955078 0.039062 0.050781
0 0.042969 0.228516 0.054688 0.031250
0 0.588867 0.233398 0.056641 0.048828
0 0.880859 0.843750 0.050781 0.042969
0 0.765625 0.468750 0.058594 0.058594
0 0.314453 0.411133 0.039062 0.044922
0 0.844727 0.503906 0.037109 0.046875
0 0.100586 0.477539 0.037109 0.056641
0 0.851562 0.113281 0.031250 0.046875
0 0.955078 0.158203 0.039062 0.042969
1 0.367188 0.727539 0.273438 0.259766
1 0.529297 0.375000 0.144531 0.187500
1 0.160156 0.353516 0.175781 0.136719
1 0.759766 0.303711 0.261719 0.208984
1 0.195312 0.135742 0.203125 0.240234
1 0.661133 0.865234 0.240234 0.238281