0 0.569922 0.309722 0.025781 0.025000
0 0.435937 0.237500 0.017188 0.047222
0 0.250781 0.106944 0.017188 0.047222
0 0.810547 0.579167 0.021094 0.027778
0 0.140234 0.827778 0.021094 0.027778
0 0.386719 0.044444 0.025000 0.041667
0 0.462891 0.795139 0.025781 0.040278
0 0.064453 0.860417 0.025781 0.029167
0 0.378906 0.531944 0.026562 0.033333
0 0.749609 0.536111 0.024219 0.033333
0 0.858984 0.958333 0.017969 0.044444
0 0.354687 0.056944 0.026562 0.033333
0 0.458594 0.088194 0.021875 0.034722
0 0.714063 0.622222 0.028125 0.047222
0 0.192969 0.250694 0.014063 0.043056
0 0.575391 0.756944 0.019531 0.044444
0 0.865625 0.916667 0.025000 0.025000
0 0.954688 0.070139 0.028125 0.045833
0 0.974609 0.759028 0.024219 0.034722
0 0.951953 0.684722 0.016406 0.027778
0 0.582812 0.917361 0.023438 0.045833
0 0.295703 0.906250 0.016406 0.040278
0 0.325391 0.330556 0.024219 0.050000
0 0.542969 0.175694 0.021875 0.048611
0 0.024219 0.104167 0.020313 0.025000
0 0.021875 0.446528 0.017188 0.045833
0 0.309766 0.129167 0.021094 0.047222
0 0.658984 0.962500 0.027344 0.038889
0 0.577734 0.124306 0.016406 0.045833
0 0.216797 0.320139 0.017969 0.048611
0 0.278125 0.467361 0.018750 0.034722
0 0.139844 0.700000 0.018750 0.041667
0 0.596484 0.225694 0.024219 0.048611
0 0.068359 0.100000 0.022656 0.027778
0 0.942187 0.484028 0.014063 0.034722
0 0.684766 0.036111 0.027344 0.030556
0 0.115625 0.880556 0.028125 0.036111
0 0.446875 0.936111 0.021875 0.027778
0 0.617188 0.345139 0.021875 0.031944
0 0.358203 0.309028 0.016406 0.043056
0 0.389062 0.684722 0.018750 0.038889
0 0.262109 0.186111 0.017969 0.033333
0 0.083594 0.738889 0.025000 0.038889
0 0.112500 0.152083 0.015625 0.029167
0 0.100391 0.045833 0.024219 0.041667
0 0.136328 0.579861 0.021094 0.043056
0 0.505469 0.236111 0.023438 0.038889
0 0.279687 0.043750 0.020313 0.037500
0 0.456250 0.480556 0.018750 0.025000
0 0.154688 0.093056 0.023438 0.047222
0 0.437109 0.693750 0.025781 0.034722
0 0.961328 0.205556 0.024219 0.036111
0 0.733203 0.473611 0.021094 0.033333
0 0.052344 0.737500 0.021875 0.050000
0 0.937500 0.906250 0.021875 0.037500
0 0.925781 0.097222 0.018750 0.036111
0 0.979688 0.295833 0.014063 0.033333
0 0.561719 0.864583 0.014063 0.031944
0 0.969922 0.502083 0.016406 0.031944
0 0.498828 0.856944 0.025781 0.050000
0 0.748437 0.836111 0.020313 0.036111
0 0.205078 0.075694 0.021094 0.029167
0 0.155078 0.233333 0.022656 0.050000
0 0.539062 0.930556 0.021875 0.030556
0 0.314844 0.179861 0.020313 0.029167
0 0.236328 0.461111 0.017969 0.030556
0 0.537109 0.868750 0.024219 0.029167
0 0.885547 0.875000 0.024219 0.038889
0 0.327344 0.836111 0.028125 0.044444
0 0.413281 0.158333 0.014063 0.036111
0 0.928516 0.200000 0.025781 0.027778
0 0.863281 0.084722 0.025000 0.038889
0 0.855469 0.172917 0.021875 0.048611
0 0.965625 0.404167 0.021875 0.041667
0 0.406250 0.870833 0.018750 0.027778
0 0.469141 0.714583 0.014844 0.037500
0 0.576172 0.806250 0.022656 0.037500
0 0.126172 0.644444 0.019531 0.030556
0 0.732812 0.037500 0.023438 0.025000
0 0.114062 0.104861 0.023438 0.043056
0 0.359766 0.848611 0.016406 0.033333
0 0.556250 0.359028 0.014063 0.045833
0 0.742969 0.922917 0.025000 0.026389
0 0.825781 0.034028 0.023438 0.034722
0 0.605859 0.284028 0.021094 0.037500
0 0.294141 0.406250 0.014844 0.045833
0 0.505078 0.491667 0.027344 0.038889
0 0.357812 0.788889 0.023438 0.033333
0 0.024219 0.256250 0.018750 0.048611
0 0.325000 0.436806 0.023438 0.040278
0 0.419922 0.508333 0.021094 0.033333
0 0.650781 0.031944 0.018750 0.025000
0 0.885547 0.200694 0.014844 0.026389
0 0.840625 0.577083 0.026562 0.040278
0 0.351562 0.156250 0.025000 0.040278
0 0.477734 0.546528 0.016406 0.034722
0 0.329688 0.584028 0.018750 0.048611
0 0.428516 0.626389 0.025781 0.033333
0 0.825000 0.931250 0.018750 0.034722
0 0.500391 0.084722 0.024219 0.041667
0 0.053516 0.811806 0.019531 0.043056
0 0.021094 0.141667 0.020313 0.030556
0 0.357031 0.252083 0.028125 0.031944
0 0.354687 0.501389 0.015625 0.044444
0 0.508594 0.177778 0.026562 0.025000
0 0.531250 0.336806 0.014063 0.045833
0 0.823828 0.890278 0.019531 0.033333
0 0.765234 0.640972 0.019531 0.031944
1 0.671484 0.830556 0.099219 0.175000
1 0.107422 0.410417 0.135156 0.237500
1 0.450781 0.355556 0.115625 0.172222
1 0.862500 0.385417 0.132812 0.273611
1 0.609766 0.526389 0.144531 0.272222
1 0.699219 0.220833 0.131250 0.286111
1 0.867969 0.724306 0.125000 0.206944
1 0.250781 0.675694 0.098437 0.201389