0 0.565234 0.920139 0.017969 0.045833
0 0.666797 0.104167 0.019531 0.033333
0 0.447266 0.911111 0.016406 0.050000
0 0.913281 0.070139 0.017188 0.040278
0 0.840625 0.424306 0.018750 0.043056
0 0.704297 0.661111 0.019531 0.050000
0 0.905469 0.461111 0.025000 0.038889
0 0.425391 0.637500 0.016406 0.033333
0 0.798438 0.453472 0.021875 0.029167
0 0.430078 0.804167 0.016406 0.047222
0 0.580859 0.536806 0.021094 0.040278
0 0.577344 0.270833 0.026562 0.025000
0 0.191797 0.552083 0.027344 0.040278
0 0.726172 0.503472 0.021094 0.026389
0 0.567578 0.173611 0.022656 0.047222
0 0.937891 0.376389 0.025781 0.033333
0 0.229297 0.655556 0.021094 0.025000
0 0.175391 0.215278 0.027344 0.038889
0 0.945312 0.932639 0.018750 0.031944
0 0.840234 0.271528 0.014844 0.026389
0 0.530078 0.934722 0.017969 0.050000
0 0.598828 0.911111 0.021094 0.044444
0 0.537500 0.147917 0.023438 0.037500
0 0.393750 0.764583 0.020313 0.029167
0 0.525000 0.242361 0.017188 0.045833
0 0.142187 0.154861 0.017188 0.043056
0 0.908203 0.858333 0.025781 0.025000
0 0.781250 0.274306 0.015625 0.040278
0 0.758594 0.907639 0.020313 0.031944
0 0.640625 0.102778 0.025000 0.047222
0 0.042969 0.128472 0.028125 0.029167
0 0.687109 0.908333 0.014844 0.027778
0 0.194922 0.054861 0.019531 0.037500
0 0.489844 0.032639 0.014063 0.031944
0 0.451172 0.170833 0.016406 0.050000
0 0.969531 0.852083 0.021875 0.034722
0 0.237109 0.512500 0.027344 0.050000
0 0.891016 0.213194 0.017969 0.034722
0 0.858984 0.845139 0.024219 0.031944
0 0.294922 0.872222 0.027344 0.025000
0 0.696484 0.958333 0.025781 0.030556
0 0.812891 0.065278 0.027344 0.041667
0 0.611719 0.558333 0.014063 0.047222
0 0.419531 0.576389 0.014063 0.041667
0 0.132031 0.590278 0.017188 0.033333
0 0.859375 0.133333 0.018750 0.027778
0 0.889844 0.291667 0.021875 0.030556
0 0.044531 0.053472 0.023438 0.037500
0 0.951562 0.488889 0.014063 0.044444
0 0.115625 0.190972 0.014063 0.037500
0 0.335938 0.884028 0.028125 0.040278
0 0.767969 0.057639 0.018750 0.026389
0 0.488281 0.843056 0.020313 0.044444
0 0.721875 0.559722 0.020313 0.025000
0 0.799219 0.322222 0.014063 0.044444
0 0.030469 0.731250 0.017188 0.048611
0 0.123047 0.945139 0.016406 0.031944
0 0.244922 0.462500 0.017969 0.027778
0 0.144531 0.197917 0.023438 0.031944
0 0.940234 0.296528 0.016406 0.034722
0 0.267188 0.870139 0.021875 0.040278
0 0.058594 0.621528 0.020313 0.031944
0 0.833984 0.939583 0.022656 0.034722
0 0.789453 0.954861 0.024219 0.026389
0 0.919922 0.728472 0.027344 0.037500
0 0.865625 0.906250 0.014063 0.043056
0 0.396875 0.860417 0.026562 0.045833
0 0.789844 0.909722 0.028125 0.041667
0 0.170703 0.961111 0.014844 0.041667
0 0.089844 0.176389 0.025000 0.047222
0 0.462891 0.618056 0.024219 0.050000
0 0.555078 0.585417 0.025781 0.043056
0 0.687891 0.554861 0.025781 0.045833
0 0.527344 0.041667 0.014063 0.027778
0 0.763281 0.420139 0.014063 0.034722
0 0.252734 0.382639 0.016406 0.026389
0 0.051562 0.838889 0.015625 0.044444
0 0.080859 0.556944 0.027344 0.038889
0 0.403125 0.213194 0.018750 0.031944
0 0.729297 0.092361 0.021094 0.045833
0 0.020313 0.243750 0.020313 0.034722
0 0.563281 0.868750 0.015625 0.045833
0 0.476562 0.095139 0.021875 0.026389
0 0.109766 0.103472 0.017969 0.037500
0 0.864844 0.419444 0.020313 0.036111
0 0.503125 0.926389 0.020313 0.038889
0 0.033203 0.872917 0.014844 0.043056
0 0.762891 0.172222 0.025781 0.033333
0 0.951953 0.129167 0.016406 0.027778
0 0.834766 0.311806 0.019531 0.031944
0 0.564063 0.073611 0.018750 0.044444
0 0.218359 0.868056 0.027344 0.033333
0 0.888672 0.163194 0.019531 0.037500
0 0.112891 0.263194 0.024219 0.034722
0 0.746484 0.646528 0.025781 0.037500
0 0.875781 0.372222 0.018750 0.030556
0 0.645703 0.523611 0.021094 0.027778
0 0.865234 0.798611 0.021094 0.038889
0 0.022266 0.538194 0.019531 0.040278
0 0.658203 0.773611 0.017969 0.038889
0 0.424219 0.070139 0.021875 0.040278
0 0.949609 0.045833 0.019531 0.038889
0 0.908984 0.911806 0.019531 0.026389
0 0.682813 0.799306 0.014063 0.029167
0 0.938672 0.194444 0.021094 0.047222
0 0.839844 0.207639 0.014063 0.043056
1 0.310547 0.716667 0.094531 0.197222
1 0.674609 0.320833 0.141406 0.286111
1 0.504297 0.425694 0.114844 0.259722
1 0.848828 0.584028 0.139844 0.170833
1 0.360156 0.470833 0.093750 0.205556
1 0.135547 0.767361 0.107031 0.262500
1 0.578125 0.706944 0.128125 0.172222
1 0.116016 0.397222 0.147656 0.213889