0 0.958984 0.585938 0.042969 0.035156
0 0.235352 0.860352 0.033203 0.044922
0 0.508789 0.854492 0.048828 0.044922
0 0.405273 0.500977 0.048828 0.037109
0 0.779297 0.910156 0.039062 0.058594
0 0.574219 0.866211 0.039062 0.052734
0 0.775391 0.274414 0.035156 0.044922
0 0.373047 0.908203 0.035156 0.042969
0 0.666992 0.045898 0.052734 0.033203
0 0.867188 0.925781 0.050781 0.035156
0 0.407227 0.688477 0.056641 0.048828
0 0.143555 0.622070 0.033203 0.056641
0 0.411133 0.047852 0.044922 0.041016
0 0.070312 0.354492 0.042969 0.033203
0 0.522461 0.493164 0.048828 0.037109
0 0.418945 0.116211 0.037109 0.041016
0 0.229492 0.582031 0.037109 0.050781
0 0.949219 0.241211 0.035156 0.048828
0 0.157227 0.861328 0.033203 0.050781
0 0.644531 0.961914 0.054688 0.037109
0 0.085938 0.692383 0.039062 0.041016
0 0.065430 0.767578 0.056641 0.046875
0 0.119141 0.941406 0.046875 0.054688
0 0.439453 0.857422 0.046875 0.042969
0 0.906250 0.083984 0.046875 0.035156
0 0.447266 0.947266 0.031250 0.046875
0 0.926758 0.728516 0.033203 0.035156
0 0.075195 0.398438 0.033203 0.039062
0 0.718750 0.050781 0.035156 0.035156
0 0.350586 0.523438 0.033203 0.042969
0 0.953125 0.427734 0.039062 0.031250
0 0.697266 0.449219 0.039062 0.050781
0 0.752930 0.790039 0.037109 0.052734
0 0.153320 0.295898 0.044922 0.041016
0 0.841797 0.535156 0.054688 0.035156
0 0.609375 0.105469 0.058594 0.042969
0 0.309570 0.917969 0.048828 0.035156
0 0.888672 0.244141 0.039062 0.058594
0 0.480469 0.098633 0.035156 0.041016
0 0.837891 0.875977 0.042969 0.048828
0 0.098633 0.837891 0.033203 0.046875
0 0.608398 0.539062 0.041016 0.042969
0 0.403320 0.559570 0.052734 0.052734
0 0.055664 0.509766 0.037109 0.050781
0 0.519531 0.038086 0.039062 0.041016
0 0.412109 0.754883 0.039062 0.056641
0 0.092773 0.047852 0.044922 0.044922
0 0.936523 0.815430 0.041016 0.033203
1 0.540039 0.708008 0.185547 0.220703
1 0.821289 0.407227 0.189453 0.169922
1 0.284180 0.725586 0.162109 0.205078
1 0.504883 0.311523 0.224609 0.248047
1 0.788086 0.651367 0.208984 0.181641
1 0.215820 0.442383 0.216797 0.189453
1 0.748047 0.166992 0.179688 0.150391
1 0.222656 0.175781 0.246094 0.179688