0 0.539062 0.056641 0.039062 0.042969
0 0.650391 0.625977 0.042969 0.033203
0 0.465820 0.062500 0.037109 0.031250
0 0.600586 0.044922 0.056641 0.042969
0 0.324219 0.474609 0.035156 0.058594
0 0.542969 0.638672 0.058594 0.039062
0 0.047852 0.433594 0.044922 0.046875
0 0.036133 0.771484 0.037109 0.050781
0 0.253906 0.489258 0.042969 0.048828
0 0.416016 0.040039 0.046875 0.037109
0 0.293945 0.039062 0.048828 0.039062
0 0.102539 0.849609 0.033203 0.046875
0 0.087891 0.615234 0.031250 0.035156
0 0.939453 0.712891 0.054688 0.058594
0 0.077148 0.686523 0.044922 0.033203
0 0.327148 0.950195 0.056641 0.056641
0 0.550781 0.933594 0.050781 0.050781
0 0.368164 0.068359 0.033203 0.039062
0 0.243164 0.878906 0.048828 0.031250
0 0.603516 0.777344 0.039062 0.054688
0 0.461914 0.924805 0.056641 0.056641
0 0.132812 0.564453 0.042969 0.031250
0 0.623047 0.929688 0.035156 0.054688
0 0.313477 0.867188 0.041016 0.046875
0 0.387695 0.943359 0.048828 0.050781
0 0.151367 0.475586 0.037109 0.044922
0 0.424805 0.612305 0.056641 0.033203
0 0.435547 0.123047 0.050781 0.039062
0 0.479492 0.710938 0.037109 0.058594
0 0.366211 0.778320 0.037109 0.044922
0 0.167969 0.043945 0.046875 0.056641
0 0.058594 0.569336 0.039062 0.033203
0 0.082031 0.078125 0.058594 0.058594
0 0.927734 0.855469 0.046875 0.058594
0 0.155273 0.775391 0.041016 0.050781
0 0.048828 0.504883 0.050781 0.044922
0 0.097656 0.737305 0.042969 0.037109
1 0.785156 0.836914 0.218750 0.208984
1 0.581055 0.473633 0.173828 0.255859
1 0.248047 0.270508 0.238281 0.263672
1 0.823242 0.388672 0.197266 0.171875
1 0.275391 0.641602 0.199219 0.197266
1 0.797852 0.149414 0.150391 0.208984
1 0.582031 0.197266 0.226562 0.156250
1 0.854492 0.594727 0.205078 0.158203