0 0.447266 0.483398 0.054688 0.056641
0 0.840820 0.070312 0.033203 0.039062
0 0.677734 0.473633 0.046875 0.041016
0 0.520508 0.062500 0.037109 0.058594
0 0.407227 0.317383 0.052734 0.052734
0 0.925781 0.310547 0.058594 0.058594
0 0.666992 0.841797 0.033203 0.031250
0 0.114258 0.910156 0.056641 0.035156
0 0.268555 0.964844 0.048828 0.035156
0 0.735352 0.832031 0.044922 0.035156
0 0.412109 0.846680 0.035156 0.048828
0 0.637695 0.765625 0.056641 0.046875
0 0.712891 0.746094 0.039062 0.058594
0 0.521484 0.869141 0.035156 0.058594
0 0.473633 0.783203 0.041016 0.058594
0 0.799805 0.318359 0.041016 0.039062
0 0.819336 0.657227 0.056641 0.044922
0 0.628906 0.714844 0.031250 0.039062
0 0.785156 0.166016 0.042969 0.058594
0 0.227539 0.425781 0.056641 0.031250
0 0.147461 0.816406 0.033203 0.054688
0 0.293945 0.794922 0.033203 0.050781
0 0.230469 0.812500 0.042969 0.050781
0 0.235352 0.083984 0.037109 0.054688
0 0.604492 0.488281 0.052734 0.050781
0 0.386719 0.105469 0.046875 0.031250
0 0.579102 0.663086 0.044922 0.037109
0 0.398438 0.215820 0.054688 0.041016
0 0.258789 0.734375 0.056641 0.042969
0 0.263672 0.167969 0.035156 0.035156
0 0.135742 0.167969 0.048828 0.035156
0 0.165039 0.438477 0.048828 0.037109
0 0.656250 0.083008 0.046875 0.033203
0 0.880859 0.745117 0.035156 0.033203
0 0.739258 0.320312 0.044922 0.046875
0 0.960938 0.370117 0.031250 0.041016
0 0.793945 0.752930 0.044922 0.044922
0 0.605469 0.838867 0.039062 0.052734
0 0.605469 0.617188 0.031250 0.035156
0 0.781250 0.261719 0.058594 0.042969
0 0.710938 0.567383 0.046875 0.052734
0 0.153320 0.736328 0.044922 0.046875
1 0.874023 0.903320 0.154297 0.138672
1 0.565430 0.251953 0.173828 0.191406
1 0.836914 0.509766 0.166016 0.187500
1 0.186523 0.591797 0.263672 0.195312
1 0.189453 0.295898 0.234375 0.193359
1 0.459961 0.619141 0.162109 0.156250