0 0.341797 0.714844 0.031250 0.058594
0 0.688477 0.039062 0.056641 0.039062
0 0.057617 0.656250 0.048828 0.046875
0 0.760742 0.666992 0.033203 0.048828
0 0.498047 0.270508 0.058594 0.037109
0 0.452148 0.419922 0.041016 0.042969
0 0.803711 0.587891 0.052734 0.039062
0 0.402344 0.572266 0.035156 0.042969
0 0.124023 0.422852 0.041016 0.037109
0 0.759766 0.852539 0.031250 0.033203
0 0.946289 0.500977 0.037109 0.052734
0 0.063477 0.890625 0.044922 0.046875
0 0.945312 0.724609 0.054688 0.035156
0 0.491211 0.108398 0.048828 0.041016
0 0.449219 0.503906 0.031250 0.031250
0 0.871094 0.104492 0.042969 0.041016
0 0.931641 0.178711 0.046875 0.048828
0 0.583008 0.546875 0.044922 0.058594
0 0.215820 0.787109 0.056641 0.035156
0 0.512695 0.164062 0.044922 0.054688
0 0.088867 0.577148 0.041016 0.052734
0 0.885742 0.914062 0.037109 0.050781
0 0.833984 0.935547 0.039062 0.046875
0 0.176758 0.723633 0.037109 0.056641
0 0.136719 0.518555 0.046875 0.037109
0 0.898438 0.829102 0.039062 0.033203
0 0.625977 0.424805 0.033203 0.044922
0 0.807617 0.486328 0.037109 0.042969
0 0.751953 0.518555 0.039062 0.048828
0 0.288086 0.636719 0.044922 0.058594
0 0.079102 0.062500 0.037109 0.042969
0 0.092773 0.336914 0.056641 0.048828
0 0.930664 0.076172 0.037109 0.050781
0 0.556641 0.920898 0.039062 0.052734
0 0.508789 0.388672 0.041016 0.035156
0 0.920898 0.297852 0.052734 0.044922
0 0.389648 0.781250 0.044922 0.046875
0 0.134766 0.865234 0.039062 0.054688
0 0.864258 0.059570 0.048828 0.033203
0 0.875000 0.617188 0.054688 0.054688
0 0.573242 0.437500 0.056641 0.039062
0 0.125000 0.938477 0.031250 0.044922
0 0.113281 0.764648 0.058594 0.056641
0 0.326172 0.770508 0.046875 0.037109
0 0.638672 0.541016 0.039062 0.050781
0 0.096680 0.469727 0.033203 0.033203
1 0.272461 0.433594 0.185547 0.222656
1 0.279297 0.160156 0.214844 0.191406
1 0.778320 0.357422 0.189453 0.183594
1 0.311523 0.907227 0.255859 0.146484
1 0.597656 0.720703 0.265625 0.265625
1 0.683594 0.165039 0.261719 0.154297