0 0.978125 0.718750 0.018750 0.026389
0 0.166016 0.944444 0.027344 0.025000
0 0.021484 0.171528 0.017969 0.029167
0 0.524609 0.177778 0.019531 0.044444
0 0.225000 0.202083 0.026562 0.034722
0 0.501563 0.561111 0.028125 0.033333
0 0.498828 0.208333 0.016406 0.036111
0 0.817969 0.500694 0.018750 0.026389
0 0.080469 0.796528 0.028125 0.026389
0 0.907031 0.503472 0.018750 0.040278
0 0.655078 0.765972 0.014844 0.037500
0 0.217578 0.940972 0.017969 0.040278
0 0.046484 0.897222 0.022656 0.030556
0 0.944531 0.958333 0.023438 0.027778
0 0.523828 0.630556 0.025781 0.044444
0 0.328125 0.959722 0.023438 0.041667
0 0.978906 0.647917 0.015625 0.040278
0 0.156250 0.826389 0.017188 0.047222
0 0.427734 0.388889 0.024219 0.036111
0 0.835156 0.922917 0.025000 0.040278
0 0.212891 0.420139 0.025781 0.034722
0 0.037891 0.813194 0.025781 0.043056
0 0.199609 0.272917 0.016406 0.045833
0 0.078516 0.074306 0.025781 0.026389
0 0.107031 0.250694 0.028125 0.031944
0 0.467969 0.829167 0.017188 0.041667
0 0.343359 0.381250 0.016406 0.026389
0 0.426172 0.224306 0.024219 0.040278
0 0.876172 0.149306 0.024219 0.043056
0 0.217969 0.145833 0.020313 0.047222
0 0.450391 0.306250 0.014844 0.043056
0 0.030078 0.493750 0.022656 0.043056
0 0.376563 0.347222 0.023438 0.025000
0 0.946875 0.267361 0.017188 0.031944
0 0.333984 0.869444 0.021094 0.025000
0 0.774219 0.038889 0.020313 0.033333
0 0.617188 0.048611 0.014063 0.047222
0 0.512500 0.718056 0.015625 0.030556
0 0.667188 0.306250 0.014063 0.029167
0 0.550000 0.365278 0.028125 0.050000
0 0.309375 0.308333 0.015625 0.036111
0 0.418359 0.051389 0.027344 0.050000
0 0.782422 0.129167 0.027344 0.025000
0 0.906641 0.449306 0.016406 0.031944
0 0.945312 0.096528 0.023438 0.040278
0 0.380078 0.845833 0.022656 0.044444
0 0.625781 0.779861 0.014063 0.040278
0 0.783594 0.504167 0.017188 0.041667
0 0.762109 0.629861 0.021094 0.048611
0 0.051953 0.275694 0.022656 0.031944
0 0.379297 0.425000 0.014844 0.036111
0 0.975781 0.581250 0.015625 0.034722
0 0.133984 0.077083 0.025781 0.045833
0 0.491016 0.652083 0.022656 0.045833
0 0.774609 0.558333 0.014844 0.038889
0 0.432422 0.859722 0.016406 0.027778
0 0.296875 0.923611 0.028125 0.047222
0 0.925781 0.886111 0.023438 0.041667
0 0.503125 0.494444 0.028125 0.027778
0 0.720703 0.949306 0.027344 0.026389
0 0.487891 0.435417 0.014844 0.026389
0 0.035156 0.055556 0.025000 0.036111
0 0.048438 0.149306 0.026562 0.031944
0 0.799609 0.086111 0.016406 0.030556
0 0.547266 0.293056 0.016406 0.047222
0 0.651953 0.902778 0.017969 0.041667
0 0.751172 0.952778 0.021094 0.047222
0 0.303906 0.405556 0.021875 0.047222
0 0.487500 0.966667 0.014063 0.025000
0 0.236328 0.874306 0.021094 0.043056
0 0.922656 0.212500 0.020313 0.044444
0 0.487500 0.347222 0.026562 0.025000
0 0.634375 0.857639 0.020313 0.034722
0 0.411719 0.308333 0.018750 0.033333
0 0.509375 0.449306 0.015625 0.029167
0 0.483594 0.043056 0.025000 0.027778
0 0.696875 0.681944 0.026562 0.044444
0 0.168750 0.190278 0.017188 0.030556
0 0.373437 0.967361 0.021875 0.031944
0 0.128906 0.809028 0.018750 0.034722
0 0.027344 0.215278 0.026562 0.036111
0 0.037891 0.650694 0.017969 0.034722
0 0.263281 0.421528 0.017188 0.048611
0 0.532031 0.094444 0.021875 0.027778
0 0.045703 0.859722 0.016406 0.030556
0 0.902734 0.379861 0.017969 0.034722
0 0.953125 0.045139 0.017188 0.031944
1 0.322656 0.158333 0.131250 0.166667
1 0.409766 0.655556 0.124219 0.241667
1 0.665234 0.180556 0.147656 0.194444
1 0.547656 0.843056 0.101562 0.183333
1 0.876563 0.747917 0.135937 0.209722
1 0.104297 0.425694 0.105469 0.223611
1 0.233203 0.687500 0.169531 0.197222
1 0.655469 0.493056 0.168750 0.283333
1 0.722266 0.810417 0.110156 0.193056