0 0.703906 0.929861 0.023438 0.048611
0 0.760938 0.259028 0.018750 0.048611
0 0.582031 0.100694 0.014063 0.031944
0 0.964063 0.353472 0.017188 0.031944
0 0.259766 0.126389 0.016406 0.050000
0 0.555859 0.721528 0.016406 0.045833
0 0.657422 0.311111 0.021094 0.033333
0 0.648438 0.930556 0.020313 0.038889
0 0.663672 0.238194 0.022656 0.043056
0 0.821484 0.958333 0.022656 0.030556
0 0.702344 0.404167 0.020313 0.030556
0 0.218750 0.861111 0.028125 0.041667
0 0.484375 0.770139 0.017188 0.029167
0 0.224219 0.943750 0.021875 0.037500
0 0.258203 0.906250 0.027344 0.037500
0 0.216016 0.647917 0.019531 0.029167
0 0.718750 0.251389 0.021875 0.047222
0 0.082031 0.556250 0.025000 0.037500
0 0.346094 0.868056 0.014063 0.030556
0 0.153906 0.616667 0.015625 0.050000
0 0.809766 0.900694 0.019531 0.029167
0 0.403516 0.777778 0.025781 0.041667
0 0.785547 0.480556 0.019531 0.036111
0 0.129688 0.519444 0.025000 0.044444
0 0.522266 0.916667 0.017969 0.044444
0 0.459375 0.127778 0.015625 0.038889
0 0.966406 0.615972 0.021875 0.045833
0 0.189844 0.943750 0.020313 0.037500
0 0.038672 0.950000 0.016406 0.038889
0 0.793359 0.398611 0.017969 0.044444
0 0.216016 0.745833 0.027344 0.033333
0 0.756250 0.531944 0.018750 0.033333
0 0.946875 0.841667 0.015625 0.033333
0 0.291406 0.852778 0.018750 0.033333
0 0.631641 0.122222 0.016406 0.033333
0 0.969141 0.750694 0.021094 0.031944
0 0.067187 0.960417 0.020313 0.045833
0 0.591406 0.186111 0.026562 0.047222
0 0.333594 0.925694 0.023438 0.040278
0 0.053125 0.521528 0.018750 0.043056
0 0.225781 0.552083 0.021875 0.037500
0 0.033594 0.172917 0.021875 0.040278
0 0.965625 0.947917 0.017188 0.034722
0 0.423047 0.469444 0.021094 0.025000
0 0.657422 0.129167 0.016406 0.025000
0 0.814063 0.292361 0.015625 0.029167
0 0.035937 0.090972 0.025000 0.031944
0 0.529687 0.399306 0.015625 0.031944
0 0.517188 0.770139 0.015625 0.048611
0 0.448828 0.792361 0.022656 0.031944
0 0.268750 0.702778 0.028125 0.027778
0 0.527344 0.059722 0.020313 0.033333
0 0.187500 0.577778 0.021875 0.047222
0 0.678125 0.044444 0.028125 0.038889
0 0.585547 0.354861 0.017969 0.034722
0 0.713672 0.311806 0.014844 0.037500
0 0.674219 0.397222 0.025000 0.038889
0 0.249219 0.228472 0.023438 0.026389
0 0.363281 0.423611 0.021875 0.030556
0 0.460547 0.434722 0.021094 0.025000
0 0.719531 0.101389 0.026562 0.030556
0 0.487109 0.460417 0.021094 0.026389
0 0.070312 0.436111 0.028125 0.044444
0 0.478125 0.320833 0.014063 0.033333
0 0.146094 0.940278 0.023438 0.036111
0 0.819531 0.031250 0.014063 0.029167
0 0.917969 0.652083 0.017188 0.048611
0 0.691406 0.479167 0.018750 0.036111
0 0.788281 0.048611 0.014063 0.047222
0 0.355078 0.779861 0.022656 0.045833
0 0.473438 0.373611 0.017188 0.050000
0 0.032813 0.471528 0.018750 0.034722
0 0.683203 0.111111 0.017969 0.033333
0 0.512891 0.834028 0.025781 0.040278
0 0.751172 0.178472 0.027344 0.048611
0 0.269922 0.610417 0.017969 0.048611
0 0.938281 0.886806 0.018750 0.029167
0 0.317188 0.578472 0.018750 0.034722
0 0.806250 0.113194 0.018750 0.031944
0 0.678516 0.594444 0.014844 0.038889
0 0.882031 0.036806 0.018750 0.031944
0 0.938672 0.961806 0.022656 0.040278
0 0.949609 0.802083 0.022656 0.034722
0 0.500391 0.670139 0.019531 0.045833
0 0.478906 0.890972 0.021875 0.029167
0 0.436328 0.841667 0.025781 0.027778
0 0.734375 0.418056 0.020313 0.030556
0 0.020313 0.572917 0.018750 0.026389
0 0.858203 0.876389 0.022656 0.036111
0 0.724609 0.050000 0.017969 0.041667
0 0.708984 0.165972 0.019531 0.037500
0 0.057813 0.695139 0.017188 0.043056
0 0.954688 0.063889 0.026562 0.036111
0 0.690625 0.545833 0.018750 0.030556
0 0.319141 0.672222 0.016406 0.050000
0 0.535547 0.197222 0.021094 0.044444
0 0.687500 0.281250 0.017188 0.031944
0 0.248438 0.362500 0.028125 0.038889
0 0.267188 0.540278 0.018750 0.038889
0 0.395313 0.465972 0.018750 0.026389
0 0.327734 0.470139 0.024219 0.037500
0 0.773828 0.322222 0.025781 0.030556
0 0.299219 0.068056 0.017188 0.041667
0 0.385547 0.853472 0.021094 0.037500
0 0.478516 0.256250 0.021094 0.045833
1 0.417578 0.622222 0.133594 0.244444
1 0.900391 0.209028 0.142969 0.231944
1 0.807031 0.702778 0.164062 0.291667
1 0.353125 0.277778 0.157812 0.227778
1 0.587891 0.530556 0.152344 0.208333
1 0.163672 0.347917 0.122656 0.251389
1 0.132422 0.760417 0.121094 0.198611