0 0.507812 0.316406 0.050781 0.054688
0 0.706055 0.613281 0.056641 0.031250
0 0.941406 0.331055 0.050781 0.033203
0 0.545898 0.240234 0.056641 0.031250
0 0.915039 0.529297 0.037109 0.039062
0 0.323242 0.530273 0.037109 0.041016
0 0.919922 0.443359 0.058594 0.042969
0 0.751953 0.963867 0.035156 0.037109
0 0.358398 0.624023 0.041016 0.052734
0 0.700195 0.703125 0.044922 0.035156
0 0.129883 0.078125 0.052734 0.035156
0 0.101562 0.179688 0.058594 0.042969
0 0.598633 0.054688 0.037109 0.031250
0 0.634766 0.608398 0.039062 0.044922
0 0.068359 0.399414 0.050781 0.044922
0 0.769531 0.587891 0.054688 0.054688
0 0.377930 0.705078 0.044922 0.042969
0 0.064453 0.067383 0.035156 0.052734
0 0.856445 0.314453 0.033203 0.058594
0 0.934570 0.213867 0.037109 0.048828
0 0.485352 0.692383 0.037109 0.052734
0 0.913086 0.089844 0.033203 0.031250
0 0.600586 0.215820 0.037109 0.033203
0 0.679688 0.898438 0.035156 0.035156
0 0.816406 0.243164 0.039062 0.052734
0 0.808594 0.465820 0.046875 0.048828
0 0.960938 0.621094 0.031250 0.031250
0 0.473633 0.251953 0.044922 0.039062
0 0.649414 0.944336 0.041016 0.041016
0 0.566406 0.157227 0.039062 0.033203
0 0.231445 0.661133 0.037109 0.044922
0 0.233398 0.964844 0.033203 0.035156
0 0.849609 0.576172 0.050781 0.042969
0 0.048828 0.246094 0.031250 0.042969
0 0.638672 0.698242 0.046875 0.056641
0 0.348633 0.892578 0.041016 0.039062
0 0.411133 0.319336 0.041016 0.048828
0 0.694336 0.796875 0.037109 0.039062
0 0.534180 0.676758 0.041016 0.044922
0 0.956055 0.689453 0.033203 0.042969
0 0.918945 0.279297 0.056641 0.039062
0 0.508789 0.147461 0.052734 0.037109
0 0.083984 0.664062 0.046875 0.039062
0 0.351562 0.771484 0.046875 0.039062
0 0.301758 0.659180 0.037109 0.041016
0 0.903320 0.384766 0.033203 0.046875
0 0.946289 0.940430 0.037109 0.044922
0 0.944336 0.794922 0.033203 0.039062
0 0.805664 0.356445 0.044922 0.052734
0 0.036133 0.314453 0.033203 0.058594
1 0.689453 0.417969 0.164062 0.257812
1 0.246094 0.341797 0.238281 0.210938
1 0.491211 0.852539 0.212891 0.232422
1 0.315430 0.137695 0.232422 0.146484
1 0.840820 0.772461 0.146484 0.271484
1 0.182617 0.822266 0.240234 0.230469
1 0.755859 0.112305 0.226562 0.169922
1 0.117188 0.544922 0.191406 0.148438
1 0.498047 0.501953 0.160156 0.183594