0 0.273438 0.571289 0.046875 0.044922
0 0.953125 0.173828 0.050781 0.031250
0 0.265625 0.188477 0.046875 0.033203
0 0.201172 0.636719 0.046875 0.054688
0 0.352539 0.509766 0.052734 0.046875
0 0.065430 0.654297 0.033203 0.046875
0 0.395508 0.332031 0.044922 0.054688
0 0.469727 0.631836 0.037109 0.048828
0 0.397461 0.447266 0.037109 0.031250
0 0.171875 0.187500 0.042969 0.046875
0 0.325195 0.641602 0.052734 0.052734
0 0.087891 0.092773 0.042969 0.052734
0 0.089844 0.332031 0.031250 0.058594
0 0.458984 0.139648 0.031250 0.033203
0 0.943359 0.648438 0.050781 0.039062
0 0.880859 0.431641 0.054688 0.042969
0 0.900391 0.585938 0.035156 0.042969
0 0.844727 0.540039 0.056641 0.033203
0 0.892578 0.138672 0.046875 0.058594
0 0.746094 0.373047 0.039062 0.050781
0 0.931641 0.502930 0.039062 0.044922
0 0.562500 0.918945 0.050781 0.056641
0 0.758789 0.208008 0.056641 0.056641
0 0.705078 0.147461 0.054688 0.048828
0 0.059570 0.433594 0.044922 0.050781
0 0.337891 0.932617 0.042969 0.044922
0 0.045898 0.546875 0.037109 0.058594
0 0.731445 0.919922 0.056641 0.050781
0 0.449219 0.912109 0.050781 0.042969
0 0.583008 0.134766 0.033203 0.035156
0 0.888672 0.199219 0.031250 0.046875
0 0.250977 0.723633 0.033203 0.056641
0 0.196289 0.886719 0.048828 0.058594
0 0.519531 0.651367 0.031250 0.044922
0 0.833008 0.911133 0.056641 0.033203
0 0.727539 0.083008 0.033203 0.052734
0 0.114258 0.951172 0.048828 0.058594
0 0.843750 0.052734 0.031250 0.039062
0 0.131836 0.541992 0.037109 0.056641
0 0.887695 0.809570 0.033203 0.044922
0 0.647461 0.916992 0.044922 0.041016
0 0.045898 0.887695 0.037109 0.056641
1 0.583008 0.286133 0.236328 0.169922
1 0.408203 0.788086 0.261719 0.173828
1 0.252930 0.344727 0.193359 0.236328
1 0.658203 0.543945 0.218750 0.240234
1 0.718750 0.789062 0.257812 0.183594
1 0.880859 0.327148 0.199219 0.146484
1 0.125000 0.771484 0.183594 0.136719
1 0.326172 0.090820 0.160156 0.142578