0 0.546875 0.456250 0.021875 0.029167
0 0.316016 0.126389 0.025781 0.036111
0 0.920312 0.853472 0.026562 0.029167
0 0.036328 0.225000 0.019531 0.036111
0 0.958203 0.273611 0.027344 0.033333
0 0.767969 0.333333 0.023438 0.027778
0 0.810156 0.188889 0.023438 0.027778
0 0.105859 0.839583 0.025781 0.040278
0 0.832422 0.543056 0.024219 0.025000
0 0.748437 0.472917 0.017188 0.037500
0 0.503906 0.493056 0.014063 0.050000
0 0.878906 0.853472 0.020313 0.031944
0 0.500000 0.953472 0.017188 0.031944
0 0.956641 0.866667 0.017969 0.041667
0 0.876172 0.689583 0.025781 0.040278
0 0.862891 0.797917 0.019531 0.026389
0 0.048828 0.446528 0.014844 0.031944
0 0.339062 0.177083 0.028125 0.048611
0 0.521094 0.067361 0.020313 0.026389
0 0.697656 0.459028 0.014063 0.034722
0 0.298047 0.426389 0.024219 0.044444
0 0.666797 0.120139 0.025781 0.026389
0 0.528516 0.411806 0.024219 0.026389
0 0.123438 0.897222 0.026562 0.036111
0 0.565625 0.879861 0.017188 0.026389
0 0.887500 0.619444 0.025000 0.036111
0 0.104688 0.075000 0.023438 0.047222
0 0.523047 0.214583 0.016406 0.037500
0 0.349609 0.947222 0.025781 0.050000
0 0.840234 0.420139 0.019531 0.031944
0 0.602344 0.508333 0.018750 0.025000
0 0.708594 0.057639 0.026562 0.037500
0 0.910937 0.355556 0.014063 0.025000
0 0.796094 0.445139 0.018750 0.040278
0 0.877344 0.275694 0.014063 0.037500
0 0.301953 0.903472 0.014844 0.048611
0 0.130078 0.343056 0.016406 0.038889
0 0.207422 0.282639 0.017969 0.043056
0 0.123828 0.179167 0.019531 0.036111
0 0.674219 0.071528 0.018750 0.034722
0 0.931641 0.768750 0.024219 0.048611
0 0.237109 0.873611 0.025781 0.044444
0 0.320312 0.054861 0.017188 0.043056
0 0.781641 0.220833 0.022656 0.025000
0 0.928906 0.574306 0.025000 0.029167
0 0.951953 0.956250 0.017969 0.031944
0 0.275391 0.317361 0.017969 0.045833
0 0.503516 0.879861 0.025781 0.040278
0 0.273828 0.893750 0.017969 0.034722
0 0.900000 0.254861 0.017188 0.026389
0 0.955078 0.715278 0.016406 0.041667
0 0.310156 0.261111 0.017188 0.027778
0 0.023438 0.439583 0.025000 0.026389
0 0.824219 0.294444 0.021875 0.038889
0 0.330859 0.403472 0.019531 0.045833
0 0.790234 0.366667 0.016406 0.027778
0 0.856641 0.929167 0.027344 0.044444
0 0.840234 0.198611 0.024219 0.047222
0 0.611719 0.839583 0.014063 0.031944
0 0.265625 0.956250 0.028125 0.031944
0 0.783203 0.100694 0.019531 0.048611
0 0.099609 0.176389 0.014844 0.030556
0 0.435547 0.050000 0.016406 0.036111
0 0.954297 0.140278 0.025781 0.033333
0 0.085156 0.918056 0.017188 0.050000
0 0.647266 0.947917 0.016406 0.026389
0 0.460156 0.581250 0.023438 0.043056
0 0.921094 0.214583 0.014063 0.031944
0 0.381250 0.061111 0.025000 0.027778
0 0.758984 0.156944 0.025781 0.041667
0 0.621094 0.125694 0.023438 0.045833
0 0.912109 0.639583 0.016406 0.026389
0 0.505469 0.157639 0.017188 0.034722
0 0.928125 0.716667 0.017188 0.033333
0 0.878516 0.088889 0.027344 0.030556
0 0.417969 0.488889 0.017188 0.033333
0 0.550781 0.175694 0.015625 0.048611
0 0.714844 0.503472 0.023438 0.031944
0 0.468750 0.493056 0.026562 0.027778
1 0.426563 0.209028 0.095312 0.209722
1 0.648438 0.302083 0.153125 0.240278
1 0.321484 0.680556 0.171094 0.294444
1 0.741016 0.786806 0.155469 0.295833
1 0.224609 0.141667 0.142969 0.183333
1 0.540625 0.647222 0.106250 0.233333
1 0.120313 0.667361 0.142187 0.209722