0 0.308594 0.422852 0.039062 0.041016
0 0.639648 0.919922 0.048828 0.042969
0 0.154297 0.058594 0.054688 0.050781
0 0.475586 0.309570 0.052734 0.037109
0 0.084961 0.906250 0.048828 0.054688
0 0.474609 0.820312 0.046875 0.031250
0 0.949219 0.526367 0.050781 0.037109
0 0.109375 0.752930 0.050781 0.033203
0 0.219727 0.218750 0.048828 0.035156
0 0.209961 0.574219 0.048828 0.042969
0 0.178711 0.640625 0.033203 0.035156
0 0.072266 0.685547 0.046875 0.050781
0 0.083008 0.112305 0.041016 0.056641
0 0.440430 0.401367 0.037109 0.048828
0 0.951172 0.944336 0.042969 0.052734
0 0.861328 0.609375 0.039062 0.046875
0 0.082031 0.036133 0.039062 0.037109
0 0.082031 0.794922 0.042969 0.031250
0 0.606445 0.330078 0.033203 0.042969
0 0.510742 0.909180 0.052734 0.044922
0 0.944336 0.263672 0.041016 0.039062
0 0.227539 0.318359 0.041016 0.031250
0 0.226562 0.514648 0.042969 0.044922
0 0.452148 0.189453 0.041016 0.031250
0 0.129883 0.701172 0.033203 0.042969
0 0.797852 0.608398 0.044922 0.048828
0 0.115234 0.212891 0.031250 0.054688
0 0.444336 0.048828 0.048828 0.035156
0 0.913086 0.713867 0.033203 0.037109
0 0.225586 0.406250 0.052734 0.050781
0 0.213867 0.075195 0.048828 0.033203
0 0.217773 0.276367 0.041016 0.037109
0 0.951172 0.459961 0.050781 0.041016
0 0.691406 0.606445 0.035156 0.041016
0 0.951172 0.800781 0.058594 0.031250
0 0.820312 0.255859 0.050781 0.035156
0 0.575195 0.803711 0.056641 0.048828
0 0.726562 0.200195 0.050781 0.041016
0 0.532227 0.286133 0.041016 0.033203
0 0.735352 0.047852 0.041016 0.056641
0 0.296875 0.051758 0.054688 0.037109
0 0.580078 0.936523 0.042969 0.041016
0 0.465820 0.694336 0.037109 0.044922
0 0.377930 0.378906 0.033203 0.054688
0 0.743164 0.273438 0.052734 0.035156
0 0.152344 0.137695 0.046875 0.052734
0 0.540039 0.734375 0.052734 0.039062
0 0.457031 0.896484 0.039062 0.039062
1 0.344727 0.172852 0.158203 0.166016
1 0.777344 0.444336 0.253906 0.255859
1 0.464844 0.544922 0.246094 0.179688
1 0.743164 0.720703 0.255859 0.148438
1 0.297852 0.807617 0.263672 0.271484
1 0.863281 0.121094 0.175781 0.183594
1 0.103516 0.409180 0.152344 0.263672
1 0.794922 0.894531 0.214844 0.152344
1 0.594727 0.127930 0.177734 0.216797