0 0.855469 0.389648 0.042969 0.044922
0 0.321289 0.125977 0.033203 0.037109
0 0.791016 0.646484 0.035156 0.031250
0 0.406250 0.313477 0.050781 0.037109
0 0.898438 0.948242 0.054688 0.037109
0 0.913086 0.613281 0.048828 0.046875
0 0.323242 0.416992 0.037109 0.041016
0 0.851562 0.476562 0.046875 0.046875
0 0.876953 0.091797 0.039062 0.046875
0 0.852539 0.237305 0.041016 0.056641
0 0.416016 0.942383 0.050781 0.056641
0 0.466797 0.606445 0.058594 0.044922
0 0.649414 0.044922 0.037109 0.058594
0 0.562500 0.870117 0.058594 0.033203
0 0.236328 0.039062 0.039062 0.042969
0 0.716797 0.536133 0.046875 0.048828
0 0.761719 0.921875 0.042969 0.046875
0 0.054688 0.633789 0.035156 0.037109
0 0.424805 0.712891 0.037109 0.050781
0 0.293945 0.263672 0.056641 0.035156
0 0.801758 0.401367 0.033203 0.056641
0 0.435547 0.111328 0.035156 0.039062
0 0.693359 0.454102 0.035156 0.041016
0 0.081055 0.851562 0.044922 0.046875
0 0.735352 0.813477 0.037109 0.056641
0 0.202148 0.249023 0.044922 0.041016
0 0.716797 0.612305 0.031250 0.052734
0 0.864258 0.889648 0.044922 0.048828
0 0.525391 0.043945 0.050781 0.033203
0 0.928711 0.220703 0.056641 0.042969
0 0.686523 0.801758 0.033203 0.037109
0 0.546875 0.810547 0.039062 0.042969
0 0.402344 0.492188 0.046875 0.054688
0 0.463867 0.309570 0.037109 0.052734
0 0.216797 0.518555 0.042969 0.044922
0 0.099609 0.640625 0.039062 0.035156
0 0.496094 0.788086 0.046875 0.033203
0 0.943359 0.336914 0.046875 0.033203
0 0.695312 0.400391 0.054688 0.046875
0 0.067383 0.295898 0.033203 0.052734
0 0.430664 0.202148 0.056641 0.033203
0 0.693359 0.746094 0.031250 0.058594
0 0.558594 0.443359 0.058594 0.035156
0 0.320312 0.205078 0.058594 0.050781
1 0.653320 0.240234 0.267578 0.230469
1 0.582031 0.603516 0.152344 0.250000
1 0.194336 0.391602 0.185547 0.150391
1 0.194336 0.140625 0.154297 0.144531
1 0.245117 0.635742 0.193359 0.173828
1 0.839844 0.772461 0.140625 0.146484
1 0.285156 0.889648 0.183594 0.181641