0 0.096680 0.368164 0.048828 0.052734
0 0.281250 0.388672 0.039062 0.042969
0 0.319336 0.577148 0.048828 0.052734
0 0.721680 0.641602 0.056641 0.041016
0 0.047852 0.269531 0.044922 0.050781
0 0.879883 0.563477 0.052734 0.037109
0 0.898438 0.620117 0.046875 0.048828
0 0.570312 0.933594 0.042969 0.042969
0 0.690430 0.305664 0.041016 0.041016
0 0.748047 0.078125 0.039062 0.050781
0 0.245117 0.496094 0.041016 0.035156
0 0.248047 0.574219 0.046875 0.031250
0 0.876953 0.506836 0.039062 0.044922
0 0.662109 0.070312 0.042969 0.054688
0 0.306641 0.322266 0.039062 0.046875
0 0.433594 0.949219 0.031250 0.054688
0 0.881836 0.440430 0.048828 0.044922
0 0.553711 0.125977 0.044922 0.037109
0 0.883789 0.379883 0.033203 0.052734
0 0.657227 0.859375 0.048828 0.031250
0 0.159180 0.388672 0.033203 0.035156
0 0.255859 0.944336 0.046875 0.044922
0 0.160156 0.320312 0.050781 0.039062
0 0.375000 0.918945 0.054688 0.048828
0 0.645508 0.665039 0.041016 0.037109
0 0.435547 0.138672 0.046875 0.042969
0 0.048828 0.093750 0.050781 0.050781
0 0.952148 0.914062 0.044922 0.042969
0 0.830078 0.058594 0.058594 0.031250
0 0.611328 0.099609 0.031250 0.039062
0 0.220703 0.627930 0.035156 0.041016
0 0.468750 0.045898 0.039062 0.052734
0 0.963867 0.333008 0.037109 0.048828
0 0.225586 0.365234 0.037109 0.035156
0 0.633789 0.708008 0.048828 0.033203
0 0.554688 0.349609 0.035156 0.046875
0 0.050781 0.162109 0.039062 0.054688
0 0.120117 0.915039 0.044922 0.044922
0 0.266602 0.625000 0.037109 0.054688
0 0.646484 0.916992 0.031250 0.037109
0 0.236328 0.447266 0.058594 0.031250
0 0.907227 0.301758 0.056641 0.033203
0 0.577148 0.203125 0.056641 0.042969
0 0.635742 0.964844 0.037109 0.031250
0 0.612305 0.312500 0.037109 0.035156
0 0.310547 0.500000 0.031250 0.042969
0 0.364258 0.036133 0.052734 0.041016
0 0.058594 0.913086 0.058594 0.033203
1 0.236328 0.766602 0.273438 0.181641
1 0.725586 0.492188 0.166016 0.226562
1 0.433594 0.292969 0.156250 0.218750
1 0.219727 0.163086 0.201172 0.255859
1 0.100586 0.546875 0.158203 0.171875
1 0.808594 0.795898 0.226562 0.216797
1 0.491211 0.750000 0.189453 0.210938
1 0.772461 0.199219 0.267578 0.148438
1 0.489258 0.519531 0.259766 0.179688