0 0.950195 0.614258 0.052734 0.033203
0 0.506836 0.816406 0.044922 0.050781
0 0.899414 0.321289 0.048828 0.037109
0 0.531250 0.470703 0.050781 0.054688
0 0.495117 0.917969 0.037109 0.039062
0 0.908203 0.499023 0.042969 0.041016
0 0.543945 0.415039 0.033203 0.037109
0 0.939453 0.110352 0.035156 0.048828
0 0.111328 0.359375 0.039062 0.042969
0 0.441406 0.105469 0.039062 0.039062
0 0.955078 0.205078 0.042969 0.035156
0 0.921875 0.734375 0.031250 0.031250
0 0.584961 0.593750 0.056641 0.046875
0 0.362305 0.627930 0.041016 0.041016
0 0.119141 0.473633 0.039062 0.033203
0 0.414062 0.542969 0.035156 0.058594
0 0.833984 0.756836 0.058594 0.033203
0 0.587891 0.543945 0.035156 0.037109
0 0.959961 0.318359 0.044922 0.035156
0 0.162109 0.670898 0.058594 0.033203
0 0.272461 0.284180 0.044922 0.033203
0 0.678711 0.104492 0.037109 0.033203
0 0.893555 0.037109 0.033203 0.042969
0 0.287109 0.336914 0.046875 0.056641
0 0.852539 0.135742 0.048828 0.052734
0 0.114258 0.550781 0.041016 0.039062
0 0.066406 0.535156 0.039062 0.054688
0 0.455078 0.479492 0.058594 0.048828
0 0.370117 0.070312 0.056641 0.035156
0 0.929688 0.393555 0.031250 0.056641
0 0.397461 0.447266 0.037109 0.035156
0 0.416992 0.167969 0.033203 0.042969
0 0.510742 0.041016 0.044922 0.039062
0 0.498047 0.685547 0.031250 0.035156
0 0.348633 0.541992 0.041016 0.033203
0 0.061523 0.613281 0.037109 0.054688
0 0.708008 0.936523 0.041016 0.037109
0 0.359375 0.287109 0.058594 0.035156
1 0.189453 0.159180 0.238281 0.197266
1 0.748047 0.326172 0.199219 0.207031
1 0.774414 0.625000 0.255859 0.152344
1 0.334961 0.808594 0.259766 0.269531
1 0.236328 0.497070 0.167969 0.146484
1 0.488281 0.290039 0.171875 0.154297
1 0.845703 0.896484 0.210938 0.171875
1 0.097656 0.819336 0.136719 0.181641
1 0.628906 0.826172 0.140625 0.167969