0 0.614258 0.072266 0.052734 0.058594
0 0.770508 0.079102 0.044922 0.033203
0 0.925781 0.224609 0.039062 0.031250
0 0.926758 0.879883 0.044922 0.056641
0 0.928711 0.103516 0.037109 0.054688
0 0.781250 0.264648 0.046875 0.041016
0 0.813477 0.726562 0.052734 0.050781
0 0.732422 0.732422 0.031250 0.035156
0 0.745117 0.138672 0.044922 0.054688
0 0.545898 0.041992 0.056641 0.037109
0 0.375000 0.064453 0.039062 0.031250
0 0.620117 0.720703 0.033203 0.035156
0 0.697266 0.893555 0.035156 0.048828
0 0.894531 0.300781 0.039062 0.031250
0 0.823242 0.143555 0.052734 0.033203
0 0.690430 0.281250 0.048828 0.035156
0 0.872070 0.257812 0.037109 0.039062
0 0.525391 0.943359 0.039062 0.046875
0 0.371094 0.492188 0.046875 0.031250
0 0.073242 0.922852 0.052734 0.041016
0 0.937500 0.725586 0.042969 0.052734
0 0.235352 0.705078 0.037109 0.054688
0 0.319336 0.081055 0.033203 0.044922
0 0.708984 0.195312 0.050781 0.039062
0 0.258789 0.501953 0.033203 0.058594
0 0.236328 0.590820 0.031250 0.037109
0 0.094727 0.778320 0.048828 0.033203
0 0.828125 0.939453 0.039062 0.058594
0 0.754883 0.337891 0.033203 0.042969
0 0.506836 0.830078 0.052734 0.042969
0 0.568359 0.810547 0.042969 0.042969
0 0.837891 0.305664 0.046875 0.037109
0 0.863281 0.208008 0.058594 0.041016
0 0.395508 0.150391 0.056641 0.031250
0 0.468750 0.039062 0.039062 0.031250
0 0.657227 0.831055 0.056641 0.041016
0 0.486328 0.469727 0.031250 0.033203
0 0.281250 0.258789 0.054688 0.033203
0 0.917969 0.960938 0.042969 0.046875
0 0.875000 0.688477 0.042969 0.052734
0 0.644531 0.959961 0.039062 0.041016
0 0.051758 0.848633 0.048828 0.037109
0 0.488281 0.883789 0.035156 0.048828
0 0.864258 0.869141 0.033203 0.039062
1 0.882812 0.507812 0.156250 0.250000
1 0.136719 0.596680 0.136719 0.228516
1 0.300781 0.898438 0.253906 0.152344
1 0.494141 0.300781 0.230469 0.246094
1 0.384766 0.657227 0.199219 0.271484
1 0.173828 0.375000 0.273438 0.156250
1 0.638672 0.583008 0.210938 0.224609
1 0.175781 0.164062 0.238281 0.140625