0 0.889844 0.843750 0.014063 0.045833
0 0.344922 0.934722 0.017969 0.044444
0 0.042578 0.181250 0.016406 0.043056
0 0.959766 0.279861 0.014844 0.037500
0 0.630078 0.883333 0.016406 0.033333
0 0.807422 0.114583 0.014844 0.043056
0 0.825391 0.033333 0.014844 0.025000
0 0.775000 0.537500 0.021875 0.027778
0 0.874219 0.908333 0.017188 0.050000
0 0.876563 0.518750 0.028125 0.040278
0 0.604688 0.774306 0.028125 0.040278
0 0.036328 0.807639 0.017969 0.031944
0 0.665234 0.034028 0.024219 0.029167
0 0.115625 0.213194 0.014063 0.026389
0 0.935156 0.702778 0.026562 0.041667
0 0.205859 0.297917 0.016406 0.026389
0 0.045312 0.115278 0.023438 0.036111
0 0.264844 0.113889 0.015625 0.044444
0 0.411328 0.136111 0.021094 0.036111
0 0.963672 0.037500 0.014844 0.027778
0 0.276172 0.193056 0.014844 0.033333
0 0.235156 0.577778 0.018750 0.044444
0 0.790625 0.055556 0.020313 0.025000
0 0.671875 0.367361 0.017188 0.043056
0 0.830859 0.945139 0.027344 0.048611
0 0.735938 0.876389 0.021875 0.044444
0 0.934375 0.279861 0.028125 0.026389
0 0.173437 0.053472 0.026562 0.043056
0 0.621094 0.090972 0.018750 0.048611
0 0.566797 0.124306 0.022656 0.045833
0 0.593750 0.170833 0.015625 0.050000
0 0.933203 0.162500 0.019531 0.041667
0 0.970313 0.556944 0.021875 0.036111
0 0.249219 0.817361 0.015625 0.037500
0 0.975000 0.602778 0.025000 0.025000
0 0.371875 0.281944 0.023438 0.041667
0 0.715234 0.829167 0.027344 0.030556
0 0.189844 0.218056 0.023438 0.030556
0 0.312500 0.096528 0.020313 0.043056
0 0.202734 0.644444 0.021094 0.041667
0 0.044141 0.911111 0.019531 0.033333
0 0.080859 0.606250 0.024219 0.037500
0 0.162109 0.580556 0.019531 0.027778
0 0.739844 0.519444 0.028125 0.044444
0 0.954297 0.876389 0.021094 0.027778
0 0.599219 0.290972 0.014063 0.048611
0 0.039844 0.600000 0.020313 0.041667
0 0.931641 0.789583 0.024219 0.034722
0 0.442969 0.179861 0.020313 0.048611
0 0.732812 0.779167 0.017188 0.036111
0 0.477734 0.187500 0.017969 0.025000
0 0.265234 0.044444 0.017969 0.030556
0 0.840234 0.871528 0.021094 0.026389
0 0.669922 0.913889 0.024219 0.044444
0 0.589063 0.853472 0.018750 0.045833
0 0.671094 0.856944 0.023438 0.050000
0 0.249219 0.898611 0.014063 0.027778
0 0.057031 0.729861 0.020313 0.045833
0 0.050781 0.293056 0.020313 0.030556
0 0.918750 0.218056 0.015625 0.047222
0 0.150781 0.673611 0.023438 0.027778
0 0.100000 0.722917 0.017188 0.034722
0 0.942187 0.554861 0.028125 0.026389
0 0.583984 0.045139 0.016406 0.043056
0 0.971094 0.712500 0.014063 0.041667
0 0.265625 0.643750 0.018750 0.034722
0 0.739844 0.372917 0.017188 0.043056
0 0.133984 0.259722 0.016406 0.041667
0 0.835938 0.116667 0.020313 0.044444
0 0.694531 0.775694 0.015625 0.048611
0 0.163281 0.493750 0.026562 0.040278
0 0.352344 0.111111 0.014063 0.030556
0 0.227734 0.662500 0.022656 0.050000
0 0.741016 0.677778 0.027344 0.033333
0 0.768750 0.095139 0.021875 0.043056
0 0.056250 0.661806 0.015625 0.034722
0 0.100000 0.293056 0.025000 0.036111
0 0.432422 0.232639 0.017969 0.026389
0 0.796094 0.480556 0.015625 0.038889
0 0.598047 0.934722 0.025781 0.025000
0 0.140234 0.196528 0.022656 0.040278
0 0.074609 0.277083 0.017969 0.048611
0 0.542188 0.261111 0.015625 0.030556
0 0.920312 0.512500 0.014063 0.044444
0 0.439844 0.111111 0.014063 0.030556
0 0.298047 0.965972 0.017969 0.034722
0 0.249609 0.727778 0.019531 0.047222
1 0.816016 0.725694 0.110156 0.248611
1 0.331641 0.715278 0.097656 0.222222
1 0.831641 0.263194 0.141406 0.229167
1 0.073828 0.463194 0.100781 0.195833
1 0.346094 0.473611 0.156250 0.194444
1 0.647266 0.565278 0.146094 0.219444
1 0.499609 0.774306 0.117969 0.284722
1 0.167187 0.820833 0.104688 0.191667
1 0.695703 0.213889 0.096094 0.172222
1 0.507031 0.422917 0.104688 0.270833