0 0.356445 0.241211 0.037109 0.056641
0 0.232422 0.639648 0.046875 0.044922
0 0.914062 0.846680 0.042969 0.052734
0 0.037109 0.917969 0.042969 0.031250
0 0.060547 0.196289 0.031250 0.044922
0 0.428711 0.083984 0.037109 0.050781
0 0.758789 0.505859 0.041016 0.046875
0 0.852539 0.096680 0.041016 0.048828
0 0.717773 0.710938 0.041016 0.031250
0 0.945312 0.934570 0.050781 0.048828
0 0.132812 0.355469 0.039062 0.035156
0 0.076172 0.366211 0.058594 0.033203
0 0.538086 0.331055 0.048828 0.037109
0 0.417969 0.222656 0.042969 0.054688
0 0.668945 0.790039 0.044922 0.044922
0 0.157227 0.099609 0.048828 0.031250
0 0.673828 0.297852 0.050781 0.056641
0 0.695312 0.363281 0.042969 0.039062
0 0.487305 0.163086 0.052734 0.056641
0 0.926758 0.137695 0.056641 0.056641
0 0.062500 0.080078 0.031250 0.054688
0 0.669922 0.605469 0.054688 0.050781
0 0.844727 0.465820 0.041016 0.044922
0 0.742188 0.860352 0.046875 0.033203
0 0.593750 0.618164 0.050781 0.041016
0 0.849609 0.917969 0.058594 0.039062
0 0.459961 0.329102 0.037109 0.037109
0 0.613281 0.313477 0.031250 0.044922
0 0.569336 0.949219 0.037109 0.054688
0 0.407227 0.314453 0.048828 0.050781
0 0.667969 0.681641 0.035156 0.031250
0 0.656250 0.529297 0.039062 0.039062
0 0.757812 0.597656 0.042969 0.054688
0 0.653320 0.453125 0.052734 0.042969
0 0.666992 0.912109 0.048828 0.039062
0 0.794922 0.044922 0.050781 0.031250
0 0.033203 0.615234 0.031250 0.054688
0 0.368164 0.121094 0.033203 0.046875
0 0.748047 0.933594 0.046875 0.058594
1 0.186523 0.495117 0.248047 0.205078
1 0.206055 0.238281 0.240234 0.171875
1 0.159180 0.760742 0.263672 0.166016
1 0.868164 0.685547 0.146484 0.246094
1 0.668945 0.168945 0.142578 0.185547
1 0.452148 0.529297 0.173828 0.246094
1 0.433594 0.852539 0.191406 0.255859
1 0.852539 0.314453 0.173828 0.230469