0 0.392578 0.889648 0.039062 0.052734
0 0.229492 0.761719 0.056641 0.046875
0 0.721680 0.174805 0.033203 0.056641
0 0.720703 0.585938 0.031250 0.039062
0 0.110352 0.166992 0.041016 0.056641
0 0.773438 0.813477 0.031250 0.048828
0 0.387695 0.299805 0.056641 0.033203
0 0.957031 0.139648 0.031250 0.044922
0 0.752930 0.883789 0.044922 0.033203
0 0.065430 0.442383 0.044922 0.044922
0 0.589844 0.907227 0.058594 0.044922
0 0.467773 0.860352 0.048828 0.041016
0 0.600586 0.103516 0.052734 0.050781
0 0.689453 0.947266 0.054688 0.050781
0 0.870117 0.255859 0.044922 0.035156
0 0.355469 0.079102 0.031250 0.048828
0 0.069336 0.395508 0.033203 0.033203
0 0.185547 0.092773 0.035156 0.056641
0 0.609375 0.847656 0.035156 0.031250
0 0.664062 0.687500 0.058594 0.035156
0 0.675781 0.572266 0.039062 0.031250
0 0.302734 0.803711 0.050781 0.033203
0 0.521484 0.931641 0.035156 0.050781
0 0.624023 0.630859 0.037109 0.046875
0 0.532227 0.817383 0.033203 0.056641
0 0.384766 0.728516 0.035156 0.050781
0 0.737305 0.461914 0.048828 0.037109
0 0.888672 0.829102 0.054688 0.056641
0 0.068359 0.747070 0.035156 0.052734
0 0.721680 0.053711 0.037109 0.037109
0 0.294922 0.890625 0.058594 0.035156
0 0.900391 0.760742 0.031250 0.033203
0 0.962891 0.954102 0.035156 0.037109
0 0.441406 0.076172 0.050781 0.039062
0 0.859375 0.113281 0.058594 0.035156
0 0.923828 0.267578 0.042969 0.035156
0 0.808594 0.320312 0.042969 0.035156
0 0.589844 0.732422 0.031250 0.042969
0 0.573242 0.161133 0.033203 0.041016
0 0.826172 0.059570 0.058594 0.052734
0 0.080078 0.246094 0.039062 0.046875
0 0.508789 0.050781 0.037109 0.039062
0 0.482422 0.173828 0.050781 0.035156
0 0.957031 0.822266 0.031250 0.035156
0 0.061523 0.649414 0.052734 0.041016
0 0.136719 0.041016 0.046875 0.039062
0 0.958008 0.213867 0.052734 0.037109
0 0.806641 0.225586 0.058594 0.037109
0 0.822266 0.925781 0.046875 0.035156
0 0.167969 0.171875 0.039062 0.050781
1 0.570312 0.336914 0.242188 0.142578
1 0.863281 0.645508 0.234375 0.177734
1 0.450195 0.568359 0.251953 0.253906
1 0.217773 0.297852 0.212891 0.169922
1 0.877930 0.439453 0.142578 0.183594
1 0.205078 0.545898 0.156250 0.185547
1 0.136719 0.887695 0.222656 0.173828