0 0.930664 0.089844 0.052734 0.050781
0 0.835938 0.294922 0.058594 0.039062
0 0.066406 0.726562 0.031250 0.042969
0 0.909180 0.400391 0.037109 0.054688
0 0.321289 0.421875 0.033203 0.042969
0 0.350586 0.856445 0.041016 0.056641
0 0.274414 0.234375 0.033203 0.031250
0 0.781250 0.490234 0.031250 0.050781
0 0.904297 0.309570 0.035156 0.033203
0 0.646484 0.648438 0.054688 0.050781
0 0.598633 0.275391 0.041016 0.035156
0 0.951172 0.837891 0.035156 0.039062
0 0.158203 0.686523 0.054688 0.048828
0 0.378906 0.288086 0.058594 0.044922
0 0.251953 0.898438 0.054688 0.058594
0 0.829102 0.455078 0.037109 0.042969
0 0.746094 0.543945 0.042969 0.041016
0 0.305664 0.144531 0.033203 0.031250
0 0.396484 0.929688 0.039062 0.031250
0 0.759766 0.364258 0.042969 0.037109
0 0.735352 0.049805 0.033203 0.052734
0 0.736328 0.619141 0.035156 0.039062
0 0.700195 0.693359 0.033203 0.039062
0 0.503906 0.669922 0.046875 0.046875
0 0.034180 0.802734 0.037109 0.054688
0 0.338867 0.225586 0.044922 0.056641
0 0.613281 0.498047 0.058594 0.054688
0 0.163086 0.420898 0.041016 0.048828
0 0.675781 0.452148 0.039062 0.048828
0 0.100586 0.383789 0.056641 0.044922
0 0.416992 0.662109 0.052734 0.031250
0 0.208984 0.341797 0.035156 0.042969
1 0.544922 0.802734 0.257812 0.171875
1 0.272461 0.613281 0.154297 0.195312
1 0.499023 0.152344 0.193359 0.187500
1 0.887695 0.587891 0.166016 0.175781
1 0.462891 0.443359 0.152344 0.167969
1 0.854492 0.853516 0.138672 0.210938
1 0.725586 0.214844 0.138672 0.242188
1 0.140625 0.162109 0.210938 0.250000
1 0.136719 0.864258 0.140625 0.208984