0 0.186523 0.039062 0.048828 0.035156
0 0.424805 0.345703 0.048828 0.046875
0 0.888672 0.147461 0.035156 0.048828
0 0.244141 0.632812 0.046875 0.039062
0 0.785156 0.941406 0.035156 0.042969
0 0.842773 0.061523 0.044922 0.041016
0 0.797852 0.115234 0.044922 0.031250
0 0.247070 0.049805 0.052734 0.052734
0 0.685547 0.882812 0.050781 0.046875
0 0.859375 0.757812 0.031250 0.035156
0 0.059570 0.584961 0.048828 0.044922
0 0.632812 0.493164 0.058594 0.056641
0 0.453125 0.884766 0.035156 0.039062
0 0.373047 0.788086 0.058594 0.048828
0 0.461914 0.722656 0.056641 0.050781
0 0.493164 0.317383 0.052734 0.044922
0 0.898438 0.308594 0.039062 0.058594
0 0.569336 0.054688 0.048828 0.058594
0 0.566406 0.324219 0.058594 0.058594
0 0.541016 0.210938 0.039062 0.031250
0 0.952148 0.880859 0.037109 0.035156
0 0.077148 0.492188 0.037109 0.046875
0 0.471680 0.435547 0.048828 0.058594
0 0.894531 0.366211 0.058594 0.037109
0 0.477539 0.813477 0.056641 0.056641
0 0.553711 0.946289 0.052734 0.048828
0 0.924805 0.053711 0.041016 0.052734
0 0.952148 0.133789 0.041016 0.037109
0 0.193359 0.614258 0.035156 0.033203
0 0.938477 0.962891 0.033203 0.031250
0 0.895508 0.637695 0.044922 0.048828
0 0.385742 0.579102 0.037109 0.041016
0 0.942383 0.787109 0.056641 0.035156
0 0.772461 0.886719 0.037109 0.031250
0 0.930664 0.459961 0.052734 0.041016
0 0.677734 0.055664 0.054688 0.037109
0 0.457031 0.527344 0.050781 0.042969
1 0.667969 0.667969 0.242188 0.273438
1 0.733398 0.300781 0.216797 0.179688
1 0.198242 0.805664 0.232422 0.236328
1 0.374023 0.188477 0.189453 0.197266
1 0.242188 0.464844 0.210938 0.230469
1 0.101562 0.203125 0.144531 0.144531