0 0.480469 0.660156 0.035156 0.031250
0 0.340820 0.628906 0.052734 0.039062
0 0.631836 0.386719 0.033203 0.050781
0 0.371094 0.047852 0.058594 0.056641
0 0.437500 0.942383 0.035156 0.033203
0 0.942383 0.833984 0.052734 0.042969
0 0.600586 0.250977 0.044922 0.048828
0 0.948242 0.175781 0.048828 0.050781
0 0.894531 0.921875 0.046875 0.046875
0 0.169922 0.787109 0.035156 0.035156
0 0.507812 0.606445 0.039062 0.052734
0 0.117188 0.944336 0.054688 0.041016
0 0.763672 0.953125 0.046875 0.050781
0 0.769531 0.140625 0.031250 0.031250
0 0.828125 0.588867 0.054688 0.052734
0 0.362305 0.919922 0.033203 0.046875
0 0.845703 0.789062 0.054688 0.050781
0 0.855469 0.441406 0.054688 0.035156
0 0.822266 0.385742 0.058594 0.033203
0 0.892578 0.664062 0.054688 0.031250
0 0.887695 0.229492 0.052734 0.052734
0 0.802734 0.054688 0.054688 0.054688
0 0.189453 0.654297 0.042969 0.039062
0 0.964844 0.264648 0.035156 0.044922
0 0.835938 0.159180 0.035156 0.048828
0 0.397461 0.631836 0.044922 0.037109
0 0.454102 0.542969 0.052734 0.035156
0 0.183594 0.858398 0.035156 0.048828
0 0.079102 0.321289 0.033203 0.033203
0 0.775391 0.823242 0.050781 0.041016
0 0.289062 0.113281 0.039062 0.046875
0 0.688477 0.287109 0.052734 0.039062
0 0.831055 0.492188 0.044922 0.050781
0 0.757812 0.299805 0.058594 0.048828
0 0.923828 0.038086 0.035156 0.037109
0 0.771484 0.239258 0.031250 0.056641
0 0.053711 0.367188 0.041016 0.042969
0 0.712891 0.369141 0.058594 0.031250
0 0.908203 0.527344 0.031250 0.058594
0 0.779297 0.885742 0.058594 0.041016
0 0.709961 0.714844 0.037109 0.050781
0 0.119141 0.396484 0.042969 0.031250
0 0.908203 0.416016 0.035156 0.054688
0 0.933594 0.102539 0.042969 0.044922
1 0.318359 0.759766 0.218750 0.144531
1 0.396484 0.357422 0.218750 0.167969
1 0.563477 0.099609 0.259766 0.144531
1 0.662109 0.576172 0.199219 0.195312
1 0.155273 0.155273 0.193359 0.185547
1 0.135742 0.494141 0.240234 0.140625
1 0.618164 0.852539 0.154297 0.197266