0 0.916016 0.061523 0.058594 0.048828
0 0.060547 0.813477 0.058594 0.033203
0 0.138672 0.740234 0.046875 0.058594
0 0.802734 0.288086 0.058594 0.048828
0 0.610352 0.327148 0.037109 0.041016
0 0.250000 0.041016 0.039062 0.031250
0 0.127930 0.055664 0.048828 0.044922
0 0.201172 0.462891 0.046875 0.054688
0 0.250977 0.654297 0.033203 0.058594
0 0.708984 0.131836 0.035156 0.041016
0 0.199219 0.662109 0.035156 0.054688
0 0.553711 0.589844 0.052734 0.046875
0 0.113281 0.403320 0.042969 0.052734
0 0.708008 0.712891 0.052734 0.039062
0 0.889648 0.193359 0.056641 0.042969
0 0.366211 0.476562 0.033203 0.046875
0 0.279297 0.334961 0.050781 0.048828
0 0.053711 0.305664 0.037109 0.041016
0 0.816406 0.101562 0.035156 0.046875
0 0.678711 0.348633 0.033203 0.044922
0 0.472656 0.331055 0.031250 0.048828
0 0.720703 0.435547 0.042969 0.046875
0 0.968750 0.143555 0.031250 0.048828
0 0.801758 0.686523 0.037109 0.052734
0 0.200195 0.774414 0.048828 0.033203
0 0.090820 0.911133 0.041016 0.037109
0 0.225586 0.588867 0.052734 0.041016
0 0.345703 0.609375 0.031250 0.050781
0 0.682617 0.255859 0.056641 0.042969
0 0.326172 0.045898 0.046875 0.056641
1 0.345703 0.219727 0.238281 0.158203
1 0.092773 0.531250 0.154297 0.160156
1 0.247070 0.900391 0.232422 0.156250
1 0.891602 0.481445 0.150391 0.271484
1 0.883789 0.858398 0.162109 0.197266
1 0.529297 0.814453 0.269531 0.261719