0 0.200000 0.330556 0.020313 0.036111
0 0.104688 0.541667 0.020313 0.044444
0 0.100781 0.168750 0.021875 0.031944
0 0.256641 0.250694 0.014844 0.026389
0 0.094141 0.115972 0.016406 0.031944
0 0.484375 0.632639 0.014063 0.043056
0 0.221094 0.204861 0.021875 0.037500
0 0.302734 0.145833 0.021094 0.050000
0 0.514453 0.287500 0.017969 0.041667
0 0.526953 0.407639 0.017969 0.045833
0 0.388281 0.141667 0.017188 0.047222
0 0.081250 0.940972 0.020313 0.031944
0 0.082031 0.342361 0.015625 0.043056
0 0.106641 0.909028 0.021094 0.040278
0 0.356250 0.387500 0.018750 0.027778
0 0.917188 0.165278 0.014063 0.041667
0 0.270313 0.064583 0.028125 0.045833
0 0.361719 0.317361 0.023438 0.037500
0 0.027734 0.727778 0.019531 0.033333
0 0.251953 0.626389 0.019531 0.027778
0 0.519922 0.356250 0.017969 0.029167
0 0.064062 0.389583 0.014063 0.040278
0 0.391797 0.927778 0.019531 0.050000
0 0.783203 0.804167 0.021094 0.050000
0 0.169141 0.597917 0.024219 0.043056
0 0.962500 0.922222 0.014063 0.038889
0 0.591797 0.900694 0.024219 0.029167
0 0.881250 0.166667 0.018750 0.027778
0 0.641406 0.673611 0.015625 0.033333
0 0.423438 0.793750 0.018750 0.048611
0 0.375781 0.788194 0.017188 0.043056
0 0.157422 0.504167 0.019531 0.025000
0 0.656641 0.959722 0.022656 0.030556
0 0.223828 0.252083 0.027344 0.037500
0 0.842969 0.836111 0.028125 0.041667
0 0.628125 0.083333 0.017188 0.038889
0 0.564453 0.040278 0.027344 0.030556
0 0.427344 0.317361 0.014063 0.034722
0 0.428125 0.040278 0.014063 0.027778
0 0.713281 0.438194 0.017188 0.048611
0 0.534766 0.294444 0.016406 0.025000
0 0.816797 0.963194 0.017969 0.040278
0 0.400781 0.354861 0.017188 0.048611
0 0.465234 0.438889 0.014844 0.047222
0 0.439453 0.720139 0.024219 0.034722
0 0.207813 0.568750 0.023438 0.048611
0 0.888281 0.212500 0.018750 0.036111
0 0.689844 0.642361 0.015625 0.037500
0 0.576562 0.577778 0.025000 0.027778
0 0.347656 0.795139 0.017188 0.037500
0 0.283594 0.270139 0.017188 0.043056
0 0.630859 0.963889 0.016406 0.030556
0 0.552734 0.160417 0.021094 0.037500
0 0.032813 0.102778 0.026562 0.027778
0 0.961328 0.054861 0.024219 0.026389
0 0.400000 0.868056 0.023438 0.027778
0 0.487109 0.400000 0.021094 0.047222
0 0.474609 0.045833 0.025781 0.044444
0 0.907422 0.103472 0.024219 0.043056
0 0.841406 0.198611 0.023438 0.030556
0 0.523828 0.531944 0.027344 0.033333
0 0.776953 0.171528 0.014844 0.034722
0 0.026172 0.945833 0.025781 0.044444
0 0.891016 0.882639 0.027344 0.048611
0 0.335938 0.302778 0.020313 0.047222
0 0.470313 0.575694 0.017188 0.043056
0 0.172656 0.376389 0.023438 0.044444
0 0.206641 0.063889 0.014844 0.030556
0 0.117188 0.252778 0.017188 0.030556
0 0.702344 0.063889 0.021875 0.027778
0 0.458594 0.527083 0.017188 0.031944
0 0.687500 0.486111 0.018750 0.033333
0 0.255078 0.452083 0.014844 0.045833
0 0.769922 0.236111 0.021094 0.047222
0 0.048828 0.337500 0.016406 0.050000
0 0.060156 0.050694 0.023438 0.029167
0 0.039844 0.286806 0.026562 0.026389
0 0.937109 0.852778 0.025781 0.050000
0 0.897266 0.043056 0.022656 0.047222
0 0.150391 0.206944 0.019531 0.033333
0 0.969141 0.163889 0.025781 0.036111
1 0.845313 0.362500 0.142187 0.172222
1 0.342578 0.571528 0.119531 0.290278
1 0.554688 0.718056 0.101562 0.175000
1 0.702734 0.819444 0.116406 0.233333
1 0.470703 0.163194 0.114844 0.168056
1 0.599219 0.453472 0.100000 0.173611
1 0.880859 0.645139 0.171094 0.237500
1 0.160547 0.738889 0.138281 0.166667