0 0.826172 0.940430 0.035156 0.033203
0 0.554688 0.204102 0.054688 0.033203
0 0.214844 0.875000 0.058594 0.058594
0 0.527344 0.094727 0.046875 0.033203
0 0.197266 0.056641 0.046875 0.035156
0 0.367188 0.093750 0.042969 0.042969
0 0.312500 0.064453 0.046875 0.058594
0 0.702148 0.785156 0.037109 0.031250
0 0.035156 0.957031 0.039062 0.039062
0 0.535156 0.565430 0.050781 0.052734
0 0.128906 0.128906 0.031250 0.058594
0 0.835938 0.646484 0.054688 0.058594
0 0.300781 0.603516 0.050781 0.050781
0 0.451172 0.118164 0.039062 0.041016
0 0.104492 0.962891 0.056641 0.039062
0 0.662109 0.294922 0.050781 0.031250
0 0.960938 0.333984 0.031250 0.042969
0 0.430664 0.585938 0.052734 0.054688
0 0.766602 0.807617 0.033203 0.052734
0 0.916016 0.717773 0.035156 0.037109
0 0.301758 0.849609 0.056641 0.054688
0 0.422852 0.676758 0.056641 0.037109
0 0.936523 0.608398 0.056641 0.044922
0 0.710938 0.616211 0.039062 0.037109
0 0.064453 0.129883 0.050781 0.052734
0 0.937500 0.876953 0.042969 0.050781
0 0.312500 0.673828 0.058594 0.039062
0 0.303711 0.726562 0.056641 0.042969
0 0.090820 0.251953 0.033203 0.046875
0 0.553711 0.141602 0.044922 0.041016
0 0.286133 0.930664 0.033203 0.048828
0 0.230469 0.153320 0.031250 0.037109
0 0.912109 0.314453 0.046875 0.039062
0 0.558594 0.642578 0.039062 0.035156
0 0.863281 0.792969 0.031250 0.035156
0 0.371094 0.202148 0.058594 0.041016
0 0.558594 0.286133 0.031250 0.056641
0 0.142578 0.262695 0.042969 0.033203
0 0.114258 0.886719 0.041016 0.035156
0 0.198242 0.539062 0.041016 0.042969
0 0.052734 0.576172 0.039062 0.035156
0 0.284180 0.166016 0.037109 0.035156
0 0.505859 0.417969 0.039062 0.058594
1 0.715820 0.476562 0.248047 0.164062
1 0.535156 0.829102 0.226562 0.189453
1 0.372070 0.384766 0.208984 0.253906
1 0.664062 0.131836 0.148438 0.189453
1 0.152344 0.684570 0.187500 0.162109
1 0.854492 0.172852 0.177734 0.212891
1 0.125000 0.391602 0.195312 0.177734