0 0.351172 0.516667 0.014844 0.038889
0 0.832422 0.274306 0.014844 0.048611
0 0.120313 0.553472 0.026562 0.043056
0 0.887891 0.170833 0.022656 0.027778
0 0.916016 0.170833 0.016406 0.025000
0 0.585547 0.670139 0.019531 0.029167
0 0.196875 0.920139 0.026562 0.029167
0 0.664844 0.897917 0.025000 0.048611
0 0.342187 0.291667 0.018750 0.038889
0 0.178516 0.413889 0.017969 0.036111
0 0.676172 0.698611 0.027344 0.036111
0 0.087891 0.919444 0.017969 0.036111
0 0.318750 0.765278 0.028125 0.036111
0 0.465625 0.566667 0.021875 0.036111
0 0.867969 0.111111 0.015625 0.038889
0 0.421094 0.625000 0.017188 0.041667
0 0.385937 0.430556 0.028125 0.030556
0 0.483203 0.395833 0.025781 0.044444
0 0.519531 0.956250 0.028125 0.034722
0 0.933594 0.574306 0.017188 0.034722
0 0.582422 0.446528 0.024219 0.037500
0 0.360547 0.431250 0.014844 0.034722
0 0.270313 0.943056 0.026562 0.036111
0 0.735938 0.703472 0.017188 0.040278
0 0.973437 0.476389 0.023438 0.041667
0 0.424609 0.233333 0.016406 0.036111
0 0.782422 0.297222 0.019531 0.044444
0 0.628125 0.658333 0.015625 0.030556
0 0.772266 0.573611 0.014844 0.038889
0 0.662891 0.362500 0.024219 0.050000
0 0.754297 0.484722 0.014844 0.036111
0 0.394141 0.241667 0.025781 0.030556
0 0.718359 0.487500 0.024219 0.033333
0 0.677344 0.850694 0.028125 0.031944
0 0.820703 0.089583 0.024219 0.026389
0 0.545703 0.818056 0.022656 0.033333
0 0.947656 0.134028 0.028125 0.048611
0 0.085938 0.516667 0.017188 0.027778
0 0.399219 0.153472 0.028125 0.040278
0 0.955859 0.926389 0.027344 0.030556
0 0.812109 0.258333 0.017969 0.044444
0 0.768359 0.709028 0.014844 0.045833
0 0.968359 0.572222 0.014844 0.050000
0 0.792969 0.379861 0.015625 0.026389
0 0.483984 0.961806 0.016406 0.031944
0 0.085547 0.456250 0.014844 0.034722
0 0.621094 0.280556 0.028125 0.050000
0 0.093750 0.392361 0.017188 0.037500
0 0.119141 0.429167 0.014844 0.027778
0 0.352344 0.085417 0.015625 0.031944
0 0.513281 0.750000 0.026562 0.033333
0 0.249609 0.038194 0.014844 0.043056
0 0.144141 0.952778 0.025781 0.041667
0 0.370312 0.197222 0.023438 0.025000
0 0.214453 0.065972 0.022656 0.040278
0 0.052344 0.386111 0.018750 0.027778
0 0.196875 0.751389 0.017188 0.038889
0 0.618750 0.954861 0.020313 0.037500
0 0.553906 0.500694 0.023438 0.026389
0 0.424219 0.936111 0.025000 0.033333
0 0.459766 0.376389 0.014844 0.038889
0 0.421875 0.460417 0.017188 0.026389
0 0.914844 0.113194 0.017188 0.048611
0 0.588672 0.627778 0.021094 0.027778
0 0.623828 0.561111 0.017969 0.047222
0 0.141797 0.039583 0.024219 0.029167
0 0.496875 0.488889 0.026562 0.033333
0 0.530078 0.502083 0.016406 0.045833
0 0.373437 0.538194 0.018750 0.037500
0 0.407422 0.100000 0.016406 0.036111
0 0.028906 0.444444 0.014063 0.030556
0 0.942969 0.038889 0.014063 0.033333
0 0.516016 0.792361 0.014844 0.029167
0 0.915234 0.053472 0.024219 0.034722
0 0.021484 0.155556 0.017969 0.025000
0 0.487891 0.798611 0.016406 0.038889
0 0.185156 0.630556 0.025000 0.050000
0 0.083984 0.828472 0.019531 0.031944
0 0.467969 0.495833 0.025000 0.050000
0 0.776563 0.063194 0.017188 0.034722
0 0.125000 0.504861 0.014063 0.034722
0 0.292187 0.070833 0.014063 0.041667
0 0.653516 0.947222 0.016406 0.033333
0 0.739844 0.868056 0.017188 0.041667
0 0.677344 0.465972 0.020313 0.034722
0 0.237891 0.140278 0.019531 0.033333
0 0.185938 0.483333 0.014063 0.027778
0 0.974219 0.221528 0.021875 0.043056
0 0.033594 0.210417 0.014063 0.031944
0 0.750781 0.820833 0.017188 0.025000
0 0.493359 0.531250 0.017969 0.040278
0 0.533984 0.701389 0.014844 0.027778
0 0.603125 0.565972 0.014063 0.037500
0 0.791016 0.945833 0.016406 0.030556
0 0.785547 0.161111 0.024219 0.041667
0 0.571094 0.943750 0.026562 0.048611
0 0.713281 0.541667 0.026562 0.033333
0 0.541797 0.385417 0.019531 0.031944
0 0.824219 0.965278 0.017188 0.036111
0 0.383203 0.284028 0.024219 0.034722
0 0.612500 0.328472 0.018750 0.031944
0 0.289062 0.311111 0.015625 0.027778
0 0.435937 0.575694 0.028125 0.040278
0 0.866016 0.204861 0.019531 0.026389
0 0.057422 0.906944 0.024219 0.041667
0 0.749219 0.418750 0.017188 0.048611
0 0.330859 0.627083 0.022656 0.026389
0 0.701172 0.593056 0.024219 0.041667
0 0.094141 0.759028 0.027344 0.037500
0 0.619531 0.895139 0.018750 0.031944
1 0.251953 0.595139 0.096094 0.198611
1 0.100391 0.222222 0.108594 0.216667
1 0.898047 0.392361 0.103906 0.245833
1 0.417187 0.797917 0.098437 0.179167
1 0.674609 0.145139 0.094531 0.193056
1 0.877734 0.758333 0.167969 0.280556
1 0.546484 0.188889 0.097656 0.277778