0 0.313477 0.949219 0.048828 0.042969
0 0.841797 0.118164 0.035156 0.037109
0 0.529297 0.421875 0.046875 0.054688
0 0.477539 0.241211 0.048828 0.041016
0 0.785156 0.206055 0.042969 0.037109
0 0.142578 0.366211 0.031250 0.037109
0 0.465820 0.714844 0.048828 0.058594
0 0.524414 0.698242 0.037109 0.044922
0 0.935547 0.484375 0.031250 0.035156
0 0.079102 0.726562 0.044922 0.050781
0 0.365234 0.044922 0.058594 0.058594
0 0.326172 0.219727 0.054688 0.037109
0 0.444336 0.387695 0.037109 0.044922
0 0.922852 0.894531 0.037109 0.050781
0 0.356445 0.102539 0.048828 0.033203
0 0.219727 0.903320 0.056641 0.052734
0 0.051758 0.521484 0.048828 0.031250
0 0.690430 0.266602 0.033203 0.041016
0 0.579102 0.231445 0.052734 0.033203
0 0.286133 0.358398 0.048828 0.041016
0 0.158203 0.773438 0.046875 0.058594
0 0.871094 0.705078 0.042969 0.046875
0 0.604492 0.677734 0.037109 0.050781
0 0.920898 0.383789 0.033203 0.041016
0 0.791016 0.131836 0.031250 0.052734
0 0.515625 0.522461 0.054688 0.052734
0 0.936523 0.075195 0.033203 0.041016
0 0.880859 0.329102 0.046875 0.041016
0 0.747070 0.349609 0.056641 0.042969
0 0.333008 0.156250 0.037109 0.054688
0 0.716797 0.690430 0.035156 0.044922
0 0.924805 0.696289 0.044922 0.037109
0 0.942383 0.262695 0.041016 0.056641
0 0.109375 0.571289 0.054688 0.041016
0 0.292969 0.814453 0.058594 0.050781
0 0.142578 0.943359 0.039062 0.054688
0 0.236328 0.840820 0.039062 0.041016
0 0.948242 0.586914 0.041016 0.052734
0 0.117188 0.839844 0.039062 0.039062
0 0.083984 0.312500 0.050781 0.050781
0 0.449219 0.333008 0.039062 0.037109
0 0.195312 0.410156 0.058594 0.039062
0 0.634766 0.377930 0.031250 0.048828
0 0.541016 0.296875 0.035156 0.042969
1 0.292969 0.587891 0.269531 0.269531
1 0.204102 0.164062 0.173828 0.261719
1 0.622070 0.113281 0.197266 0.179688
1 0.735352 0.854492 0.248047 0.169922
1 0.705078 0.521484 0.261719 0.222656
1 0.435547 0.863281 0.171875 0.179688