0 0.685937 0.144444 0.025000 0.038889
0 0.597656 0.098611 0.026562 0.050000
0 0.857031 0.430556 0.015625 0.041667
0 0.539453 0.479167 0.024219 0.027778
0 0.467187 0.418056 0.018750 0.025000
0 0.682031 0.898611 0.021875 0.050000
0 0.745313 0.952083 0.021875 0.034722
0 0.489844 0.056250 0.028125 0.037500
0 0.583984 0.222222 0.016406 0.030556
0 0.555469 0.772917 0.026562 0.045833
0 0.200391 0.036806 0.019531 0.037500
0 0.716797 0.171528 0.019531 0.034722
0 0.313281 0.961806 0.028125 0.026389
0 0.272266 0.037500 0.021094 0.038889
0 0.124219 0.040972 0.025000 0.048611
0 0.025000 0.888889 0.018750 0.036111
0 0.084766 0.046528 0.019531 0.037500
0 0.963281 0.697222 0.018750 0.047222
0 0.516016 0.946528 0.019531 0.026389
0 0.115625 0.917361 0.025000 0.026389
0 0.040234 0.531250 0.025781 0.034722
0 0.747656 0.529861 0.025000 0.029167
0 0.661719 0.049306 0.017188 0.045833
0 0.875781 0.636111 0.028125 0.027778
0 0.932031 0.902778 0.017188 0.044444
0 0.135156 0.525000 0.021875 0.033333
0 0.422656 0.060417 0.021875 0.031944
0 0.495312 0.183333 0.028125 0.041667
0 0.642969 0.257639 0.023438 0.031944
0 0.735938 0.228472 0.014063 0.029167
0 0.041797 0.181944 0.017969 0.044444
0 0.684375 0.585417 0.025000 0.029167
0 0.632422 0.910417 0.021094 0.029167
0 0.515234 0.329167 0.016406 0.033333
0 0.348047 0.938889 0.019531 0.030556
0 0.903125 0.939583 0.020313 0.048611
0 0.568750 0.658333 0.018750 0.038889
0 0.680469 0.202778 0.025000 0.033333
0 0.971094 0.637500 0.026562 0.047222
0 0.751172 0.658333 0.014844 0.036111
0 0.965234 0.825694 0.025781 0.029167
0 0.210938 0.889583 0.015625 0.048611
0 0.913672 0.637500 0.022656 0.050000
0 0.236328 0.936111 0.022656 0.036111
0 0.137891 0.824306 0.025781 0.034722
0 0.551172 0.272917 0.025781 0.029167
0 0.564063 0.047917 0.015625 0.026389
0 0.271484 0.872222 0.025781 0.041667
0 0.058203 0.805556 0.019531 0.025000
0 0.547266 0.347222 0.024219 0.041667
0 0.140625 0.959722 0.017188 0.036111
0 0.887109 0.379861 0.025781 0.031944
0 0.022266 0.447222 0.022656 0.050000
0 0.878125 0.901389 0.015625 0.050000
0 0.529297 0.741667 0.017969 0.041667
0 0.589453 0.300694 0.014844 0.031944
0 0.126172 0.430556 0.016406 0.050000
0 0.819531 0.195139 0.023438 0.040278
0 0.281250 0.346528 0.015625 0.040278
0 0.446875 0.958333 0.014063 0.030556
0 0.093750 0.217361 0.017188 0.026389
0 0.498437 0.372222 0.020313 0.030556
0 0.933203 0.550000 0.017969 0.025000
0 0.744531 0.136111 0.014063 0.033333
0 0.126172 0.109722 0.017969 0.044444
0 0.917188 0.475000 0.026562 0.044444
0 0.063281 0.841667 0.017188 0.025000
0 0.586719 0.745833 0.028125 0.047222
0 0.374609 0.921528 0.021094 0.037500
0 0.484375 0.581944 0.014063 0.047222
0 0.069531 0.121528 0.018750 0.026389
0 0.533203 0.628472 0.016406 0.048611
0 0.545312 0.544444 0.014063 0.030556
0 0.815625 0.497917 0.014063 0.040278
0 0.123828 0.199306 0.016406 0.040278
1 0.408203 0.282639 0.130469 0.193056
1 0.204687 0.191667 0.125000 0.202778
1 0.783984 0.790278 0.117969 0.211111
1 0.619922 0.470833 0.094531 0.219444
1 0.258203 0.492361 0.130469 0.226389
1 0.248047 0.741667 0.135156 0.197222
1 0.897266 0.172222 0.122656 0.213889
1 0.742188 0.405556 0.118750 0.197222