0 0.368164 0.936523 0.052734 0.048828
0 0.804688 0.078125 0.039062 0.042969
0 0.273438 0.627930 0.039062 0.048828
0 0.166016 0.932617 0.035156 0.037109
0 0.223633 0.038086 0.048828 0.037109
0 0.912109 0.625977 0.046875 0.041016
0 0.851562 0.595703 0.039062 0.054688
0 0.472656 0.633789 0.039062 0.041016
0 0.626953 0.396484 0.050781 0.039062
0 0.201172 0.311523 0.042969 0.044922
0 0.828125 0.717773 0.042969 0.037109
0 0.563477 0.333984 0.044922 0.035156
0 0.692383 0.287109 0.048828 0.031250
0 0.084961 0.199219 0.048828 0.042969
0 0.388672 0.800781 0.031250 0.035156
0 0.898438 0.959961 0.046875 0.033203
0 0.626953 0.317383 0.054688 0.048828
0 0.757812 0.610352 0.046875 0.037109
0 0.366211 0.857422 0.041016 0.054688
0 0.733398 0.076172 0.037109 0.050781
0 0.650391 0.705078 0.035156 0.042969
0 0.144531 0.137695 0.058594 0.052734
0 0.360352 0.667969 0.052734 0.035156
0 0.365234 0.597656 0.054688 0.054688
0 0.040039 0.868164 0.033203 0.037109
0 0.750000 0.746094 0.046875 0.050781
0 0.076172 0.104492 0.050781 0.056641
0 0.161133 0.056641 0.033203 0.042969
0 0.221680 0.125977 0.052734 0.041016
0 0.949219 0.172852 0.050781 0.037109
0 0.567383 0.695312 0.041016 0.042969
0 0.962891 0.269531 0.042969 0.046875
0 0.461914 0.801758 0.056641 0.037109
0 0.242188 0.945312 0.050781 0.046875
0 0.958984 0.107422 0.035156 0.035156
0 0.455078 0.933594 0.042969 0.042969
0 0.411133 0.370117 0.033203 0.033203
0 0.932617 0.717773 0.048828 0.044922
0 0.731445 0.887695 0.056641 0.037109
0 0.365234 0.731445 0.054688 0.052734
0 0.541992 0.403320 0.041016 0.037109
0 0.058594 0.945312 0.058594 0.058594
0 0.792969 0.146484 0.035156 0.046875
0 0.803711 0.671875 0.037109 0.035156
0 0.830078 0.238281 0.058594 0.039062
0 0.046875 0.346680 0.050781 0.033203
0 0.082031 0.259766 0.058594 0.058594
0 0.429688 0.575195 0.031250 0.044922
0 0.173828 0.263672 0.031250 0.031250
0 0.480469 0.438477 0.031250 0.033203
1 0.863281 0.430664 0.214844 0.248047
1 0.620117 0.557617 0.208984 0.212891
1 0.352539 0.207031 0.185547 0.253906
1 0.197266 0.776367 0.253906 0.232422
1 0.881836 0.836914 0.201172 0.138672
1 0.588867 0.148438 0.181641 0.226562
1 0.144531 0.506836 0.195312 0.255859
1 0.372070 0.468750 0.166016 0.148438
1 0.583008 0.833984 0.166016 0.195312