0 0.485156 0.063889 0.028125 0.047222
0 0.057031 0.718056 0.025000 0.030556
0 0.917578 0.929861 0.022656 0.037500
0 0.522266 0.165278 0.019531 0.041667
0 0.879297 0.090278 0.022656 0.025000
0 0.948438 0.702083 0.017188 0.034722
0 0.089063 0.592361 0.028125 0.029167
0 0.637109 0.936806 0.025781 0.031944
0 0.521094 0.445833 0.026562 0.036111
0 0.221094 0.093750 0.025000 0.037500
0 0.145703 0.563889 0.025781 0.047222
0 0.875391 0.906944 0.024219 0.025000
0 0.933203 0.861806 0.021094 0.029167
0 0.304688 0.925694 0.017188 0.048611
0 0.553516 0.711806 0.027344 0.045833
0 0.083203 0.409028 0.016406 0.045833
0 0.022266 0.049306 0.014844 0.043056
0 0.593750 0.877778 0.023438 0.047222
0 0.261719 0.103472 0.025000 0.037500
0 0.768750 0.877083 0.020313 0.034722
0 0.946875 0.191667 0.026562 0.038889
0 0.701953 0.091667 0.021094 0.047222
0 0.478125 0.457639 0.014063 0.040278
0 0.792188 0.555556 0.020313 0.044444
0 0.471484 0.370833 0.014844 0.030556
0 0.967187 0.343056 0.015625 0.033333
0 0.028516 0.384722 0.024219 0.038889
0 0.429297 0.197917 0.024219 0.034722
0 0.403516 0.209722 0.017969 0.047222
0 0.613672 0.576389 0.024219 0.041667
0 0.301953 0.060417 0.016406 0.048611
0 0.461328 0.294444 0.017969 0.033333
0 0.620703 0.045139 0.019531 0.034722
0 0.359375 0.874306 0.018750 0.043056
0 0.330859 0.809722 0.027344 0.025000
0 0.114844 0.695833 0.020313 0.036111
0 0.391797 0.309722 0.024219 0.036111
0 0.353906 0.043750 0.020313 0.031944
0 0.030859 0.637500 0.025781 0.025000
0 0.865625 0.525694 0.028125 0.040278
0 0.026562 0.159028 0.014063 0.048611
0 0.482031 0.534722 0.028125 0.025000
0 0.530469 0.376389 0.026562 0.030556
0 0.906250 0.441667 0.026562 0.025000
0 0.691797 0.029167 0.027344 0.025000
0 0.127734 0.615278 0.022656 0.038889
0 0.324609 0.118750 0.016406 0.026389
0 0.937891 0.359722 0.017969 0.047222
0 0.898828 0.479861 0.019531 0.029167
0 0.946875 0.918056 0.017188 0.047222
0 0.533203 0.802778 0.022656 0.025000
0 0.690625 0.845139 0.020313 0.034722
0 0.536328 0.083333 0.021094 0.030556
0 0.505078 0.322917 0.021094 0.037500
0 0.571875 0.829861 0.014063 0.040278
0 0.650391 0.131250 0.019531 0.040278
0 0.535937 0.638889 0.025000 0.025000
0 0.432422 0.245139 0.017969 0.031944
0 0.518359 0.901389 0.017969 0.025000
0 0.321484 0.970139 0.027344 0.026389
0 0.742578 0.038889 0.021094 0.030556
0 0.033594 0.575694 0.014063 0.031944
0 0.053906 0.872222 0.018750 0.033333
0 0.241406 0.158333 0.018750 0.044444
0 0.668750 0.536111 0.015625 0.036111
0 0.705469 0.518056 0.023438 0.036111
0 0.757812 0.104167 0.025000 0.044444
0 0.977344 0.900694 0.020313 0.037500
0 0.832812 0.065278 0.015625 0.047222
0 0.358984 0.946528 0.021094 0.029167
0 0.548438 0.856250 0.023438 0.040278
0 0.189062 0.350000 0.014063 0.044444
0 0.276562 0.163889 0.017188 0.038889
0 0.952734 0.772222 0.014844 0.025000
0 0.615234 0.201389 0.024219 0.050000
0 0.792188 0.504167 0.017188 0.027778
0 0.807031 0.063889 0.023438 0.036111
0 0.503516 0.115972 0.024219 0.026389
0 0.432031 0.109722 0.023438 0.027778
0 0.491406 0.663194 0.020313 0.048611
0 0.670312 0.086111 0.014063 0.044444
0 0.039844 0.505556 0.014063 0.027778
0 0.451562 0.193750 0.014063 0.043056
0 0.577734 0.572222 0.019531 0.030556
0 0.708984 0.942361 0.016406 0.031944
0 0.027734 0.681250 0.017969 0.048611
0 0.049609 0.322222 0.019531 0.041667
0 0.155469 0.398611 0.021875 0.025000
0 0.301172 0.129861 0.016406 0.026389
0 0.300000 0.817361 0.014063 0.040278
0 0.737109 0.532639 0.025781 0.026389
0 0.766406 0.939583 0.026562 0.040278
0 0.034375 0.787500 0.015625 0.036111
0 0.376563 0.195833 0.020313 0.025000
0 0.808594 0.946528 0.015625 0.045833
0 0.317188 0.767361 0.015625 0.045833
0 0.675781 0.306944 0.020313 0.033333
0 0.697266 0.576389 0.027344 0.038889
0 0.956250 0.103472 0.023438 0.031944
0 0.483203 0.965972 0.024219 0.034722
1 0.771484 0.312500 0.160156 0.300000
1 0.676172 0.715278 0.160156 0.191667
1 0.248047 0.592361 0.144531 0.226389
1 0.269141 0.311806 0.135156 0.215278
1 0.599609 0.386806 0.099219 0.256944
1 0.402344 0.507639 0.098437 0.204167
1 0.448047 0.811111 0.113281 0.222222
1 0.201172 0.854167 0.171094 0.205556
1 0.121484 0.195833 0.108594 0.291667
1 0.846484 0.719444 0.127344 0.244444