0 0.789062 0.137500 0.025000 0.027778
0 0.064844 0.836806 0.020313 0.040278
0 0.375000 0.711111 0.021875 0.033333
0 0.279687 0.715972 0.014063 0.037500
0 0.543750 0.140278 0.015625 0.033333
0 0.719922 0.751389 0.019531 0.047222
0 0.046484 0.304861 0.024219 0.043056
0 0.950000 0.877778 0.020313 0.041667
0 0.523047 0.090278 0.014844 0.050000
0 0.323828 0.427778 0.016406 0.038889
0 0.039453 0.584722 0.016406 0.038889
0 0.144922 0.937500 0.022656 0.036111
0 0.444531 0.762500 0.023438 0.047222
0 0.174609 0.048611 0.019531 0.038889
0 0.833594 0.337500 0.015625 0.027778
0 0.292969 0.339583 0.015625 0.037500
0 0.944922 0.047917 0.016406 0.048611
0 0.152344 0.141667 0.020313 0.041667
0 0.297266 0.044444 0.016406 0.025000
0 0.026953 0.071528 0.019531 0.048611
0 0.924609 0.959028 0.019531 0.048611
0 0.403125 0.615972 0.028125 0.034722
0 0.788672 0.918750 0.016406 0.037500
0 0.107813 0.243750 0.028125 0.031944
0 0.373437 0.533333 0.015625 0.033333
0 0.096875 0.625694 0.023438 0.031944
0 0.727734 0.892361 0.019531 0.034722
0 0.052734 0.108333 0.014844 0.050000
0 0.086719 0.957639 0.017188 0.045833
0 0.634375 0.189583 0.028125 0.031944
0 0.799219 0.087500 0.017188 0.036111
0 0.950781 0.286806 0.025000 0.034722
0 0.710156 0.493750 0.014063 0.034722
0 0.054297 0.198611 0.017969 0.050000
0 0.410938 0.714583 0.017188 0.043056
0 0.616016 0.960417 0.017969 0.040278
0 0.864062 0.313889 0.015625 0.047222
0 0.945312 0.336111 0.020313 0.030556
0 0.232422 0.169444 0.025781 0.025000
0 0.860156 0.168056 0.023438 0.036111
0 0.518359 0.855556 0.027344 0.030556
0 0.711719 0.563889 0.014063 0.033333
0 0.185938 0.348611 0.015625 0.027778
0 0.516797 0.650000 0.017969 0.027778
0 0.139453 0.611111 0.017969 0.038889
0 0.352344 0.033333 0.015625 0.030556
0 0.085547 0.782639 0.024219 0.040278
0 0.652734 0.605556 0.019531 0.027778
0 0.266016 0.330556 0.016406 0.044444
0 0.212500 0.272917 0.017188 0.031944
0 0.852344 0.050694 0.028125 0.040278
0 0.489844 0.655556 0.028125 0.047222
0 0.751172 0.772222 0.017969 0.025000
0 0.910156 0.256944 0.023438 0.025000
0 0.465234 0.846528 0.019531 0.048611
0 0.056250 0.654861 0.017188 0.029167
0 0.055469 0.947917 0.017188 0.026389
0 0.221875 0.230556 0.023438 0.038889
0 0.571094 0.102083 0.025000 0.034722
0 0.155078 0.213889 0.019531 0.050000
0 0.676172 0.451389 0.021094 0.033333
0 0.240625 0.134028 0.028125 0.031944
0 0.134375 0.682639 0.028125 0.034722
0 0.354297 0.672222 0.019531 0.030556
0 0.617578 0.122222 0.019531 0.050000
0 0.973047 0.760417 0.027344 0.031944
0 0.830859 0.152778 0.016406 0.027778
0 0.978516 0.173611 0.019531 0.041667
0 0.236719 0.323611 0.025000 0.044444
0 0.491797 0.159722 0.022656 0.033333
0 0.728906 0.945833 0.023438 0.036111
0 0.275781 0.268750 0.025000 0.040278
0 0.504297 0.746528 0.017969 0.031944
0 0.899609 0.086806 0.025781 0.048611
0 0.262500 0.076389 0.014063 0.047222
0 0.623437 0.270139 0.021875 0.043056
0 0.056250 0.247917 0.025000 0.031944
0 0.201953 0.159028 0.024219 0.031944
0 0.948438 0.123611 0.023438 0.038889
0 0.913281 0.174306 0.014063 0.034722
0 0.192578 0.413889 0.024219 0.030556
0 0.973437 0.930556 0.018750 0.041667
0 0.405859 0.661111 0.014844 0.027778
0 0.037109 0.375000 0.027344 0.041667
0 0.923438 0.374306 0.017188 0.043056
0 0.506250 0.594444 0.023438 0.027778
0 0.097266 0.160417 0.014844 0.034722
0 0.113281 0.077778 0.028125 0.027778
0 0.060156 0.886806 0.020313 0.031944
0 0.722266 0.146528 0.025781 0.048611
0 0.755078 0.057639 0.025781 0.040278
0 0.089453 0.690278 0.025781 0.038889
0 0.669531 0.048611 0.014063 0.050000
0 0.593359 0.160417 0.019531 0.026389
0 0.728516 0.427778 0.021094 0.033333
0 0.949609 0.205556 0.027344 0.050000
0 0.308203 0.710417 0.021094 0.031944
0 0.181641 0.205556 0.014844 0.044444
0 0.746094 0.730556 0.023438 0.047222
0 0.121094 0.190972 0.021875 0.026389
0 0.814063 0.959028 0.020313 0.034722
0 0.920312 0.602083 0.018750 0.048611
0 0.253516 0.957639 0.025781 0.045833
0 0.039062 0.477778 0.014063 0.044444
1 0.844141 0.780556 0.157031 0.188889
1 0.117188 0.453472 0.103125 0.259722
1 0.549609 0.343750 0.111719 0.301389
1 0.410547 0.410417 0.094531 0.179167
1 0.621094 0.788194 0.160938 0.281944
1 0.203516 0.761111 0.097656 0.280556
1 0.377344 0.180556 0.167187 0.230556
1 0.837500 0.530556 0.123438 0.236111
1 0.733984 0.302083 0.155469 0.168056