0 0.887109 0.611806 0.027344 0.026389
0 0.680078 0.963194 0.025781 0.031944
0 0.067578 0.837500 0.025781 0.047222
0 0.108594 0.838194 0.026562 0.031944
0 0.566797 0.150000 0.025781 0.033333
0 0.814844 0.523611 0.018750 0.033333
0 0.032813 0.822222 0.015625 0.047222
0 0.106641 0.888889 0.025781 0.033333
0 0.594531 0.372222 0.015625 0.044444
0 0.532031 0.075694 0.025000 0.031944
0 0.141016 0.583333 0.027344 0.050000
0 0.025781 0.324306 0.014063 0.037500
0 0.855469 0.950694 0.014063 0.040278
0 0.648828 0.915972 0.019531 0.043056
0 0.596094 0.067361 0.014063 0.034722
0 0.771094 0.118750 0.015625 0.026389
0 0.925391 0.467361 0.014844 0.026389
0 0.386328 0.045833 0.021094 0.025000
0 0.069141 0.911111 0.014844 0.041667
0 0.806250 0.072917 0.015625 0.026389
0 0.066016 0.321528 0.022656 0.034722
0 0.840234 0.401389 0.025781 0.033333
0 0.146484 0.186806 0.024219 0.043056
0 0.813281 0.766667 0.020313 0.047222
0 0.151953 0.279167 0.016406 0.033333
0 0.604688 0.272222 0.014063 0.050000
0 0.134375 0.506250 0.023438 0.029167
0 0.873828 0.529861 0.022656 0.040278
0 0.560937 0.247917 0.014063 0.043056
0 0.632031 0.456944 0.015625 0.025000
0 0.195703 0.668056 0.021094 0.027778
0 0.761719 0.961806 0.018750 0.034722
0 0.671484 0.840972 0.024219 0.037500
0 0.721094 0.909722 0.025000 0.044444
0 0.785156 0.800694 0.028125 0.043056
0 0.970703 0.692361 0.021094 0.048611
0 0.693359 0.447917 0.019531 0.031944
0 0.624219 0.405556 0.020313 0.033333
0 0.125000 0.793750 0.023438 0.043056
0 0.486328 0.437500 0.027344 0.038889
0 0.096875 0.520139 0.015625 0.045833
0 0.094531 0.381944 0.025000 0.038889
0 0.866406 0.899306 0.020313 0.031944
0 0.498047 0.354861 0.024219 0.045833
0 0.110937 0.205556 0.020313 0.027778
0 0.062891 0.715278 0.025781 0.030556
0 0.078906 0.590278 0.018750 0.025000
0 0.897656 0.477778 0.028125 0.047222
0 0.946875 0.067361 0.026562 0.029167
0 0.270703 0.661111 0.017969 0.041667
0 0.057031 0.393750 0.014063 0.026389
0 0.766797 0.399306 0.024219 0.029167
0 0.437500 0.569444 0.020313 0.041667
0 0.800000 0.174306 0.014063 0.043056
0 0.796094 0.627778 0.023438 0.027778
0 0.684766 0.888889 0.014844 0.025000
0 0.058984 0.192361 0.027344 0.048611
0 0.796875 0.133333 0.020313 0.027778
0 0.114062 0.457639 0.026562 0.026389
0 0.405078 0.452083 0.021094 0.043056
0 0.032031 0.203472 0.020313 0.040278
0 0.544531 0.950694 0.020313 0.029167
0 0.909766 0.070139 0.025781 0.034722
0 0.365234 0.539583 0.022656 0.029167
0 0.534375 0.337500 0.017188 0.038889
0 0.801172 0.315972 0.017969 0.045833
0 0.594141 0.438889 0.025781 0.030556
0 0.579688 0.302778 0.026562 0.025000
0 0.925391 0.927083 0.017969 0.048611
0 0.343359 0.945139 0.024219 0.048611
0 0.508984 0.163889 0.025781 0.047222
0 0.467578 0.390972 0.021094 0.040278
0 0.921875 0.587500 0.018750 0.027778
0 0.060937 0.784722 0.021875 0.044444
0 0.763672 0.877778 0.025781 0.030556
0 0.912109 0.538889 0.027344 0.038889
0 0.791016 0.474306 0.021094 0.043056
0 0.646484 0.404167 0.016406 0.038889
0 0.501953 0.497222 0.017969 0.044444
0 0.891797 0.417361 0.016406 0.040278
0 0.614453 0.895139 0.027344 0.026389
1 0.414453 0.213889 0.113281 0.291667
1 0.230859 0.483333 0.130469 0.275000
1 0.703125 0.656250 0.121875 0.231944
1 0.243359 0.190972 0.146094 0.170833
1 0.706250 0.254861 0.142187 0.223611
1 0.390625 0.750000 0.126562 0.283333
1 0.894141 0.754861 0.122656 0.218056
1 0.537891 0.718750 0.128906 0.270833
1 0.230859 0.828472 0.158594 0.237500
1 0.896875 0.250694 0.137500 0.226389