0 0.345703 0.837891 0.035156 0.031250
0 0.041992 0.169922 0.044922 0.042969
0 0.660156 0.149414 0.039062 0.048828
0 0.320312 0.724609 0.054688 0.042969
0 0.095703 0.308594 0.031250 0.058594
0 0.267578 0.934570 0.039062 0.056641
0 0.140625 0.488281 0.050781 0.031250
0 0.093750 0.089844 0.054688 0.042969
0 0.419922 0.283203 0.042969 0.046875
0 0.192383 0.950195 0.052734 0.044922
0 0.686523 0.684570 0.056641 0.037109
0 0.263672 0.491211 0.042969 0.044922
0 0.762695 0.680664 0.056641 0.052734
0 0.697266 0.844727 0.031250 0.056641
0 0.487305 0.699219 0.037109 0.050781
0 0.360352 0.618164 0.033203 0.033203
0 0.271484 0.783203 0.054688 0.054688
0 0.549805 0.100586 0.056641 0.052734
0 0.645508 0.068359 0.052734 0.058594
0 0.513672 0.238281 0.058594 0.058594
0 0.050781 0.782227 0.031250 0.033203
0 0.567383 0.630859 0.037109 0.035156
0 0.111328 0.197266 0.039062 0.035156
0 0.172852 0.070312 0.033203 0.058594
0 0.113281 0.833984 0.046875 0.046875
0 0.193359 0.834961 0.046875 0.033203
0 0.696289 0.754883 0.048828 0.056641
0 0.894531 0.957031 0.050781 0.046875
0 0.640625 0.300781 0.035156 0.046875
0 0.048828 0.895508 0.054688 0.056641
0 0.100586 0.933594 0.033203 0.035156
0 0.322266 0.493164 0.046875 0.041016
0 0.640625 0.211914 0.035156 0.052734
1 0.826172 0.499023 0.214844 0.267578
1 0.512695 0.466797 0.255859 0.230469
1 0.875000 0.824219 0.207031 0.195312
1 0.242188 0.363281 0.214844 0.191406
1 0.817383 0.226562 0.248047 0.226562
1 0.528320 0.837891 0.255859 0.183594
1 0.327148 0.125000 0.154297 0.183594
1 0.126953 0.623047 0.187500 0.203125