0 0.429688 0.231944 0.017188 0.027778
0 0.373437 0.468056 0.025000 0.030556
0 0.116406 0.808333 0.021875 0.033333
0 0.864062 0.368056 0.014063 0.036111
0 0.170703 0.270833 0.027344 0.033333
0 0.771094 0.411111 0.015625 0.027778
0 0.397266 0.753472 0.019531 0.031944
0 0.674609 0.378472 0.019531 0.029167
0 0.428906 0.330556 0.023438 0.027778
0 0.538672 0.591667 0.021094 0.025000
0 0.579297 0.900000 0.027344 0.027778
0 0.952734 0.850000 0.016406 0.027778
0 0.921875 0.270139 0.018750 0.029167
0 0.883203 0.300694 0.017969 0.034722
0 0.925000 0.172917 0.017188 0.043056
0 0.962891 0.892361 0.017969 0.043056
0 0.207813 0.184722 0.023438 0.050000
0 0.895312 0.438194 0.017188 0.031944
0 0.568359 0.083333 0.014844 0.041667
0 0.094922 0.700000 0.027344 0.030556
0 0.292187 0.692361 0.015625 0.043056
0 0.589453 0.772917 0.027344 0.037500
0 0.682031 0.427083 0.015625 0.037500
0 0.140625 0.862500 0.015625 0.036111
0 0.610156 0.090972 0.028125 0.031944
0 0.856250 0.293056 0.018750 0.050000
0 0.073047 0.802083 0.014844 0.029167
0 0.091406 0.136111 0.018750 0.033333
0 0.355078 0.383333 0.024219 0.030556
0 0.797266 0.420139 0.024219 0.048611
0 0.121875 0.638889 0.021875 0.033333
0 0.396484 0.591667 0.019531 0.036111
0 0.034766 0.411111 0.021094 0.047222
0 0.970313 0.325000 0.014063 0.044444
0 0.918750 0.620139 0.018750 0.048611
0 0.257812 0.952778 0.025000 0.033333
0 0.408594 0.792361 0.025000 0.031944
0 0.445703 0.114583 0.014844 0.037500
0 0.907031 0.572917 0.021875 0.029167
0 0.208984 0.844444 0.016406 0.047222
0 0.787891 0.589583 0.027344 0.037500
0 0.187109 0.063889 0.022656 0.025000
0 0.959766 0.213889 0.025781 0.047222
0 0.542188 0.909722 0.025000 0.038889
0 0.475781 0.754167 0.020313 0.047222
0 0.044922 0.712500 0.027344 0.050000
0 0.489453 0.077083 0.027344 0.031944
0 0.348828 0.450694 0.014844 0.029167
0 0.378906 0.429861 0.026562 0.034722
0 0.127734 0.956944 0.016406 0.041667
0 0.156641 0.104861 0.014844 0.043056
0 0.119531 0.688889 0.014063 0.038889
0 0.532422 0.668056 0.021094 0.033333
0 0.403125 0.865278 0.017188 0.036111
0 0.861328 0.456944 0.024219 0.041667
0 0.204687 0.290972 0.023438 0.045833
0 0.788281 0.875000 0.017188 0.025000
0 0.596094 0.670833 0.018750 0.025000
0 0.967578 0.665278 0.021094 0.027778
0 0.632812 0.372222 0.017188 0.050000
0 0.474609 0.893056 0.016406 0.030556
0 0.218359 0.052778 0.025781 0.036111
0 0.357812 0.649306 0.015625 0.026389
0 0.446484 0.037500 0.022656 0.030556
0 0.036719 0.085417 0.021875 0.040278
0 0.159766 0.156250 0.025781 0.048611
0 0.060156 0.927778 0.021875 0.041667
0 0.626953 0.847222 0.017969 0.050000
0 0.227734 0.919444 0.027344 0.033333
0 0.081250 0.191667 0.014063 0.027778
0 0.025000 0.788889 0.021875 0.025000
0 0.319531 0.717361 0.014063 0.029167
0 0.794141 0.511806 0.027344 0.037500
0 0.509766 0.927083 0.016406 0.031944
0 0.533594 0.086111 0.025000 0.047222
1 0.463281 0.531250 0.101562 0.281944
1 0.319141 0.836806 0.113281 0.179167
1 0.698828 0.645833 0.124219 0.250000
1 0.588672 0.234028 0.160156 0.190278
1 0.868750 0.808333 0.132812 0.275000
1 0.161328 0.489583 0.139844 0.201389
1 0.766406 0.217361 0.142187 0.273611
1 0.330078 0.187500 0.130469 0.222222