0 0.435156 0.852778 0.014063 0.030556
0 0.902344 0.438194 0.018750 0.034722
0 0.569922 0.677083 0.024219 0.040278
0 0.497266 0.079167 0.014844 0.036111
0 0.297266 0.512500 0.022656 0.036111
0 0.682422 0.670139 0.022656 0.037500
0 0.252344 0.384722 0.028125 0.027778
0 0.026562 0.145139 0.017188 0.037500
0 0.291797 0.573611 0.017969 0.041667
0 0.714844 0.220833 0.021875 0.025000
0 0.957422 0.650694 0.024219 0.029167
0 0.939844 0.383333 0.015625 0.030556
0 0.976562 0.093750 0.021875 0.031944
0 0.508984 0.894444 0.017969 0.030556
0 0.728906 0.651389 0.021875 0.027778
0 0.391797 0.812500 0.016406 0.027778
0 0.214453 0.802083 0.021094 0.034722
0 0.702344 0.409722 0.021875 0.036111
0 0.722656 0.600000 0.014063 0.047222
0 0.446484 0.752083 0.025781 0.034722
0 0.085156 0.412500 0.023438 0.027778
0 0.964063 0.906250 0.023438 0.045833
0 0.745703 0.342361 0.016406 0.043056
0 0.666016 0.542361 0.027344 0.034722
0 0.533984 0.962500 0.025781 0.025000
0 0.495312 0.675000 0.020313 0.047222
0 0.744531 0.733333 0.018750 0.044444
0 0.473438 0.833333 0.018750 0.038889
0 0.949609 0.513194 0.019531 0.040278
0 0.685937 0.616667 0.021875 0.027778
0 0.440625 0.070139 0.026562 0.034722
0 0.648828 0.948611 0.027344 0.044444
0 0.751953 0.059028 0.021094 0.045833
0 0.976172 0.308333 0.027344 0.038889
0 0.962500 0.583333 0.021875 0.050000
0 0.604688 0.640972 0.021875 0.037500
0 0.019531 0.475694 0.018750 0.029167
0 0.347266 0.046528 0.025781 0.029167
0 0.716016 0.875694 0.016406 0.040278
0 0.728906 0.465972 0.026562 0.043056
0 0.492969 0.966667 0.026562 0.025000
0 0.966406 0.450000 0.015625 0.050000
0 0.246484 0.220833 0.021094 0.050000
0 0.741797 0.206250 0.022656 0.034722
0 0.230078 0.675000 0.014844 0.044444
0 0.707422 0.047222 0.027344 0.050000
0 0.159766 0.945833 0.016406 0.033333
0 0.976953 0.226389 0.021094 0.025000
0 0.277734 0.935417 0.021094 0.045833
0 0.394531 0.913194 0.017188 0.045833
0 0.921094 0.945833 0.023438 0.025000
0 0.252734 0.455556 0.027344 0.033333
0 0.396484 0.652778 0.017969 0.038889
0 0.559375 0.522917 0.014063 0.031944
0 0.777344 0.863889 0.025000 0.041667
0 0.744531 0.568056 0.021875 0.038889
0 0.625391 0.595139 0.016406 0.043056
0 0.109766 0.036806 0.016406 0.031944
0 0.223828 0.918750 0.016406 0.043056
0 0.027734 0.833333 0.022656 0.038889
0 0.932031 0.563889 0.028125 0.033333
0 0.926562 0.268750 0.025000 0.026389
0 0.032813 0.085417 0.026562 0.026389
0 0.705469 0.749306 0.015625 0.031944
0 0.217188 0.457639 0.026562 0.040278
0 0.040625 0.929167 0.025000 0.038889
0 0.465625 0.700694 0.025000 0.048611
0 0.466797 0.144444 0.014844 0.047222
0 0.316797 0.052778 0.025781 0.047222
0 0.106250 0.938889 0.014063 0.036111
0 0.932031 0.327083 0.026562 0.043056
0 0.490234 0.777778 0.021094 0.047222
0 0.648828 0.458333 0.019531 0.025000
0 0.308984 0.408333 0.017969 0.025000
0 0.551562 0.577778 0.017188 0.036111
0 0.218750 0.525694 0.015625 0.048611
0 0.100391 0.832639 0.027344 0.048611
0 0.782031 0.942361 0.023438 0.043056
0 0.884375 0.836111 0.020313 0.044444
0 0.346484 0.924306 0.021094 0.043056
0 0.936719 0.696528 0.015625 0.040278
1 0.605078 0.809028 0.163281 0.206944
1 0.550391 0.353472 0.166406 0.273611
1 0.342578 0.220139 0.155469 0.270833
1 0.819141 0.431250 0.103906 0.279167
1 0.124219 0.554861 0.132812 0.229167
1 0.311719 0.746528 0.120313 0.276389
1 0.845703 0.705556 0.152344 0.200000
1 0.857422 0.145833 0.163281 0.197222
1 0.143750 0.229861 0.162500 0.290278