0 0.688477 0.768555 0.056641 0.052734
0 0.784180 0.463867 0.037109 0.037109
0 0.889648 0.668945 0.044922 0.044922
0 0.070312 0.246094 0.039062 0.035156
0 0.171875 0.293945 0.042969 0.052734
0 0.645508 0.368164 0.041016 0.033203
0 0.797852 0.754883 0.033203 0.044922
0 0.229492 0.262695 0.037109 0.033203
0 0.123047 0.582031 0.058594 0.035156
0 0.584961 0.397461 0.044922 0.033203
0 0.088867 0.386719 0.052734 0.046875
0 0.465820 0.780273 0.033203 0.052734
0 0.933594 0.742188 0.042969 0.035156
0 0.912109 0.512695 0.046875 0.056641
0 0.854492 0.430664 0.056641 0.033203
0 0.160156 0.413086 0.054688 0.044922
0 0.036133 0.084961 0.037109 0.033203
0 0.305664 0.393555 0.052734 0.033203
0 0.109375 0.890625 0.050781 0.031250
0 0.498047 0.412109 0.031250 0.042969
0 0.850586 0.048828 0.041016 0.054688
0 0.412109 0.810547 0.050781 0.054688
0 0.208984 0.525391 0.039062 0.058594
0 0.137695 0.962891 0.048828 0.042969
0 0.723633 0.381836 0.041016 0.052734
0 0.343750 0.791992 0.031250 0.037109
0 0.174805 0.356445 0.037109 0.044922
0 0.401367 0.952148 0.041016 0.037109
0 0.915039 0.078125 0.056641 0.054688
0 0.828125 0.608398 0.039062 0.052734
0 0.079102 0.959961 0.037109 0.044922
1 0.386719 0.585938 0.222656 0.257812
1 0.666992 0.629883 0.212891 0.205078
1 0.627930 0.895508 0.244141 0.169922
1 0.340820 0.157227 0.162109 0.205078
1 0.599609 0.093750 0.203125 0.156250
1 0.843750 0.224609 0.171875 0.167969
1 0.099609 0.730469 0.144531 0.230469