0 0.574219 0.293945 0.042969 0.044922
0 0.300781 0.949219 0.054688 0.035156
0 0.915039 0.727539 0.041016 0.044922
0 0.788086 0.714844 0.056641 0.054688
0 0.824219 0.583008 0.035156 0.044922
0 0.922852 0.450195 0.052734 0.048828
0 0.276367 0.835938 0.037109 0.039062
0 0.687500 0.186523 0.058594 0.037109
0 0.483398 0.354492 0.048828 0.044922
0 0.356445 0.487305 0.052734 0.037109
0 0.161133 0.834961 0.048828 0.033203
0 0.220703 0.074219 0.050781 0.058594
0 0.903320 0.666016 0.056641 0.035156
0 0.155273 0.119141 0.056641 0.042969
0 0.089844 0.732422 0.054688 0.054688
0 0.926758 0.849609 0.052734 0.054688
0 0.147461 0.915039 0.048828 0.041016
0 0.622070 0.564453 0.044922 0.054688
0 0.470703 0.583008 0.042969 0.041016
0 0.595703 0.191406 0.046875 0.039062
0 0.719727 0.555664 0.056641 0.048828
0 0.662109 0.967773 0.046875 0.033203
0 0.958008 0.611328 0.052734 0.042969
0 0.559570 0.481445 0.041016 0.037109
0 0.825195 0.526367 0.044922 0.048828
0 0.393555 0.643555 0.056641 0.048828
0 0.910156 0.348633 0.046875 0.041016
0 0.087891 0.585938 0.031250 0.031250
0 0.731445 0.818359 0.052734 0.046875
0 0.218750 0.789062 0.031250 0.058594
1 0.758789 0.390625 0.216797 0.199219
1 0.216797 0.587891 0.164062 0.269531
1 0.536133 0.806641 0.236328 0.207031
1 0.837891 0.124023 0.226562 0.177734
1 0.124023 0.300781 0.193359 0.191406
1 0.407227 0.159180 0.208984 0.205078