0 0.227734 0.922222 0.019531 0.038889
0 0.762109 0.287500 0.027344 0.025000
0 0.444531 0.905556 0.025000 0.041667
0 0.670703 0.272222 0.022656 0.027778
0 0.257812 0.926389 0.028125 0.033333
0 0.860547 0.070139 0.025781 0.045833
0 0.216016 0.161806 0.016406 0.029167
0 0.774219 0.131944 0.026562 0.025000
0 0.078125 0.257639 0.014063 0.037500
0 0.183984 0.286111 0.016406 0.025000
0 0.300781 0.086806 0.028125 0.048611
0 0.574609 0.881944 0.025781 0.027778
0 0.789844 0.081944 0.023438 0.047222
0 0.444141 0.068750 0.024219 0.037500
0 0.390625 0.956944 0.026562 0.025000
0 0.048828 0.440972 0.014844 0.045833
0 0.073047 0.652778 0.025781 0.038889
0 0.073438 0.302083 0.028125 0.034722
0 0.954297 0.456250 0.017969 0.029167
0 0.547266 0.254167 0.019531 0.030556
0 0.809375 0.820139 0.015625 0.043056
0 0.677734 0.456250 0.014844 0.031944
0 0.527734 0.095833 0.027344 0.044444
0 0.678125 0.223611 0.018750 0.050000
0 0.959766 0.090972 0.016406 0.034722
0 0.948047 0.653472 0.019531 0.048611
0 0.872656 0.685417 0.020313 0.031944
0 0.331250 0.853472 0.014063 0.031944
0 0.970703 0.749306 0.014844 0.043056
0 0.845703 0.524306 0.025781 0.026389
0 0.525391 0.694444 0.014844 0.025000
0 0.844922 0.132639 0.016406 0.029167
0 0.605078 0.077778 0.019531 0.027778
0 0.716016 0.413889 0.022656 0.033333
0 0.486328 0.945833 0.027344 0.038889
0 0.062500 0.125694 0.021875 0.045833
0 0.740234 0.465972 0.027344 0.037500
0 0.737109 0.943056 0.014844 0.044444
0 0.671875 0.382639 0.017188 0.026389
0 0.630859 0.268750 0.017969 0.040278
0 0.251172 0.435417 0.014844 0.037500
0 0.832422 0.621528 0.017969 0.034722
0 0.710156 0.115278 0.017188 0.038889
0 0.128516 0.365972 0.021094 0.031944
0 0.395313 0.890278 0.026562 0.030556
0 0.701562 0.173611 0.025000 0.027778
0 0.083984 0.759722 0.016406 0.044444
0 0.335547 0.315278 0.024219 0.036111
0 0.073047 0.067361 0.022656 0.026389
0 0.049609 0.832639 0.016406 0.043056
0 0.097266 0.129167 0.024219 0.036111
0 0.218750 0.202083 0.028125 0.034722
0 0.395313 0.306250 0.015625 0.031944
0 0.755859 0.348611 0.027344 0.036111
0 0.901563 0.693750 0.014063 0.026389
0 0.591797 0.932639 0.014844 0.034722
0 0.183984 0.352778 0.014844 0.038889
0 0.712109 0.373611 0.025781 0.033333
0 0.315625 0.213194 0.018750 0.045833
0 0.823047 0.056250 0.024219 0.031944
0 0.444922 0.830556 0.027344 0.027778
0 0.783203 0.445833 0.027344 0.047222
0 0.153516 0.047917 0.014844 0.045833
0 0.133203 0.197917 0.024219 0.045833
0 0.035547 0.063194 0.025781 0.031944
0 0.621875 0.461806 0.028125 0.026389
0 0.656641 0.311806 0.014844 0.034722
0 0.167187 0.942361 0.026562 0.029167
0 0.025000 0.225000 0.017188 0.038889
0 0.615625 0.172917 0.025000 0.043056
0 0.394141 0.360417 0.024219 0.043056
0 0.215625 0.103472 0.021875 0.034722
0 0.178516 0.084722 0.025781 0.041667
0 0.085938 0.902778 0.014063 0.047222
0 0.112500 0.320139 0.017188 0.026389
0 0.648438 0.903472 0.015625 0.026389
1 0.273828 0.606944 0.124219 0.250000
1 0.903125 0.297222 0.110937 0.269444
1 0.592187 0.684722 0.107813 0.269444
1 0.465625 0.303472 0.098437 0.301389
1 0.133203 0.490278 0.105469 0.191667
1 0.419141 0.680556 0.103906 0.225000
1 0.726953 0.647222 0.122656 0.263889
1 0.147656 0.765972 0.096875 0.237500