0 0.759766 0.110417 0.021094 0.026389
0 0.231641 0.088194 0.014844 0.043056
0 0.402344 0.134722 0.015625 0.030556
0 0.108203 0.123611 0.019531 0.041667
0 0.887891 0.580556 0.027344 0.027778
0 0.562109 0.285417 0.014844 0.040278
0 0.258984 0.098611 0.027344 0.025000
0 0.585156 0.795139 0.023438 0.026389
0 0.366797 0.441667 0.022656 0.030556
0 0.396484 0.457639 0.025781 0.029167
0 0.112500 0.581944 0.014063 0.038889
0 0.612500 0.149306 0.015625 0.048611
0 0.356250 0.196528 0.028125 0.037500
0 0.158203 0.633333 0.016406 0.036111
0 0.717578 0.409722 0.016406 0.041667
0 0.219141 0.540278 0.014844 0.027778
0 0.510547 0.113889 0.017969 0.027778
0 0.617969 0.918750 0.014063 0.031944
0 0.248438 0.302083 0.020313 0.043056
0 0.187891 0.445139 0.025781 0.029167
0 0.366406 0.097917 0.026562 0.037500
0 0.162500 0.535417 0.018750 0.037500
0 0.774609 0.747222 0.027344 0.033333
0 0.039844 0.947222 0.021875 0.050000
0 0.257812 0.372917 0.020313 0.029167
0 0.539453 0.234028 0.017969 0.040278
0 0.145703 0.049306 0.027344 0.040278
0 0.031641 0.458333 0.027344 0.025000
0 0.565625 0.343056 0.023438 0.038889
0 0.681250 0.544444 0.023438 0.050000
0 0.955859 0.584722 0.025781 0.041667
0 0.787109 0.911111 0.022656 0.036111
0 0.822656 0.948611 0.026562 0.038889
0 0.794531 0.865278 0.017188 0.027778
0 0.253125 0.192361 0.020313 0.034722
0 0.350000 0.633333 0.025000 0.036111
0 0.302734 0.916667 0.027344 0.041667
0 0.130469 0.481250 0.017188 0.037500
0 0.818750 0.097917 0.025000 0.031944
0 0.853125 0.460417 0.020313 0.029167
0 0.023047 0.150694 0.014844 0.029167
0 0.064844 0.072222 0.025000 0.036111
0 0.096094 0.064583 0.025000 0.026389
0 0.802734 0.040278 0.017969 0.027778
0 0.165234 0.708333 0.019531 0.038889
0 0.951562 0.175000 0.014063 0.038889
0 0.869922 0.506250 0.024219 0.029167
0 0.465625 0.052083 0.028125 0.037500
0 0.919141 0.590972 0.024219 0.043056
0 0.930859 0.120139 0.014844 0.031944
0 0.073828 0.436806 0.022656 0.043056
0 0.943359 0.340278 0.024219 0.033333
0 0.332813 0.519444 0.020313 0.025000
0 0.739453 0.056250 0.027344 0.037500
0 0.022656 0.375000 0.026562 0.027778
0 0.576172 0.849306 0.017969 0.037500
0 0.590234 0.279861 0.019531 0.026389
0 0.912109 0.277778 0.022656 0.038889
0 0.103125 0.927083 0.020313 0.026389
0 0.484766 0.175694 0.021094 0.029167
0 0.022266 0.205556 0.024219 0.044444
0 0.230859 0.443056 0.021094 0.025000
0 0.724609 0.459028 0.014844 0.045833
0 0.563672 0.752083 0.025781 0.040278
0 0.088281 0.554167 0.021875 0.041667
0 0.840234 0.152778 0.014844 0.025000
0 0.558203 0.181250 0.022656 0.045833
0 0.251563 0.258333 0.015625 0.027778
0 0.657422 0.051389 0.021094 0.027778
0 0.410547 0.947917 0.016406 0.026389
0 0.047656 0.527083 0.023438 0.040278
0 0.521875 0.339583 0.015625 0.043056
0 0.710156 0.112500 0.025000 0.050000
0 0.890625 0.196528 0.021875 0.048611
0 0.406250 0.070833 0.015625 0.038889
0 0.941016 0.269444 0.016406 0.041667
0 0.623047 0.373611 0.021094 0.025000
0 0.341797 0.566667 0.027344 0.025000
0 0.772266 0.845139 0.014844 0.034722
0 0.492969 0.244444 0.021875 0.047222
0 0.830469 0.736111 0.018750 0.027778
0 0.185547 0.507639 0.016406 0.034722
0 0.355469 0.050694 0.028125 0.029167
0 0.513281 0.823611 0.023438 0.044444
0 0.539844 0.888889 0.020313 0.044444
0 0.352734 0.942361 0.016406 0.034722
0 0.782031 0.170833 0.028125 0.038889
0 0.968359 0.405556 0.014844 0.030556
0 0.270703 0.467361 0.027344 0.034722
0 0.673438 0.622917 0.018750 0.037500
0 0.277344 0.051389 0.021875 0.038889
0 0.601172 0.200000 0.019531 0.030556
0 0.591406 0.061111 0.018750 0.044444
0 0.171875 0.819444 0.017188 0.030556
0 0.279687 0.258333 0.028125 0.050000
0 0.308203 0.127083 0.021094 0.031944
0 0.133594 0.959028 0.026562 0.045833
0 0.248438 0.038889 0.020313 0.033333
0 0.973047 0.445833 0.021094 0.025000
0 0.393359 0.546528 0.024219 0.043056
0 0.775781 0.449306 0.017188 0.034722
0 0.220312 0.338194 0.017188 0.031944
0 0.493359 0.296528 0.014844 0.031944
0 0.576562 0.392361 0.026562 0.034722
0 0.159375 0.906250 0.025000 0.048611
0 0.501172 0.953472 0.019531 0.037500
0 0.435156 0.650000 0.015625 0.036111
0 0.864062 0.193056 0.020313 0.025000
0 0.290625 0.336806 0.014063 0.048611
1 0.580078 0.539583 0.141406 0.234722
1 0.772266 0.596528 0.125781 0.209722
1 0.386328 0.319444 0.147656 0.180556
1 0.082422 0.760417 0.107031 0.256944
1 0.685937 0.254861 0.118750 0.187500
1 0.257031 0.738194 0.142187 0.290278
1 0.821094 0.319444 0.093750 0.194444
1 0.436328 0.828472 0.119531 0.181944
1 0.912891 0.811111 0.121094 0.291667