0 0.157227 0.710938 0.037109 0.054688
0 0.707031 0.541016 0.058594 0.046875
0 0.300781 0.390625 0.054688 0.035156
0 0.954102 0.736328 0.037109 0.039062
0 0.565430 0.258789 0.044922 0.056641
0 0.514648 0.144531 0.041016 0.042969
0 0.077148 0.364258 0.033203 0.041016
0 0.054688 0.716797 0.031250 0.031250
0 0.917969 0.661133 0.058594 0.044922
0 0.149414 0.587891 0.037109 0.042969
0 0.424805 0.909180 0.052734 0.041016
0 0.278320 0.865234 0.037109 0.031250
0 0.857422 0.585938 0.031250 0.046875
0 0.441406 0.802734 0.031250 0.046875
0 0.930664 0.217773 0.041016 0.033203
0 0.724609 0.911133 0.054688 0.037109
0 0.353516 0.359375 0.031250 0.035156
0 0.102539 0.431641 0.052734 0.050781
0 0.628906 0.541016 0.035156 0.031250
0 0.433594 0.555664 0.031250 0.037109
0 0.558594 0.919922 0.046875 0.039062
0 0.033203 0.202148 0.031250 0.033203
0 0.128906 0.522461 0.035156 0.048828
0 0.759766 0.475586 0.031250 0.044922
0 0.115234 0.295898 0.050781 0.048828
0 0.179688 0.777344 0.035156 0.031250
0 0.777344 0.396484 0.054688 0.042969
0 0.387695 0.812500 0.056641 0.046875
0 0.135742 0.915039 0.056641 0.056641
0 0.935547 0.456055 0.050781 0.052734
0 0.111328 0.800781 0.042969 0.046875
0 0.962891 0.552734 0.042969 0.031250
0 0.729492 0.311523 0.037109 0.048828
0 0.643555 0.607422 0.048828 0.054688
0 0.239258 0.740234 0.052734 0.039062
0 0.798828 0.313477 0.046875 0.033203
0 0.804688 0.487305 0.042969 0.052734
0 0.060547 0.145508 0.046875 0.041016
0 0.628906 0.042969 0.031250 0.035156
0 0.500977 0.083008 0.056641 0.052734
0 0.059570 0.935547 0.041016 0.039062
0 0.882812 0.947266 0.046875 0.058594
0 0.532227 0.583008 0.044922 0.041016
0 0.241211 0.811523 0.037109 0.037109
0 0.125977 0.234375 0.052734 0.050781
0 0.313477 0.929688 0.041016 0.035156
0 0.950195 0.810547 0.041016 0.058594
0 0.443359 0.655273 0.039062 0.052734
0 0.051758 0.276367 0.056641 0.033203
1 0.579102 0.797852 0.212891 0.189453
1 0.290039 0.170898 0.259766 0.251953
1 0.573242 0.405273 0.169922 0.212891
1 0.296875 0.577148 0.218750 0.259766
1 0.769531 0.181641 0.261719 0.187500
1 0.806641 0.752930 0.136719 0.224609