0 0.361328 0.913889 0.014844 0.038889
0 0.369531 0.792361 0.023438 0.026389
0 0.071094 0.111111 0.015625 0.033333
0 0.798047 0.850000 0.024219 0.036111
0 0.419922 0.074306 0.022656 0.043056
0 0.021484 0.784722 0.014844 0.030556
0 0.814844 0.720833 0.025000 0.050000
0 0.401562 0.163889 0.020313 0.033333
0 0.103516 0.313194 0.014844 0.031944
0 0.193359 0.213194 0.016406 0.034722
0 0.337500 0.443750 0.026562 0.048611
0 0.792188 0.050000 0.021875 0.036111
0 0.073438 0.299306 0.025000 0.043056
0 0.107422 0.217361 0.024219 0.029167
0 0.891797 0.577083 0.022656 0.037500
0 0.071094 0.427778 0.021875 0.025000
0 0.956641 0.946528 0.024219 0.045833
0 0.433984 0.380556 0.014844 0.033333
0 0.157812 0.096528 0.018750 0.043056
0 0.471484 0.073611 0.025781 0.027778
0 0.075000 0.229167 0.018750 0.050000
0 0.863281 0.560417 0.017188 0.043056
0 0.810547 0.938889 0.016406 0.041667
0 0.969141 0.856250 0.016406 0.048611
0 0.443359 0.944444 0.016406 0.050000
0 0.509375 0.525694 0.026562 0.043056
0 0.231250 0.495833 0.025000 0.033333
0 0.422266 0.246528 0.027344 0.037500
0 0.821875 0.768750 0.017188 0.034722
0 0.233203 0.922917 0.016406 0.029167
0 0.936328 0.573611 0.016406 0.044444
0 0.391016 0.570139 0.014844 0.040278
0 0.396875 0.518056 0.028125 0.047222
0 0.980469 0.080556 0.015625 0.027778
0 0.457422 0.393750 0.019531 0.043056
0 0.176953 0.565278 0.024219 0.038889
0 0.253516 0.451389 0.017969 0.030556
0 0.879297 0.066667 0.019531 0.041667
0 0.098047 0.420833 0.014844 0.030556
0 0.122656 0.139583 0.020313 0.040278
0 0.169922 0.379861 0.019531 0.034722
0 0.600391 0.419444 0.014844 0.038889
0 0.551562 0.047222 0.026562 0.025000
0 0.937500 0.206250 0.025000 0.040278
0 0.963281 0.525000 0.023438 0.036111
0 0.388672 0.878472 0.019531 0.045833
0 0.413281 0.205556 0.017188 0.033333
0 0.909766 0.075000 0.017969 0.050000
0 0.966016 0.321528 0.017969 0.037500
0 0.800000 0.095833 0.020313 0.030556
0 0.955078 0.477083 0.014844 0.029167
0 0.691797 0.404167 0.022656 0.047222
0 0.186719 0.081250 0.015625 0.048611
0 0.473047 0.491667 0.016406 0.041667
0 0.028516 0.938889 0.025781 0.038889
0 0.029687 0.372222 0.023438 0.041667
0 0.973437 0.717361 0.021875 0.031944
0 0.215625 0.402778 0.028125 0.036111
0 0.778125 0.941667 0.025000 0.044444
0 0.845703 0.490972 0.021094 0.034722
0 0.188281 0.154167 0.028125 0.044444
0 0.722266 0.911806 0.027344 0.040278
0 0.121484 0.277083 0.014844 0.026389
0 0.300391 0.443056 0.016406 0.027778
0 0.262500 0.506250 0.023438 0.048611
0 0.785156 0.199306 0.017188 0.034722
0 0.383203 0.740278 0.024219 0.033333
0 0.945703 0.156944 0.027344 0.036111
0 0.292187 0.504861 0.020313 0.037500
0 0.381641 0.059028 0.027344 0.029167
0 0.103906 0.037500 0.017188 0.038889
0 0.105859 0.087500 0.024219 0.050000
0 0.079687 0.357639 0.025000 0.037500
1 0.893359 0.750694 0.111719 0.209722
1 0.301172 0.245833 0.133594 0.291667
1 0.516406 0.207639 0.132812 0.187500
1 0.507422 0.747917 0.161719 0.304167
1 0.681641 0.212500 0.155469 0.269444
1 0.683594 0.750694 0.159375 0.229167
1 0.095312 0.679861 0.106250 0.304167
1 0.241016 0.804861 0.157031 0.176389
1 0.865234 0.244444 0.100781 0.247222