0 0.407227 0.926758 0.041016 0.048828
0 0.963867 0.440430 0.033203 0.044922
0 0.657227 0.948242 0.056641 0.033203
0 0.341797 0.505859 0.042969 0.050781
0 0.219727 0.148438 0.033203 0.039062
0 0.660156 0.394531 0.046875 0.046875
0 0.506836 0.116211 0.056641 0.056641
0 0.593750 0.116211 0.031250 0.041016
0 0.945312 0.875977 0.046875 0.052734
0 0.582031 0.696289 0.058594 0.056641
0 0.723633 0.904297 0.033203 0.054688
0 0.225586 0.775391 0.056641 0.035156
0 0.294922 0.862305 0.050781 0.052734
0 0.767578 0.396484 0.046875 0.046875
0 0.570312 0.854492 0.031250 0.033203
0 0.915039 0.570312 0.041016 0.031250
0 0.040039 0.554688 0.037109 0.050781
0 0.061523 0.814453 0.048828 0.031250
0 0.058594 0.677734 0.035156 0.031250
0 0.356445 0.610352 0.048828 0.048828
0 0.308594 0.112305 0.039062 0.052734
0 0.932617 0.797852 0.033203 0.041016
0 0.116211 0.094727 0.033203 0.033203
0 0.150391 0.778320 0.042969 0.052734
0 0.109375 0.879883 0.046875 0.048828
0 0.569336 0.047852 0.052734 0.041016
0 0.386719 0.047852 0.035156 0.044922
0 0.851562 0.396484 0.046875 0.050781
0 0.627930 0.273438 0.044922 0.035156
0 0.843750 0.479492 0.042969 0.056641
0 0.074219 0.732422 0.058594 0.039062
0 0.826172 0.844727 0.046875 0.048828
0 0.564453 0.950195 0.042969 0.037109
0 0.614258 0.801758 0.056641 0.056641
0 0.223633 0.859375 0.044922 0.046875
0 0.535156 0.380859 0.031250 0.042969
0 0.624023 0.190430 0.044922 0.044922
0 0.487305 0.922852 0.048828 0.037109
0 0.952148 0.735352 0.052734 0.052734
0 0.197266 0.930664 0.050781 0.037109
0 0.168945 0.099609 0.041016 0.046875
0 0.594727 0.638672 0.037109 0.042969
0 0.837891 0.564453 0.031250 0.046875
0 0.286133 0.040039 0.048828 0.044922
0 0.235352 0.078125 0.033203 0.050781
0 0.278320 0.929688 0.037109 0.039062
1 0.765625 0.694336 0.214844 0.162109
1 0.815430 0.193359 0.263672 0.273438
1 0.199219 0.587891 0.203125 0.234375
1 0.440430 0.768555 0.197266 0.240234
1 0.404297 0.278320 0.207031 0.205078
1 0.492188 0.503906 0.160156 0.144531
1 0.133789 0.302734 0.224609 0.207031