0 0.680078 0.200694 0.025781 0.037500
0 0.463672 0.324306 0.025781 0.043056
0 0.571875 0.056250 0.015625 0.029167
0 0.352734 0.559722 0.022656 0.033333
0 0.150781 0.344444 0.015625 0.033333
0 0.284766 0.562500 0.014844 0.047222
0 0.783984 0.210417 0.019531 0.045833
0 0.133594 0.432639 0.023438 0.048611
0 0.128516 0.091667 0.019531 0.050000
0 0.956641 0.095139 0.024219 0.031944
0 0.475781 0.182639 0.020313 0.040278
0 0.434766 0.283333 0.022656 0.047222
0 0.049219 0.906944 0.018750 0.030556
0 0.789062 0.770833 0.017188 0.027778
0 0.040234 0.536806 0.021094 0.029167
0 0.735547 0.084722 0.016406 0.025000
0 0.032813 0.254167 0.028125 0.036111
0 0.199219 0.086111 0.023438 0.050000
0 0.863281 0.552778 0.015625 0.044444
0 0.324609 0.181944 0.022656 0.033333
0 0.042578 0.834028 0.021094 0.034722
0 0.181250 0.514583 0.018750 0.045833
0 0.059375 0.658333 0.018750 0.027778
0 0.434375 0.087500 0.021875 0.050000
0 0.154297 0.053472 0.022656 0.040278
0 0.514844 0.255556 0.018750 0.047222
0 0.849609 0.605556 0.019531 0.044444
0 0.910156 0.678472 0.025000 0.048611
0 0.162500 0.191667 0.014063 0.047222
0 0.771875 0.299306 0.015625 0.029167
0 0.927344 0.068750 0.014063 0.026389
0 0.328516 0.126389 0.027344 0.041667
0 0.557422 0.198611 0.022656 0.025000
0 0.311328 0.050000 0.027344 0.027778
0 0.149609 0.284028 0.022656 0.031944
0 0.977344 0.393056 0.017188 0.027778
0 0.879687 0.601389 0.020313 0.036111
0 0.876563 0.086111 0.015625 0.033333
0 0.020313 0.651389 0.017188 0.038889
0 0.756250 0.679167 0.015625 0.030556
0 0.846094 0.097917 0.018750 0.037500
0 0.103125 0.477083 0.018750 0.045833
0 0.692187 0.629167 0.028125 0.047222
0 0.204687 0.258333 0.023438 0.036111
0 0.250000 0.357639 0.025000 0.029167
0 0.183594 0.352778 0.015625 0.036111
0 0.117188 0.381250 0.028125 0.031944
0 0.165625 0.102778 0.021875 0.041667
0 0.258203 0.239583 0.025781 0.026389
0 0.925781 0.108333 0.021875 0.030556
0 0.806250 0.707639 0.023438 0.045833
0 0.936719 0.681944 0.021875 0.047222
0 0.039844 0.415972 0.017188 0.029167
0 0.420703 0.409722 0.016406 0.038889
0 0.258203 0.422917 0.025781 0.045833
0 0.386328 0.118056 0.017969 0.047222
0 0.476172 0.951389 0.021094 0.041667
0 0.562891 0.509028 0.022656 0.031944
0 0.618750 0.132639 0.014063 0.037500
0 0.845703 0.168056 0.017969 0.025000
0 0.048047 0.593750 0.027344 0.031944
0 0.885938 0.152778 0.025000 0.050000
0 0.791406 0.657639 0.015625 0.037500
0 0.128516 0.591667 0.025781 0.025000
0 0.063672 0.233333 0.021094 0.036111
0 0.976172 0.489583 0.021094 0.026389
0 0.102344 0.146528 0.028125 0.045833
0 0.537109 0.456944 0.022656 0.038889
0 0.308594 0.084722 0.015625 0.030556
0 0.072656 0.854861 0.023438 0.034722
0 0.660547 0.618750 0.025781 0.048611
0 0.054688 0.717361 0.018750 0.029167
0 0.205469 0.306944 0.018750 0.027778
0 0.543750 0.406250 0.026562 0.029167
0 0.548047 0.930556 0.016406 0.033333
0 0.406641 0.340278 0.025781 0.036111
0 0.473438 0.129167 0.028125 0.030556
0 0.800391 0.100000 0.014844 0.033333
0 0.787500 0.917361 0.025000 0.040278
0 0.434766 0.954861 0.024219 0.031944
0 0.926172 0.549306 0.017969 0.031944
0 0.662500 0.153472 0.014063 0.031944
0 0.510547 0.317361 0.019531 0.040278
0 0.723047 0.579861 0.014844 0.048611
0 0.171875 0.297222 0.014063 0.044444
0 0.085547 0.604167 0.019531 0.047222
0 0.256641 0.122222 0.019531 0.050000
0 0.532031 0.109722 0.023438 0.030556
0 0.972656 0.256944 0.018750 0.044444
1 0.328516 0.374306 0.094531 0.265278
1 0.669922 0.397917 0.171094 0.298611
1 0.641016 0.832639 0.153906 0.237500
1 0.421484 0.797917 0.121094 0.201389
1 0.153125 0.813194 0.103125 0.270833
1 0.835156 0.378472 0.101562 0.270833
1 0.896094 0.843750 0.145313 0.218056