0 0.045898 0.282227 0.048828 0.041016
0 0.040039 0.617188 0.044922 0.058594
0 0.296875 0.598633 0.039062 0.044922
0 0.187500 0.049805 0.050781 0.056641
0 0.785156 0.871094 0.031250 0.035156
0 0.174805 0.568359 0.056641 0.035156
0 0.851562 0.050781 0.046875 0.039062
0 0.781250 0.105469 0.039062 0.046875
0 0.651367 0.822266 0.052734 0.039062
0 0.495117 0.122070 0.052734 0.037109
0 0.072266 0.194336 0.031250 0.056641
0 0.242188 0.488281 0.042969 0.058594
0 0.958984 0.666992 0.042969 0.041016
0 0.954102 0.410156 0.041016 0.031250
0 0.375000 0.226562 0.042969 0.046875
0 0.424805 0.103516 0.041016 0.058594
0 0.043945 0.064453 0.041016 0.031250
0 0.860352 0.556641 0.056641 0.042969
0 0.119141 0.466797 0.046875 0.039062
0 0.953125 0.253906 0.035156 0.054688
0 0.941406 0.926758 0.046875 0.048828
0 0.523438 0.931641 0.031250 0.058594
0 0.661133 0.903320 0.041016 0.041016
0 0.140625 0.212891 0.050781 0.035156
0 0.951172 0.616211 0.058594 0.033203
0 0.148438 0.917969 0.046875 0.039062
0 0.305664 0.215820 0.052734 0.048828
0 0.585938 0.961914 0.039062 0.044922
0 0.531250 0.069336 0.039062 0.048828
0 0.113281 0.789062 0.050781 0.050781
0 0.313477 0.119141 0.052734 0.035156
0 0.233398 0.668945 0.041016 0.052734
0 0.305664 0.466797 0.033203 0.058594
0 0.131836 0.103516 0.056641 0.031250
0 0.789062 0.233398 0.058594 0.056641
0 0.733398 0.955078 0.044922 0.039062
0 0.069336 0.542969 0.056641 0.039062
0 0.331055 0.947266 0.041016 0.050781
0 0.137695 0.143555 0.056641 0.033203
0 0.276367 0.841797 0.037109 0.046875
0 0.272461 0.758789 0.037109 0.033203
0 0.880859 0.185547 0.035156 0.058594
0 0.253906 0.088867 0.035156 0.048828
1 0.750000 0.690430 0.203125 0.177734
1 0.443359 0.741211 0.246094 0.208984
1 0.211914 0.337891 0.263672 0.148438
1 0.538086 0.436523 0.228516 0.267578
1 0.639648 0.174805 0.220703 0.146484
1 0.793945 0.407227 0.166016 0.169922