0 0.819922 0.038194 0.014844 0.031944
0 0.914844 0.257639 0.025000 0.034722
0 0.262891 0.047222 0.021094 0.041667
0 0.062891 0.302083 0.014844 0.026389
0 0.930859 0.595833 0.017969 0.025000
0 0.030859 0.309028 0.016406 0.026389
0 0.545312 0.208333 0.028125 0.038889
0 0.778906 0.811111 0.021875 0.030556
0 0.936719 0.194444 0.020313 0.036111
0 0.882422 0.751389 0.024219 0.050000
0 0.243359 0.394444 0.021094 0.030556
0 0.790234 0.877083 0.016406 0.026389
0 0.384375 0.634028 0.025000 0.026389
0 0.735547 0.921528 0.021094 0.045833
0 0.072656 0.688889 0.025000 0.050000
0 0.824609 0.818750 0.024219 0.037500
0 0.235547 0.522222 0.027344 0.025000
0 0.160156 0.418750 0.018750 0.037500
0 0.036328 0.639583 0.027344 0.026389
0 0.124219 0.683333 0.017188 0.036111
0 0.262891 0.709722 0.024219 0.033333
0 0.230078 0.206944 0.024219 0.044444
0 0.810547 0.777083 0.025781 0.034722
0 0.882422 0.660417 0.019531 0.040278
0 0.211328 0.418056 0.022656 0.030556
0 0.067578 0.877778 0.025781 0.050000
0 0.893359 0.852778 0.022656 0.050000
0 0.130469 0.920139 0.014063 0.029167
0 0.925781 0.745833 0.023438 0.044444
0 0.117578 0.727778 0.027344 0.041667
0 0.598047 0.308333 0.025781 0.038889
0 0.301563 0.921528 0.018750 0.043056
0 0.244922 0.945833 0.027344 0.030556
0 0.511328 0.644444 0.024219 0.027778
0 0.828125 0.265972 0.014063 0.040278
0 0.961719 0.781250 0.026562 0.045833
0 0.387500 0.033333 0.017188 0.030556
0 0.338672 0.652778 0.027344 0.036111
0 0.314844 0.511806 0.026562 0.045833
0 0.293359 0.298611 0.022656 0.041667
0 0.300391 0.679167 0.025781 0.038889
0 0.301953 0.175694 0.022656 0.048611
0 0.959375 0.262500 0.028125 0.027778
0 0.903906 0.294444 0.026562 0.027778
0 0.343359 0.458333 0.025781 0.041667
0 0.032031 0.194444 0.018750 0.033333
0 0.195312 0.888889 0.018750 0.033333
0 0.982031 0.351389 0.017188 0.030556
0 0.201563 0.337500 0.014063 0.044444
0 0.027734 0.082639 0.022656 0.045833
0 0.837109 0.400000 0.025781 0.036111
0 0.224609 0.034028 0.022656 0.029167
0 0.066406 0.084722 0.017188 0.027778
0 0.856250 0.142361 0.021875 0.045833
0 0.185156 0.959722 0.025000 0.030556
0 0.887109 0.365278 0.021094 0.038889
0 0.678125 0.829167 0.026562 0.041667
0 0.277734 0.590278 0.022656 0.030556
0 0.316797 0.384722 0.019531 0.033333
0 0.602734 0.585417 0.022656 0.045833
0 0.568359 0.438889 0.014844 0.027778
0 0.028906 0.516667 0.018750 0.036111
0 0.908984 0.617361 0.019531 0.034722
0 0.042188 0.734722 0.020313 0.030556
0 0.928125 0.947222 0.015625 0.050000
0 0.724609 0.808333 0.019531 0.025000
0 0.698047 0.938889 0.016406 0.041667
0 0.924219 0.084028 0.018750 0.026389
0 0.404297 0.940972 0.017969 0.034722
0 0.234766 0.126389 0.019531 0.038889
0 0.305078 0.052083 0.014844 0.037500
0 0.785156 0.946528 0.021875 0.026389
0 0.840625 0.212500 0.028125 0.025000
0 0.821094 0.102778 0.021875 0.025000
0 0.944531 0.372222 0.025000 0.036111
0 0.880078 0.445139 0.016406 0.034722
0 0.835938 0.900000 0.018750 0.036111
0 0.315625 0.252778 0.023438 0.030556
0 0.103516 0.773611 0.017969 0.030556
0 0.093750 0.605556 0.015625 0.030556
0 0.819531 0.564583 0.015625 0.029167
0 0.849609 0.068056 0.016406 0.027778
0 0.285547 0.342361 0.019531 0.029167
1 0.443750 0.452778 0.154688 0.305556
1 0.723828 0.581944 0.163281 0.200000
1 0.396094 0.175694 0.125000 0.195833
1 0.726172 0.265972 0.167969 0.276389
1 0.145703 0.172222 0.108594 0.238889
1 0.528516 0.814583 0.128906 0.206944
1 0.190625 0.699306 0.100000 0.290278
1 0.094922 0.412500 0.102344 0.169444