0 0.959961 0.425781 0.037109 0.058594
0 0.546875 0.263672 0.050781 0.054688
0 0.710938 0.858398 0.035156 0.056641
0 0.471680 0.554688 0.056641 0.058594
0 0.963867 0.208984 0.033203 0.042969
0 0.957031 0.078125 0.035156 0.042969
0 0.133789 0.682617 0.056641 0.048828
0 0.459961 0.471680 0.041016 0.048828
0 0.678711 0.514648 0.041016 0.044922
0 0.150391 0.168945 0.046875 0.052734
0 0.076172 0.481445 0.054688 0.048828
0 0.595703 0.489258 0.046875 0.048828
0 0.638672 0.390625 0.046875 0.058594
0 0.042969 0.194336 0.050781 0.056641
0 0.465820 0.404297 0.048828 0.035156
0 0.659180 0.601562 0.033203 0.054688
0 0.066406 0.602539 0.054688 0.056641
0 0.275391 0.650391 0.058594 0.046875
0 0.418945 0.706055 0.056641 0.037109
0 0.507812 0.059570 0.042969 0.033203
0 0.696289 0.955078 0.041016 0.031250
0 0.883789 0.090820 0.044922 0.044922
0 0.127930 0.740234 0.052734 0.031250
0 0.125977 0.370117 0.056641 0.044922
0 0.836914 0.663086 0.037109 0.037109
0 0.076172 0.416992 0.042969 0.033203
0 0.715820 0.782227 0.048828 0.052734
0 0.870117 0.264648 0.052734 0.052734
0 0.483398 0.119141 0.037109 0.050781
0 0.579102 0.412109 0.041016 0.042969
0 0.346680 0.944336 0.052734 0.048828
0 0.414062 0.445312 0.031250 0.050781
0 0.567383 0.625977 0.033203 0.044922
0 0.050781 0.073242 0.035156 0.048828
0 0.152344 0.070312 0.046875 0.031250
0 0.611328 0.581055 0.031250 0.041016
0 0.289062 0.761719 0.039062 0.039062
0 0.253906 0.049805 0.054688 0.037109
1 0.156250 0.848633 0.160156 0.169922
1 0.744141 0.339844 0.148438 0.179688
1 0.250000 0.505859 0.261719 0.210938
1 0.819336 0.535156 0.197266 0.164062
1 0.850586 0.828125 0.185547 0.265625
1 0.584961 0.770508 0.138672 0.224609
1 0.317383 0.212891 0.259766 0.253906
1 0.392578 0.821289 0.152344 0.166016
1 0.689453 0.142578 0.242188 0.152344