0 0.124609 0.104167 0.025781 0.033333
0 0.463281 0.965278 0.014063 0.025000
0 0.092188 0.752778 0.020313 0.036111
0 0.036719 0.459722 0.026562 0.050000
0 0.916406 0.052778 0.028125 0.025000
0 0.076563 0.204861 0.015625 0.031944
0 0.908984 0.497917 0.024219 0.040278
0 0.303906 0.097222 0.028125 0.047222
0 0.360938 0.935417 0.026562 0.031944
0 0.693750 0.687500 0.017188 0.044444
0 0.671094 0.081250 0.028125 0.031944
0 0.333594 0.932639 0.018750 0.040278
0 0.976953 0.625000 0.014844 0.025000
0 0.692969 0.304167 0.025000 0.025000
0 0.296875 0.864583 0.018750 0.029167
0 0.980469 0.054861 0.015625 0.037500
0 0.431641 0.858333 0.022656 0.030556
0 0.815234 0.131944 0.014844 0.047222
0 0.057031 0.891667 0.026562 0.036111
0 0.606250 0.776389 0.026562 0.041667
0 0.596094 0.907639 0.021875 0.043056
0 0.271484 0.320139 0.022656 0.029167
0 0.471875 0.144444 0.025000 0.044444
0 0.815625 0.262500 0.026562 0.033333
0 0.217969 0.075000 0.020313 0.030556
0 0.332813 0.856944 0.023438 0.027778
0 0.048828 0.696528 0.017969 0.040278
0 0.726562 0.130556 0.021875 0.025000
0 0.648047 0.803472 0.024219 0.048611
0 0.490234 0.670833 0.024219 0.030556
0 0.375781 0.852778 0.021875 0.033333
0 0.047656 0.968056 0.028125 0.025000
0 0.881250 0.136111 0.021875 0.030556
0 0.724609 0.056944 0.014844 0.036111
0 0.682031 0.608333 0.023438 0.030556
0 0.025391 0.267361 0.017969 0.045833
0 0.292187 0.932639 0.023438 0.043056
0 0.675000 0.966667 0.014063 0.027778
0 0.205859 0.672222 0.021094 0.044444
0 0.460938 0.820139 0.020313 0.029167
0 0.423438 0.808333 0.017188 0.033333
0 0.777344 0.129861 0.023438 0.029167
0 0.839844 0.444444 0.020313 0.033333
0 0.689453 0.753472 0.025781 0.034722
0 0.762891 0.179861 0.019531 0.037500
0 0.427344 0.942361 0.023438 0.034722
0 0.330859 0.408333 0.016406 0.044444
0 0.770703 0.081944 0.022656 0.025000
0 0.274219 0.707639 0.023438 0.045833
0 0.622656 0.065278 0.020313 0.027778
0 0.537109 0.620833 0.019531 0.025000
0 0.090625 0.683333 0.015625 0.041667
0 0.701562 0.798611 0.018750 0.027778
0 0.573828 0.542361 0.017969 0.040278
0 0.497266 0.787500 0.022656 0.044444
0 0.319141 0.795139 0.016406 0.031944
0 0.696484 0.935417 0.019531 0.031944
0 0.341016 0.132639 0.019531 0.037500
0 0.289062 0.238889 0.021875 0.036111
0 0.958984 0.536806 0.027344 0.040278
0 0.653125 0.621528 0.018750 0.034722
0 0.230078 0.681944 0.016406 0.030556
0 0.651563 0.951389 0.023438 0.041667
0 0.775781 0.348611 0.015625 0.044444
0 0.379297 0.145833 0.019531 0.041667
0 0.052344 0.608333 0.018750 0.044444
0 0.501563 0.834028 0.018750 0.037500
0 0.068359 0.459028 0.022656 0.037500
0 0.534375 0.671528 0.028125 0.045833
0 0.453125 0.638889 0.014063 0.044444
0 0.737109 0.302083 0.022656 0.034722
0 0.046094 0.783333 0.017188 0.050000
0 0.584375 0.658333 0.028125 0.041667
0 0.536328 0.806944 0.021094 0.050000
0 0.840234 0.164583 0.017969 0.037500
0 0.900000 0.197222 0.017188 0.030556
0 0.620313 0.710417 0.028125 0.031944
0 0.295312 0.771528 0.023438 0.026389
0 0.944922 0.047222 0.016406 0.038889
0 0.925391 0.650000 0.022656 0.041667
0 0.498047 0.304167 0.016406 0.050000
0 0.271094 0.560417 0.015625 0.040278
0 0.393750 0.938889 0.021875 0.038889
0 0.632031 0.205556 0.015625 0.027778
0 0.970703 0.102778 0.019531 0.030556
0 0.089063 0.890972 0.025000 0.037500
0 0.820312 0.404861 0.014063 0.031944
0 0.757031 0.233333 0.026562 0.044444
0 0.833984 0.074306 0.017969 0.048611
0 0.322656 0.193750 0.021875 0.040278
0 0.306250 0.359722 0.014063 0.030556
0 0.059766 0.150000 0.019531 0.036111
0 0.340625 0.802778 0.014063 0.030556
0 0.494141 0.717361 0.022656 0.034722
0 0.646484 0.030556 0.022656 0.025000
1 0.372656 0.593750 0.137500 0.218056
1 0.175000 0.250694 0.139063 0.243056
1 0.175000 0.515972 0.143750 0.237500
1 0.824609 0.695833 0.132031 0.191667
1 0.911719 0.345139 0.104688 0.206944
1 0.419531 0.318056 0.131250 0.275000
1 0.565234 0.218056 0.102344 0.202778
1 0.178906 0.827778 0.125000 0.213889
1 0.732422 0.469444 0.152344 0.177778