0 0.076953 0.951389 0.014844 0.033333
0 0.848828 0.186111 0.021094 0.038889
0 0.826953 0.546528 0.014844 0.048611
0 0.573828 0.847222 0.014844 0.047222
0 0.758984 0.099306 0.024219 0.029167
0 0.346875 0.215278 0.017188 0.036111
0 0.535937 0.807639 0.025000 0.026389
0 0.330469 0.313194 0.014063 0.026389
0 0.876172 0.225000 0.019531 0.036111
0 0.325391 0.091667 0.027344 0.038889
0 0.289453 0.429167 0.017969 0.047222
0 0.257812 0.279861 0.020313 0.026389
0 0.316016 0.820833 0.025781 0.033333
0 0.973437 0.747222 0.014063 0.050000
0 0.976562 0.466667 0.014063 0.050000
0 0.278516 0.051389 0.017969 0.036111
0 0.738281 0.621528 0.017188 0.043056
0 0.963281 0.275000 0.021875 0.047222
0 0.284766 0.636111 0.017969 0.025000
0 0.778125 0.214583 0.017188 0.045833
0 0.798047 0.075694 0.022656 0.037500
0 0.099609 0.568056 0.024219 0.030556
0 0.214844 0.881944 0.020313 0.041667
0 0.122656 0.054861 0.015625 0.045833
0 0.244141 0.183333 0.024219 0.030556
0 0.283203 0.787500 0.021094 0.030556
0 0.658594 0.685417 0.015625 0.026389
0 0.017969 0.125694 0.015625 0.029167
0 0.662500 0.273611 0.018750 0.027778
0 0.801953 0.214583 0.021094 0.029167
0 0.703125 0.088194 0.015625 0.040278
0 0.264453 0.877778 0.024219 0.038889
0 0.050000 0.285417 0.018750 0.043056
0 0.362891 0.504861 0.021094 0.031944
0 0.648047 0.327778 0.017969 0.025000
0 0.208984 0.086806 0.017969 0.031944
0 0.041797 0.686111 0.022656 0.041667
0 0.724609 0.240972 0.019531 0.026389
0 0.190234 0.194444 0.027344 0.044444
0 0.261719 0.362500 0.020313 0.050000
0 0.901172 0.570833 0.019531 0.038889
0 0.758984 0.951389 0.019531 0.030556
0 0.124219 0.714583 0.017188 0.034722
0 0.025391 0.459028 0.021094 0.037500
0 0.601172 0.762500 0.019531 0.041667
0 0.025000 0.328472 0.025000 0.048611
0 0.594531 0.158333 0.023438 0.033333
0 0.032422 0.852083 0.022656 0.029167
0 0.838672 0.047917 0.027344 0.026389
0 0.034375 0.956944 0.017188 0.027778
0 0.080859 0.496528 0.027344 0.031944
0 0.678906 0.631250 0.020313 0.026389
0 0.291016 0.177778 0.019531 0.030556
0 0.628906 0.218056 0.017188 0.041667
0 0.241406 0.236111 0.015625 0.027778
0 0.075391 0.878472 0.016406 0.034722
0 0.505469 0.096528 0.028125 0.043056
0 0.876953 0.078472 0.027344 0.026389
0 0.789062 0.142361 0.026562 0.037500
0 0.809766 0.959722 0.017969 0.033333
0 0.940625 0.406944 0.014063 0.033333
0 0.321094 0.484722 0.018750 0.033333
0 0.817578 0.123611 0.022656 0.036111
0 0.096094 0.918750 0.017188 0.037500
0 0.283203 0.947222 0.027344 0.030556
0 0.056250 0.365972 0.014063 0.043056
0 0.682813 0.589583 0.018750 0.026389
0 0.169531 0.886806 0.014063 0.031944
0 0.306641 0.550000 0.024219 0.047222
0 0.610547 0.047222 0.019531 0.033333
0 0.098828 0.048611 0.017969 0.036111
0 0.267969 0.227083 0.017188 0.048611
0 0.332813 0.265278 0.014063 0.030556
0 0.039844 0.606250 0.028125 0.026389
0 0.686719 0.959028 0.025000 0.026389
0 0.974609 0.910417 0.027344 0.043056
0 0.019531 0.563194 0.014063 0.045833
0 0.550781 0.646528 0.025000 0.029167
1 0.163672 0.400694 0.128906 0.268056
1 0.497266 0.315278 0.169531 0.255556
1 0.414844 0.629861 0.168750 0.198611
1 0.844531 0.381944 0.135937 0.255556
1 0.201172 0.702083 0.102344 0.234722
1 0.684375 0.830556 0.109375 0.213889
1 0.660547 0.460417 0.114844 0.209722
1 0.864453 0.782639 0.166406 0.287500
1 0.426563 0.851389 0.162500 0.177778