0 0.864062 0.145139 0.014063 0.045833
0 0.680078 0.908333 0.014844 0.047222
0 0.715234 0.584722 0.017969 0.027778
0 0.449219 0.646528 0.025000 0.037500
0 0.444531 0.950694 0.021875 0.034722
0 0.582031 0.334722 0.014063 0.038889
0 0.538672 0.859028 0.025781 0.026389
0 0.036328 0.196528 0.027344 0.037500
0 0.406641 0.161111 0.019531 0.044444
0 0.682031 0.526389 0.025000 0.033333
0 0.279297 0.564583 0.024219 0.048611
0 0.424219 0.097917 0.020313 0.040278
0 0.493750 0.636111 0.018750 0.025000
0 0.399609 0.087500 0.016406 0.030556
0 0.614453 0.146528 0.027344 0.043056
0 0.046875 0.097917 0.021875 0.034722
0 0.267578 0.699306 0.021094 0.026389
0 0.691797 0.125000 0.014844 0.044444
0 0.334375 0.210417 0.015625 0.045833
0 0.664844 0.332639 0.021875 0.045833
0 0.341406 0.110417 0.025000 0.043056
0 0.247266 0.120139 0.021094 0.043056
0 0.492188 0.531944 0.017188 0.041667
0 0.750391 0.651389 0.021094 0.044444
0 0.588672 0.408333 0.024219 0.041667
0 0.187891 0.154167 0.016406 0.033333
0 0.517969 0.575000 0.020313 0.041667
0 0.601562 0.509722 0.026562 0.038889
0 0.080078 0.111111 0.021094 0.050000
0 0.951953 0.080556 0.027344 0.047222
0 0.161719 0.177778 0.020313 0.041667
0 0.057422 0.058333 0.024219 0.030556
0 0.596094 0.267361 0.017188 0.048611
0 0.944531 0.294444 0.018750 0.047222
0 0.263672 0.227778 0.024219 0.050000
0 0.715234 0.729861 0.019531 0.034722
0 0.973047 0.657639 0.022656 0.034722
0 0.579297 0.868056 0.019531 0.050000
0 0.910156 0.352083 0.021875 0.029167
0 0.034375 0.813194 0.026562 0.034722
0 0.910937 0.229861 0.018750 0.040278
0 0.958984 0.611111 0.021094 0.036111
0 0.607031 0.888889 0.015625 0.044444
0 0.168359 0.515972 0.014844 0.031944
0 0.394531 0.630556 0.020313 0.027778
0 0.516406 0.036806 0.015625 0.029167
0 0.545703 0.602083 0.017969 0.037500
0 0.538672 0.654167 0.019531 0.047222
0 0.175000 0.294444 0.020313 0.038889
0 0.879687 0.050000 0.017188 0.027778
0 0.333594 0.750694 0.023438 0.026389
0 0.300391 0.079167 0.016406 0.036111
0 0.728516 0.868750 0.016406 0.026389
0 0.728125 0.431944 0.018750 0.047222
0 0.941016 0.921528 0.027344 0.031944
0 0.643359 0.280556 0.027344 0.041667
0 0.421094 0.944444 0.018750 0.030556
0 0.127734 0.073611 0.027344 0.047222
0 0.759375 0.797222 0.020313 0.033333
0 0.337891 0.609722 0.025781 0.025000
0 0.025000 0.942361 0.020313 0.037500
0 0.319141 0.819444 0.021094 0.033333
0 0.945312 0.227778 0.028125 0.050000
0 0.547266 0.084028 0.025781 0.037500
0 0.800781 0.959722 0.017188 0.038889
0 0.320703 0.669444 0.014844 0.038889
0 0.883984 0.330556 0.022656 0.050000
0 0.479297 0.670833 0.022656 0.030556
0 0.396484 0.518056 0.027344 0.050000
0 0.464844 0.516667 0.021875 0.038889
0 0.567187 0.963194 0.025000 0.026389
0 0.539844 0.727083 0.015625 0.048611
1 0.861328 0.550694 0.142969 0.298611
1 0.099609 0.355556 0.121094 0.227778
1 0.491797 0.248611 0.119531 0.200000
1 0.637891 0.697222 0.122656 0.272222
1 0.284766 0.420139 0.164844 0.220833
1 0.167578 0.694444 0.157031 0.244444
1 0.430469 0.799306 0.157812 0.204167
1 0.794141 0.195139 0.105469 0.234722