0 0.096484 0.480556 0.022656 0.038889
0 0.538672 0.128472 0.027344 0.031944
0 0.750781 0.084722 0.018750 0.047222
0 0.096094 0.581250 0.015625 0.031944
0 0.116406 0.779167 0.017188 0.050000
0 0.073047 0.678472 0.024219 0.026389
0 0.893750 0.450694 0.025000 0.045833
0 0.761328 0.465278 0.025781 0.050000
0 0.926562 0.349306 0.014063 0.045833
0 0.707422 0.090278 0.024219 0.050000
0 0.671094 0.745139 0.014063 0.043056
0 0.684375 0.546528 0.017188 0.048611
0 0.025000 0.879861 0.025000 0.029167
0 0.875781 0.251389 0.018750 0.027778
0 0.152344 0.943750 0.025000 0.031944
0 0.716797 0.200694 0.017969 0.034722
0 0.428125 0.091667 0.023438 0.038889
0 0.599609 0.716667 0.017969 0.033333
0 0.626953 0.478472 0.025781 0.048611
0 0.088281 0.904167 0.021875 0.030556
0 0.575391 0.511806 0.019531 0.040278
0 0.264062 0.941667 0.021875 0.027778
0 0.857812 0.443056 0.015625 0.041667
0 0.685156 0.209722 0.028125 0.025000
0 0.628125 0.232639 0.015625 0.026389
0 0.184375 0.943750 0.014063 0.048611
0 0.600000 0.865972 0.021875 0.037500
0 0.226172 0.072917 0.021094 0.040278
0 0.066016 0.043056 0.017969 0.025000
0 0.793359 0.625000 0.022656 0.036111
0 0.408594 0.946528 0.025000 0.029167
0 0.711328 0.453472 0.024219 0.029167
0 0.677734 0.800694 0.024219 0.045833
0 0.278516 0.097222 0.016406 0.047222
0 0.387891 0.479167 0.025781 0.030556
0 0.645703 0.059722 0.022656 0.025000
0 0.319531 0.962500 0.014063 0.025000
0 0.048438 0.552083 0.028125 0.045833
0 0.289062 0.870833 0.018750 0.030556
0 0.968359 0.505556 0.025781 0.030556
0 0.832422 0.484028 0.017969 0.026389
0 0.103516 0.677778 0.019531 0.047222
0 0.348828 0.121528 0.016406 0.043056
0 0.543750 0.512500 0.017188 0.027778
0 0.064062 0.127778 0.021875 0.027778
0 0.209766 0.915972 0.019531 0.045833
0 0.745313 0.649306 0.018750 0.034722
0 0.698828 0.952778 0.021094 0.044444
0 0.487109 0.943056 0.014844 0.030556
0 0.814844 0.141667 0.026562 0.041667
0 0.637500 0.966667 0.028125 0.033333
0 0.761719 0.720833 0.018750 0.044444
0 0.602344 0.147222 0.014063 0.044444
0 0.733203 0.739583 0.014844 0.026389
0 0.877734 0.336806 0.022656 0.037500
0 0.596094 0.397222 0.015625 0.033333
0 0.137500 0.587500 0.020313 0.027778
0 0.667969 0.897917 0.025000 0.029167
0 0.399219 0.104861 0.028125 0.040278
0 0.661719 0.375694 0.023438 0.031944
0 0.096875 0.318056 0.028125 0.030556
0 0.932813 0.905556 0.015625 0.027778
0 0.713281 0.860417 0.017188 0.037500
0 0.741797 0.418750 0.017969 0.026389
0 0.769922 0.604861 0.017969 0.048611
0 0.871484 0.076389 0.021094 0.036111
0 0.628125 0.409028 0.020313 0.048611
0 0.155859 0.156250 0.017969 0.026389
0 0.215625 0.959028 0.017188 0.026389
0 0.806641 0.547222 0.014844 0.050000
0 0.046875 0.783333 0.023438 0.025000
0 0.622266 0.273611 0.016406 0.044444
0 0.680859 0.155556 0.016406 0.050000
0 0.527734 0.914583 0.027344 0.045833
0 0.376172 0.289583 0.019531 0.031944
0 0.075000 0.403472 0.028125 0.034722
0 0.704688 0.817361 0.018750 0.026389
0 0.514844 0.074306 0.025000 0.040278
0 0.756250 0.784722 0.023438 0.036111
0 0.649609 0.857639 0.021094 0.034722
0 0.720313 0.538889 0.023438 0.027778
1 0.310156 0.357639 0.100000 0.212500
1 0.795703 0.300000 0.130469 0.183333
1 0.196094 0.763889 0.112500 0.194444
1 0.462891 0.342361 0.111719 0.281944
1 0.838281 0.786806 0.117188 0.220833
1 0.347656 0.712500 0.128125 0.252778
1 0.524609 0.649306 0.113281 0.168056
1 0.167578 0.344444 0.096094 0.272222