0 0.334961 0.402344 0.052734 0.042969
0 0.351562 0.679688 0.046875 0.039062
0 0.223633 0.949219 0.037109 0.058594
0 0.520508 0.672852 0.033203 0.044922
0 0.119141 0.517578 0.050781 0.046875
0 0.382812 0.926758 0.050781 0.044922
0 0.632812 0.145508 0.035156 0.048828
0 0.816406 0.228516 0.046875 0.046875
0 0.052734 0.825195 0.050781 0.037109
0 0.437500 0.066406 0.054688 0.035156
0 0.086914 0.648438 0.044922 0.031250
0 0.054688 0.878906 0.058594 0.054688
0 0.584961 0.432617 0.037109 0.048828
0 0.222656 0.453125 0.031250 0.058594
0 0.506836 0.744141 0.041016 0.039062
0 0.863281 0.327148 0.035156 0.056641
0 0.102539 0.571289 0.048828 0.041016
0 0.386719 0.737305 0.058594 0.052734
0 0.381836 0.803711 0.033203 0.056641
0 0.864258 0.581055 0.056641 0.048828
0 0.590820 0.054688 0.052734 0.050781
0 0.680664 0.355469 0.052734 0.054688
0 0.150391 0.652344 0.058594 0.039062
0 0.891602 0.444336 0.052734 0.033203
0 0.359375 0.041992 0.054688 0.048828
0 0.617188 0.251953 0.050781 0.031250
0 0.486328 0.789062 0.054688 0.035156
0 0.897461 0.232422 0.037109 0.031250
0 0.501953 0.059570 0.046875 0.044922
0 0.559570 0.799805 0.044922 0.033203
0 0.511719 0.909180 0.054688 0.052734
0 0.158203 0.419922 0.031250 0.035156
0 0.591797 0.364258 0.046875 0.052734
0 0.947266 0.496094 0.035156 0.050781
0 0.787109 0.328125 0.050781 0.031250
0 0.578125 0.705078 0.042969 0.035156
0 0.691406 0.930664 0.042969 0.041016
0 0.223633 0.580078 0.033203 0.054688
0 0.928711 0.716797 0.037109 0.035156
0 0.950195 0.156250 0.044922 0.050781
0 0.167969 0.903320 0.035156 0.048828
0 0.072266 0.385742 0.050781 0.033203
0 0.891602 0.500977 0.041016 0.033203
0 0.773438 0.663086 0.031250 0.041016
0 0.255859 0.652344 0.046875 0.054688
0 0.710938 0.649414 0.039062 0.056641
0 0.898438 0.832031 0.054688 0.042969
1 0.717773 0.490234 0.177734 0.171875
1 0.158203 0.183594 0.246094 0.261719
1 0.196289 0.760742 0.220703 0.138672
1 0.458008 0.263672 0.162109 0.238281
1 0.725586 0.792969 0.224609 0.175781
1 0.419922 0.533203 0.261719 0.183594