0 0.327148 0.578125 0.048828 0.031250
0 0.114258 0.727539 0.044922 0.044922
0 0.172852 0.161133 0.044922 0.044922
0 0.105469 0.128906 0.035156 0.035156
0 0.541992 0.152344 0.056641 0.042969
0 0.184570 0.063477 0.037109 0.041016
0 0.881836 0.449219 0.033203 0.046875
0 0.943359 0.837891 0.058594 0.054688
0 0.449219 0.462891 0.035156 0.031250
0 0.423828 0.594727 0.058594 0.044922
0 0.146484 0.223633 0.042969 0.056641
0 0.565430 0.460938 0.037109 0.046875
0 0.945312 0.264648 0.035156 0.056641
0 0.689453 0.093750 0.039062 0.035156
0 0.449219 0.644531 0.050781 0.039062
0 0.631836 0.520508 0.048828 0.037109
0 0.110352 0.801758 0.037109 0.056641
0 0.365234 0.057617 0.058594 0.048828
0 0.432617 0.210938 0.056641 0.039062
0 0.957031 0.617188 0.031250 0.039062
0 0.258789 0.304688 0.048828 0.039062
0 0.575195 0.093750 0.048828 0.054688
0 0.877930 0.243164 0.052734 0.037109
0 0.586914 0.294922 0.048828 0.039062
0 0.563477 0.600586 0.052734 0.041016
0 0.192383 0.603516 0.044922 0.058594
0 0.648438 0.600586 0.039062 0.033203
0 0.275391 0.206055 0.046875 0.041016
0 0.937500 0.398438 0.031250 0.054688
0 0.840820 0.956055 0.037109 0.044922
0 0.423828 0.521484 0.054688 0.035156
0 0.528320 0.286133 0.048828 0.044922
0 0.903320 0.142578 0.041016 0.046875
0 0.611328 0.687500 0.054688 0.058594
0 0.342773 0.637695 0.044922 0.048828
0 0.107422 0.305664 0.035156 0.037109
0 0.333984 0.224609 0.039062 0.039062
0 0.700195 0.247070 0.044922 0.041016
0 0.120117 0.633789 0.044922 0.056641
0 0.037109 0.066406 0.042969 0.042969
0 0.253906 0.129883 0.046875 0.041016
0 0.542969 0.537109 0.046875 0.031250
0 0.065430 0.802734 0.033203 0.058594
0 0.555664 0.355469 0.037109 0.058594
0 0.476562 0.804688 0.042969 0.031250
0 0.034180 0.125000 0.037109 0.039062
0 0.905273 0.767578 0.052734 0.039062
1 0.798828 0.107422 0.140625 0.167969
1 0.808594 0.615234 0.210938 0.238281
1 0.653320 0.876953 0.255859 0.167969
1 0.312500 0.796875 0.250000 0.250000
1 0.406250 0.362305 0.175781 0.138672
1 0.144531 0.449219 0.164062 0.214844
1 0.739258 0.366211 0.232422 0.177734