0 0.429688 0.118164 0.054688 0.048828
0 0.193359 0.254883 0.042969 0.041016
0 0.056641 0.371094 0.035156 0.042969
0 0.726562 0.082031 0.042969 0.035156
0 0.117188 0.057617 0.050781 0.041016
0 0.852539 0.420898 0.048828 0.048828
0 0.596680 0.585938 0.037109 0.031250
0 0.499023 0.193359 0.056641 0.042969
0 0.046875 0.727539 0.039062 0.041016
0 0.723633 0.474609 0.044922 0.054688
0 0.203125 0.891602 0.042969 0.033203
0 0.824219 0.600586 0.031250 0.037109
0 0.339844 0.658203 0.031250 0.054688
0 0.896484 0.271484 0.054688 0.058594
0 0.870117 0.757812 0.048828 0.050781
0 0.067383 0.205078 0.052734 0.058594
0 0.924805 0.556641 0.056641 0.039062
0 0.717773 0.166016 0.044922 0.050781
0 0.369141 0.576172 0.046875 0.058594
0 0.963867 0.900391 0.033203 0.035156
0 0.688477 0.923828 0.041016 0.058594
0 0.905273 0.675781 0.048828 0.058594
0 0.448242 0.335938 0.056641 0.035156
0 0.929688 0.067383 0.039062 0.052734
0 0.785156 0.372070 0.054688 0.044922
0 0.520508 0.611328 0.033203 0.039062
0 0.348633 0.456055 0.048828 0.056641
0 0.877930 0.894531 0.041016 0.050781
0 0.363281 0.383789 0.042969 0.033203
0 0.431641 0.223633 0.046875 0.052734
0 0.070312 0.319336 0.039062 0.041016
0 0.074219 0.953125 0.046875 0.046875
0 0.626953 0.950195 0.031250 0.048828
0 0.481445 0.959961 0.052734 0.044922
1 0.609375 0.329102 0.210938 0.166016
1 0.166992 0.597656 0.251953 0.187500
1 0.320312 0.174805 0.140625 0.173828
1 0.680664 0.770508 0.189453 0.181641
1 0.420898 0.823242 0.158203 0.146484
1 0.215820 0.383789 0.166016 0.173828