0 0.432031 0.443750 0.018750 0.026389
0 0.262109 0.792361 0.024219 0.026389
0 0.439063 0.750694 0.018750 0.026389
0 0.375391 0.115972 0.017969 0.034722
0 0.333984 0.859722 0.021094 0.027778
0 0.399609 0.844444 0.021094 0.033333
0 0.198437 0.734028 0.014063 0.029167
0 0.091016 0.938889 0.017969 0.027778
0 0.102344 0.413889 0.028125 0.025000
0 0.779297 0.420139 0.017969 0.029167
0 0.926172 0.587500 0.024219 0.030556
0 0.025000 0.800000 0.021875 0.041667
0 0.645312 0.322917 0.015625 0.037500
0 0.511719 0.077083 0.028125 0.045833
0 0.257812 0.745833 0.025000 0.025000
0 0.468359 0.509028 0.027344 0.037500
0 0.471875 0.425000 0.014063 0.030556
0 0.531641 0.267361 0.019531 0.037500
0 0.222266 0.938194 0.025781 0.034722
0 0.558594 0.048611 0.020313 0.044444
0 0.039844 0.549306 0.014063 0.037500
0 0.066797 0.774306 0.021094 0.043056
0 0.878125 0.506944 0.015625 0.036111
0 0.972656 0.142361 0.014063 0.040278
0 0.979688 0.583333 0.014063 0.038889
0 0.347266 0.032639 0.014844 0.029167
0 0.496484 0.733333 0.016406 0.027778
0 0.019531 0.862500 0.020313 0.044444
0 0.158203 0.046528 0.022656 0.048611
0 0.245312 0.045139 0.028125 0.026389
0 0.174609 0.842361 0.019531 0.026389
0 0.972656 0.331944 0.017188 0.030556
0 0.092578 0.657639 0.027344 0.037500
0 0.179297 0.655556 0.014844 0.030556
0 0.170313 0.132639 0.020313 0.034722
0 0.231641 0.684722 0.014844 0.044444
0 0.486328 0.627083 0.014844 0.045833
0 0.931250 0.631250 0.015625 0.029167
0 0.200781 0.261111 0.017188 0.038889
0 0.912500 0.675000 0.023438 0.044444
0 0.328906 0.500000 0.026562 0.033333
0 0.578125 0.373611 0.015625 0.030556
0 0.199609 0.177083 0.021094 0.045833
0 0.477344 0.331250 0.020313 0.031944
0 0.211719 0.879167 0.025000 0.038889
0 0.303125 0.112500 0.017188 0.050000
0 0.424219 0.333333 0.017188 0.044444
0 0.462891 0.783333 0.014844 0.038889
0 0.906641 0.432639 0.025781 0.043056
0 0.980859 0.397222 0.014844 0.047222
0 0.594531 0.289583 0.026562 0.040278
0 0.567187 0.936806 0.017188 0.034722
0 0.810937 0.079167 0.017188 0.025000
0 0.960547 0.257639 0.024219 0.043056
0 0.099219 0.586111 0.025000 0.036111
0 0.894922 0.573611 0.021094 0.027778
0 0.972266 0.736111 0.017969 0.027778
0 0.625391 0.166667 0.017969 0.025000
0 0.945703 0.508333 0.017969 0.047222
0 0.128516 0.607639 0.025781 0.026389
0 0.637109 0.106944 0.024219 0.030556
0 0.019531 0.052083 0.017188 0.037500
0 0.414453 0.502778 0.016406 0.050000
0 0.425781 0.920833 0.026562 0.044444
0 0.141016 0.792361 0.022656 0.034722
0 0.237500 0.837500 0.015625 0.047222
0 0.385547 0.759722 0.016406 0.036111
0 0.559766 0.154861 0.021094 0.026389
0 0.128125 0.724306 0.018750 0.040278
0 0.225391 0.242361 0.014844 0.031944
0 0.327344 0.770833 0.015625 0.041667
0 0.502734 0.905556 0.017969 0.041667
0 0.969531 0.670139 0.018750 0.045833
0 0.055469 0.445833 0.026562 0.044444
0 0.247266 0.364583 0.016406 0.037500
0 0.545312 0.745139 0.025000 0.034722
0 0.593359 0.113194 0.016406 0.043056
0 0.113281 0.819444 0.026562 0.025000
0 0.267578 0.490972 0.024219 0.037500
0 0.249609 0.127083 0.024219 0.045833
0 0.158203 0.946528 0.024219 0.029167
0 0.453906 0.341667 0.015625 0.030556
0 0.459766 0.690972 0.016406 0.031944
0 0.301172 0.899306 0.025781 0.043056
0 0.250000 0.698611 0.014063 0.041667
0 0.978516 0.489583 0.019531 0.043056
0 0.479297 0.852778 0.021094 0.041667
0 0.590625 0.049306 0.023438 0.034722
0 0.094922 0.031250 0.024219 0.026389
0 0.237891 0.445139 0.021094 0.037500
0 0.059766 0.843056 0.019531 0.047222
0 0.351562 0.806944 0.017188 0.030556
0 0.960938 0.907639 0.018750 0.031944
0 0.054297 0.952778 0.024219 0.030556
0 0.257031 0.929167 0.018750 0.050000
0 0.914453 0.477083 0.017969 0.029167
0 0.250391 0.563194 0.021094 0.026389
0 0.020313 0.914583 0.014063 0.026389
0 0.534766 0.810417 0.025781 0.031944
0 0.523828 0.353472 0.019531 0.040278
0 0.323828 0.947222 0.025781 0.033333
1 0.719141 0.204861 0.107031 0.279167
1 0.364453 0.638889 0.164844 0.180556
1 0.173437 0.474306 0.093750 0.187500
1 0.791797 0.634028 0.111719 0.293056
1 0.569531 0.541667 0.117188 0.286111
1 0.865625 0.249306 0.143750 0.284722
1 0.324219 0.338889 0.114062 0.236111
1 0.442188 0.168056 0.093750 0.244444
1 0.101172 0.208333 0.099219 0.233333
1 0.659375 0.838889 0.120313 0.225000