0 0.697656 0.854167 0.018750 0.050000
0 0.903125 0.197917 0.023438 0.031944
0 0.547266 0.047222 0.014844 0.041667
0 0.274609 0.644444 0.017969 0.041667
0 0.100391 0.120833 0.014844 0.027778
0 0.928906 0.810417 0.018750 0.040278
0 0.135547 0.054167 0.025781 0.044444
0 0.915625 0.850694 0.015625 0.026389
0 0.898828 0.888889 0.017969 0.027778
0 0.454297 0.564583 0.021094 0.026389
0 0.041016 0.960417 0.017969 0.026389
0 0.061719 0.265278 0.017188 0.030556
0 0.940234 0.652083 0.022656 0.040278
0 0.936719 0.125000 0.026562 0.025000
0 0.133203 0.834028 0.016406 0.029167
0 0.182031 0.098611 0.028125 0.041667
0 0.449609 0.088889 0.025781 0.030556
0 0.780078 0.767361 0.027344 0.034722
0 0.112891 0.678472 0.019531 0.031944
0 0.784766 0.048611 0.021094 0.041667
0 0.083203 0.765972 0.014844 0.040278
0 0.897266 0.071528 0.025781 0.031944
0 0.146094 0.574306 0.026562 0.040278
0 0.423828 0.332639 0.014844 0.037500
0 0.328516 0.497917 0.025781 0.029167
0 0.167578 0.153472 0.014844 0.040278
0 0.712109 0.609722 0.019531 0.041667
0 0.214844 0.626389 0.023438 0.027778
0 0.935937 0.890278 0.015625 0.047222
0 0.077734 0.456944 0.027344 0.047222
0 0.933203 0.183333 0.021094 0.033333
0 0.311719 0.043056 0.017188 0.047222
0 0.220703 0.552778 0.017969 0.041667
0 0.849609 0.840972 0.027344 0.043056
0 0.086719 0.244444 0.023438 0.036111
0 0.463281 0.765972 0.025000 0.037500
0 0.385937 0.222222 0.026562 0.027778
0 0.442578 0.479861 0.021094 0.029167
0 0.038281 0.371528 0.020313 0.037500
0 0.628125 0.319444 0.023438 0.033333
0 0.760938 0.695833 0.025000 0.044444
0 0.370703 0.437500 0.024219 0.044444
0 0.401953 0.577778 0.025781 0.027778
0 0.266797 0.201389 0.019531 0.025000
0 0.090625 0.065278 0.017188 0.033333
0 0.800000 0.110417 0.025000 0.034722
0 0.595313 0.348611 0.028125 0.025000
0 0.688281 0.693750 0.025000 0.040278
0 0.665625 0.609722 0.025000 0.027778
0 0.875781 0.127083 0.015625 0.031944
0 0.253125 0.536806 0.017188 0.031944
0 0.139063 0.742361 0.015625 0.045833
0 0.322656 0.225000 0.014063 0.030556
0 0.631641 0.929167 0.016406 0.030556
0 0.704688 0.963889 0.015625 0.033333
0 0.074219 0.643056 0.021875 0.025000
0 0.059375 0.126389 0.017188 0.033333
0 0.042188 0.565972 0.017188 0.034722
0 0.029297 0.105556 0.022656 0.033333
0 0.075781 0.558333 0.025000 0.030556
0 0.463281 0.641667 0.025000 0.041667
0 0.391016 0.351389 0.022656 0.038889
0 0.474609 0.927083 0.024219 0.034722
0 0.269141 0.150000 0.019531 0.044444
0 0.788672 0.699306 0.017969 0.031944
0 0.023438 0.659028 0.018750 0.043056
0 0.821094 0.847917 0.023438 0.045833
0 0.717578 0.661111 0.019531 0.038889
0 0.320703 0.330556 0.014844 0.047222
0 0.199609 0.143056 0.027344 0.033333
0 0.591406 0.915278 0.020313 0.027778
0 0.976562 0.930556 0.028125 0.044444
0 0.065234 0.704861 0.024219 0.034722
0 0.029687 0.306944 0.021875 0.027778
0 0.843750 0.911111 0.020313 0.030556
0 0.046484 0.053472 0.016406 0.043056
0 0.413672 0.395139 0.016406 0.048611
0 0.520312 0.869444 0.017188 0.036111
0 0.284766 0.520139 0.022656 0.043056
0 0.805859 0.954861 0.014844 0.040278
0 0.094141 0.293056 0.016406 0.044444
0 0.049609 0.896528 0.021094 0.040278
0 0.044922 0.509722 0.022656 0.033333
0 0.500000 0.550000 0.023438 0.025000
0 0.082031 0.950694 0.021875 0.040278
0 0.446484 0.840278 0.016406 0.027778
0 0.837109 0.171528 0.017969 0.031944
0 0.108594 0.935417 0.015625 0.034722
0 0.357812 0.386806 0.023438 0.026389
0 0.651172 0.702778 0.014844 0.050000
0 0.061719 0.179167 0.020313 0.030556
0 0.604688 0.143750 0.017188 0.029167
0 0.352344 0.093056 0.028125 0.025000
0 0.435937 0.426389 0.018750 0.041667
0 0.100391 0.183333 0.024219 0.044444
0 0.409375 0.511806 0.014063 0.037500
0 0.679688 0.934028 0.026562 0.043056
0 0.583203 0.403472 0.017969 0.034722
0 0.510156 0.056944 0.028125 0.036111
0 0.302734 0.239583 0.014844 0.031944
0 0.738672 0.758333 0.016406 0.047222
0 0.025000 0.729861 0.025000 0.026389
1 0.560156 0.686111 0.115625 0.191667
1 0.754687 0.389583 0.106250 0.259722
1 0.199219 0.350000 0.153125 0.172222
1 0.251172 0.795833 0.171094 0.236111
1 0.491797 0.199306 0.142969 0.170833
1 0.855078 0.652778 0.102344 0.183333
1 0.519141 0.423611 0.097656 0.200000
1 0.892969 0.347917 0.134375 0.215278