0 0.368164 0.443359 0.048828 0.054688
0 0.822266 0.672852 0.058594 0.048828
0 0.919922 0.709961 0.035156 0.037109
0 0.640625 0.387695 0.039062 0.056641
0 0.111328 0.397461 0.054688 0.033203
0 0.886719 0.955078 0.035156 0.046875
0 0.850586 0.828125 0.052734 0.050781
0 0.583984 0.199219 0.054688 0.031250
0 0.444336 0.388672 0.044922 0.050781
0 0.167969 0.571289 0.054688 0.041016
0 0.951172 0.758789 0.058594 0.044922
0 0.477539 0.680664 0.033203 0.033203
0 0.239258 0.097656 0.056641 0.031250
0 0.071289 0.105469 0.037109 0.050781
0 0.930664 0.059570 0.048828 0.048828
0 0.894531 0.129883 0.035156 0.037109
0 0.864258 0.316406 0.056641 0.046875
0 0.433594 0.920898 0.035156 0.048828
0 0.750000 0.287109 0.054688 0.042969
0 0.728516 0.455078 0.039062 0.031250
0 0.121094 0.149414 0.046875 0.033203
0 0.856445 0.735352 0.056641 0.052734
0 0.373047 0.770508 0.050781 0.052734
0 0.038086 0.193359 0.044922 0.031250
0 0.902344 0.891602 0.058594 0.037109
0 0.088867 0.551758 0.052734 0.044922
0 0.054688 0.782227 0.042969 0.044922
0 0.598633 0.055664 0.044922 0.041016
0 0.669922 0.766602 0.039062 0.056641
0 0.366211 0.044922 0.044922 0.042969
0 0.087891 0.662109 0.054688 0.054688
0 0.460938 0.824219 0.058594 0.039062
0 0.473633 0.582031 0.041016 0.054688
0 0.412109 0.157227 0.031250 0.037109
0 0.590820 0.137695 0.033203 0.048828
0 0.575195 0.759766 0.037109 0.042969
1 0.295898 0.598633 0.166016 0.189453
1 0.645508 0.628906 0.267578 0.175781
1 0.294922 0.307617 0.207031 0.197266
1 0.884766 0.431641 0.160156 0.156250
1 0.214844 0.818359 0.210938 0.195312
1 0.641602 0.889648 0.244141 0.173828
1 0.770508 0.125000 0.138672 0.199219