0 0.504687 0.434028 0.021875 0.026389
0 0.871875 0.718056 0.025000 0.041667
0 0.635938 0.259028 0.023438 0.026389
0 0.303125 0.588194 0.017188 0.043056
0 0.116016 0.229167 0.025781 0.047222
0 0.973828 0.297917 0.027344 0.034722
0 0.601953 0.131944 0.025781 0.027778
0 0.567969 0.956944 0.014063 0.050000
0 0.077344 0.186806 0.015625 0.045833
0 0.208203 0.061806 0.014844 0.034722
0 0.479687 0.590972 0.017188 0.029167
0 0.270313 0.230556 0.020313 0.027778
0 0.835938 0.537500 0.018750 0.036111
0 0.848828 0.787500 0.027344 0.044444
0 0.033594 0.109028 0.026562 0.026389
0 0.114844 0.961111 0.015625 0.030556
0 0.743359 0.200694 0.021094 0.043056
0 0.852344 0.202083 0.025000 0.026389
0 0.718359 0.267361 0.022656 0.048611
0 0.325000 0.670833 0.021875 0.027778
0 0.928516 0.536111 0.016406 0.036111
0 0.808203 0.524306 0.019531 0.040278
0 0.940625 0.820139 0.028125 0.029167
0 0.910156 0.070139 0.020313 0.026389
0 0.204687 0.138194 0.025000 0.045833
0 0.038281 0.294444 0.023438 0.038889
0 0.964844 0.602778 0.020313 0.036111
0 0.464062 0.662500 0.021875 0.047222
0 0.607422 0.273611 0.019531 0.033333
0 0.819922 0.789583 0.019531 0.048611
0 0.560156 0.180556 0.025000 0.044444
0 0.148438 0.225694 0.021875 0.045833
0 0.063281 0.647222 0.020313 0.025000
0 0.937891 0.385417 0.014844 0.037500
0 0.130078 0.149306 0.019531 0.034722
0 0.099609 0.667361 0.024219 0.043056
0 0.939453 0.907639 0.019531 0.029167
0 0.177734 0.236806 0.017969 0.029167
0 0.278516 0.054167 0.016406 0.030556
0 0.709375 0.066667 0.015625 0.044444
0 0.920703 0.304861 0.025781 0.043056
0 0.356250 0.924306 0.021875 0.045833
0 0.485547 0.950694 0.016406 0.037500
0 0.735156 0.091667 0.020313 0.047222
0 0.193750 0.843750 0.023438 0.031944
0 0.061328 0.729167 0.027344 0.036111
0 0.101172 0.767361 0.024219 0.040278
0 0.975781 0.761806 0.020313 0.029167
0 0.096875 0.368056 0.017188 0.030556
0 0.421094 0.361806 0.017188 0.048611
0 0.061328 0.092361 0.017969 0.045833
0 0.871484 0.461806 0.014844 0.031944
0 0.298438 0.045833 0.017188 0.044444
0 0.269531 0.781250 0.015625 0.043056
0 0.698438 0.170139 0.017188 0.048611
0 0.017188 0.364583 0.014063 0.034722
0 0.045312 0.788194 0.020313 0.045833
0 0.077734 0.847917 0.024219 0.045833
0 0.638281 0.360417 0.026562 0.045833
0 0.856641 0.135417 0.019531 0.031944
0 0.437109 0.311111 0.017969 0.025000
0 0.832812 0.846528 0.014063 0.045833
0 0.180469 0.956944 0.018750 0.050000
0 0.680078 0.316667 0.025781 0.041667
0 0.365234 0.758333 0.014844 0.025000
0 0.311328 0.418750 0.025781 0.029167
0 0.968750 0.642361 0.020313 0.031944
0 0.514844 0.170833 0.018750 0.025000
0 0.459766 0.051389 0.025781 0.038889
0 0.328125 0.802083 0.028125 0.034722
0 0.125781 0.484028 0.028125 0.034722
0 0.108203 0.056944 0.016406 0.036111
0 0.666797 0.138194 0.019531 0.031944
0 0.906250 0.239583 0.020313 0.037500
0 0.942969 0.086111 0.020313 0.027778
0 0.772656 0.556250 0.015625 0.037500
0 0.323828 0.760417 0.019531 0.037500
0 0.924609 0.494444 0.019531 0.027778
0 0.338281 0.041667 0.020313 0.038889
0 0.158984 0.456944 0.019531 0.047222
0 0.132422 0.402083 0.019531 0.029167
1 0.801172 0.371528 0.099219 0.190278
1 0.187500 0.661806 0.118750 0.215278
1 0.398047 0.506250 0.133594 0.193056
1 0.647266 0.500000 0.169531 0.216667
1 0.476172 0.816667 0.132031 0.211111
1 0.241797 0.438194 0.096094 0.179167
1 0.387891 0.177083 0.163281 0.168056