0 0.158203 0.762695 0.050781 0.044922
0 0.555664 0.681641 0.056641 0.050781
0 0.709961 0.885742 0.048828 0.041016
0 0.849609 0.461914 0.058594 0.041016
0 0.912109 0.927734 0.039062 0.031250
0 0.479492 0.417969 0.041016 0.042969
0 0.955078 0.549805 0.046875 0.048828
0 0.750977 0.517578 0.056641 0.031250
0 0.098633 0.693359 0.056641 0.042969
0 0.904297 0.239258 0.050781 0.056641
0 0.094727 0.361328 0.044922 0.039062
0 0.252930 0.087891 0.037109 0.054688
0 0.497070 0.328125 0.056641 0.035156
0 0.189453 0.069336 0.039062 0.041016
0 0.705078 0.160156 0.039062 0.058594
0 0.246094 0.942383 0.035156 0.056641
0 0.041016 0.205078 0.031250 0.046875
0 0.051758 0.837891 0.037109 0.050781
0 0.605469 0.070312 0.058594 0.039062
0 0.943359 0.852539 0.058594 0.048828
0 0.585938 0.909180 0.050781 0.041016
0 0.048828 0.329102 0.031250 0.044922
0 0.748047 0.165039 0.031250 0.033203
0 0.279297 0.763672 0.046875 0.058594
0 0.899414 0.735352 0.041016 0.033203
0 0.657227 0.457031 0.052734 0.046875
0 0.511719 0.098633 0.058594 0.033203
0 0.545898 0.259766 0.056641 0.039062
0 0.127930 0.639648 0.033203 0.048828
0 0.110352 0.193359 0.044922 0.050781
0 0.617188 0.512695 0.046875 0.044922
0 0.839844 0.106445 0.058594 0.041016
0 0.951172 0.612305 0.042969 0.037109
0 0.579102 0.840820 0.041016 0.033203
0 0.581055 0.750000 0.033203 0.031250
0 0.562500 0.155273 0.042969 0.041016
0 0.442383 0.696289 0.033203 0.033203
0 0.525391 0.817383 0.046875 0.056641
0 0.080078 0.583008 0.046875 0.037109
0 0.638672 0.131836 0.035156 0.037109
0 0.556641 0.317383 0.035156 0.056641
1 0.713867 0.295898 0.255859 0.197266
1 0.491211 0.553711 0.189453 0.189453
1 0.736328 0.703125 0.230469 0.257812
1 0.278320 0.583984 0.181641 0.242188
1 0.404297 0.850586 0.148438 0.197266
1 0.290039 0.314453 0.240234 0.171875
1 0.378906 0.112305 0.152344 0.177734