0 0.415625 0.885417 0.021875 0.026389
0 0.521484 0.068056 0.025781 0.044444
0 0.632422 0.150000 0.025781 0.047222
0 0.536719 0.470833 0.020313 0.041667
0 0.715234 0.090278 0.016406 0.027778
0 0.799219 0.102083 0.018750 0.029167
0 0.247266 0.895833 0.025781 0.030556
0 0.463672 0.099306 0.025781 0.026389
0 0.060156 0.371528 0.021875 0.034722
0 0.045312 0.782639 0.028125 0.031944
0 0.292969 0.854167 0.015625 0.036111
0 0.661719 0.457639 0.014063 0.043056
0 0.249219 0.197222 0.015625 0.027778
0 0.218359 0.641667 0.019531 0.027778
0 0.726562 0.186111 0.028125 0.033333
0 0.289453 0.900694 0.027344 0.031944
0 0.337891 0.484722 0.016406 0.038889
0 0.921875 0.549306 0.020313 0.034722
0 0.248828 0.335417 0.021094 0.043056
0 0.572656 0.456944 0.020313 0.050000
0 0.084766 0.390972 0.019531 0.045833
0 0.832031 0.511111 0.026562 0.044444
0 0.480859 0.529167 0.019531 0.041667
0 0.944922 0.206250 0.022656 0.031944
0 0.893359 0.063889 0.016406 0.030556
0 0.174609 0.356944 0.027344 0.044444
0 0.272656 0.450694 0.026562 0.031944
0 0.486328 0.963194 0.017969 0.037500
0 0.430078 0.063194 0.022656 0.043056
0 0.233203 0.429167 0.017969 0.050000
0 0.214062 0.482639 0.026562 0.026389
0 0.671094 0.129861 0.023438 0.034722
0 0.808594 0.620139 0.015625 0.029167
0 0.617188 0.350000 0.014063 0.036111
0 0.774609 0.304167 0.027344 0.025000
0 0.803906 0.568056 0.018750 0.027778
0 0.406641 0.499306 0.014844 0.034722
0 0.443750 0.566667 0.028125 0.044444
0 0.066016 0.215972 0.016406 0.026389
0 0.101953 0.263889 0.021094 0.047222
0 0.289453 0.943056 0.017969 0.025000
0 0.941406 0.956944 0.025000 0.033333
0 0.092578 0.186806 0.014844 0.031944
0 0.536719 0.417361 0.017188 0.045833
0 0.365234 0.437500 0.017969 0.036111
0 0.635156 0.360417 0.014063 0.045833
0 0.729297 0.938889 0.019531 0.033333
0 0.414062 0.295833 0.017188 0.047222
0 0.786719 0.929861 0.023438 0.029167
0 0.737891 0.298611 0.016406 0.025000
0 0.671094 0.274306 0.021875 0.040278
0 0.673047 0.540278 0.021094 0.033333
0 0.201953 0.553472 0.019531 0.037500
0 0.981641 0.352778 0.014844 0.025000
0 0.836328 0.464583 0.019531 0.031944
0 0.792188 0.821528 0.014063 0.029167
0 0.853516 0.399306 0.017969 0.031944
0 0.978125 0.625000 0.014063 0.041667
0 0.741406 0.259722 0.015625 0.038889
0 0.659375 0.194444 0.015625 0.038889
0 0.082031 0.128472 0.020313 0.031944
0 0.835156 0.598611 0.014063 0.041667
0 0.796094 0.145139 0.021875 0.045833
0 0.977344 0.290278 0.015625 0.025000
0 0.442578 0.885417 0.014844 0.029167
0 0.971875 0.527778 0.028125 0.025000
0 0.112500 0.318056 0.025000 0.050000
0 0.873047 0.496528 0.021094 0.045833
0 0.723437 0.520139 0.026562 0.034722
0 0.328516 0.323611 0.027344 0.027778
0 0.641406 0.093750 0.025000 0.031944
0 0.866797 0.612500 0.014844 0.044444
0 0.361719 0.327083 0.026562 0.029167
0 0.949609 0.593750 0.022656 0.026389
0 0.018750 0.665278 0.015625 0.036111
0 0.442969 0.838889 0.023438 0.047222
1 0.120313 0.553472 0.125000 0.248611
1 0.510156 0.268056 0.160938 0.188889
1 0.682813 0.727778 0.167187 0.277778
1 0.523828 0.759722 0.116406 0.258333
1 0.871094 0.255556 0.098437 0.236111
1 0.332813 0.668750 0.129688 0.223611
1 0.878906 0.786111 0.126562 0.286111
1 0.321094 0.154861 0.110937 0.176389
1 0.183984 0.175000 0.105469 0.238889
1 0.169922 0.847917 0.119531 0.220833