0 0.221484 0.570833 0.021094 0.030556
0 0.061328 0.572917 0.027344 0.029167
0 0.189844 0.060417 0.018750 0.037500
0 0.926953 0.720833 0.027344 0.041667
0 0.950391 0.369444 0.025781 0.050000
0 0.549609 0.052778 0.025781 0.033333
0 0.428906 0.706944 0.026562 0.027778
0 0.656250 0.734722 0.028125 0.044444
0 0.650781 0.418750 0.028125 0.043056
0 0.729688 0.391667 0.023438 0.041667
0 0.374219 0.637500 0.021875 0.027778
0 0.890234 0.613889 0.024219 0.025000
0 0.691016 0.456944 0.025781 0.027778
0 0.632812 0.100000 0.018750 0.050000
0 0.942969 0.586806 0.014063 0.034722
0 0.667969 0.114583 0.020313 0.045833
0 0.721875 0.888889 0.028125 0.044444
0 0.977734 0.188889 0.021094 0.050000
0 0.721094 0.316667 0.025000 0.036111
0 0.314063 0.910417 0.018750 0.037500
0 0.680078 0.272222 0.024219 0.025000
0 0.725391 0.116667 0.014844 0.050000
0 0.216797 0.065278 0.024219 0.025000
0 0.396484 0.947917 0.021094 0.031944
0 0.697266 0.084722 0.021094 0.033333
0 0.063672 0.362500 0.019531 0.041667
0 0.774219 0.311806 0.014063 0.029167
0 0.412500 0.432639 0.017188 0.043056
0 0.286719 0.633333 0.015625 0.047222
0 0.740234 0.218750 0.024219 0.037500
0 0.765625 0.194444 0.017188 0.044444
0 0.891016 0.048611 0.014844 0.025000
0 0.608984 0.079861 0.022656 0.040278
0 0.955469 0.526389 0.015625 0.041667
0 0.670312 0.219444 0.023438 0.025000
0 0.430469 0.958333 0.015625 0.027778
0 0.433594 0.588194 0.017188 0.048611
0 0.756250 0.820833 0.018750 0.050000
0 0.099219 0.356944 0.020313 0.030556
0 0.937109 0.951389 0.027344 0.044444
0 0.425781 0.479861 0.028125 0.031944
0 0.305859 0.684722 0.021094 0.044444
0 0.814844 0.186111 0.021875 0.038889
0 0.667188 0.932639 0.026562 0.043056
0 0.311719 0.236806 0.028125 0.048611
0 0.956250 0.423611 0.028125 0.030556
0 0.707422 0.939583 0.024219 0.045833
0 0.141016 0.061806 0.022656 0.026389
0 0.033984 0.525000 0.014844 0.027778
0 0.697656 0.170139 0.028125 0.040278
0 0.053125 0.856250 0.020313 0.040278
0 0.619922 0.156250 0.025781 0.029167
0 0.323828 0.956944 0.027344 0.044444
0 0.508203 0.592361 0.017969 0.034722
0 0.530078 0.534722 0.022656 0.041667
0 0.926953 0.075694 0.017969 0.037500
0 0.845703 0.051389 0.021094 0.047222
0 0.915625 0.209722 0.025000 0.036111
0 0.469141 0.534028 0.021094 0.048611
0 0.295312 0.179167 0.021875 0.027778
0 0.604688 0.763194 0.023438 0.040278
0 0.842578 0.223611 0.027344 0.044444
0 0.917578 0.484028 0.016406 0.040278
0 0.664062 0.850000 0.026562 0.038889
0 0.707422 0.269444 0.017969 0.025000
0 0.954297 0.871528 0.021094 0.037500
0 0.594922 0.340972 0.025781 0.040278
0 0.925781 0.665972 0.015625 0.034722
0 0.325391 0.297222 0.022656 0.050000
0 0.033203 0.784028 0.022656 0.026389
0 0.029297 0.587500 0.014844 0.027778
0 0.621094 0.857639 0.015625 0.029167
0 0.580078 0.597917 0.019531 0.026389
0 0.019531 0.963194 0.020313 0.029167
0 0.942969 0.294444 0.015625 0.033333
0 0.089453 0.881944 0.014844 0.036111
0 0.948047 0.232639 0.021094 0.043056
1 0.389844 0.819444 0.118750 0.175000
1 0.690625 0.590278 0.162500 0.202778
1 0.498437 0.254167 0.139063 0.300000
1 0.203516 0.789583 0.144531 0.248611
1 0.141406 0.505556 0.096875 0.213889
1 0.846875 0.397917 0.112500 0.281944
1 0.153516 0.197917 0.171094 0.206944
1 0.333594 0.465972 0.126562 0.265278
1 0.529687 0.765972 0.112500 0.279167