0 0.394531 0.890625 0.054688 0.039062
0 0.692383 0.046875 0.052734 0.042969
0 0.855469 0.941406 0.031250 0.039062
0 0.395508 0.568359 0.048828 0.031250
0 0.160156 0.043945 0.050781 0.052734
0 0.523438 0.583984 0.050781 0.054688
0 0.155273 0.596680 0.056641 0.048828
0 0.739258 0.955078 0.052734 0.050781
0 0.467773 0.836914 0.033203 0.048828
0 0.363281 0.183594 0.054688 0.046875
0 0.472656 0.588867 0.031250 0.037109
0 0.606445 0.160156 0.056641 0.054688
0 0.508789 0.519531 0.033203 0.031250
0 0.341797 0.756836 0.031250 0.048828
0 0.424805 0.645508 0.052734 0.048828
0 0.066406 0.907227 0.046875 0.033203
0 0.044922 0.595703 0.042969 0.050781
0 0.730469 0.855469 0.031250 0.050781
0 0.096680 0.543945 0.041016 0.037109
0 0.574219 0.090820 0.039062 0.033203
0 0.334961 0.455078 0.037109 0.058594
0 0.289062 0.368164 0.054688 0.037109
0 0.489258 0.219727 0.056641 0.044922
0 0.273438 0.472656 0.054688 0.035156
0 0.343750 0.097656 0.031250 0.054688
0 0.509766 0.962891 0.035156 0.042969
0 0.687500 0.729492 0.046875 0.052734
0 0.392578 0.405273 0.039062 0.041016
0 0.415039 0.799805 0.056641 0.033203
0 0.960938 0.619141 0.046875 0.042969
0 0.458984 0.927734 0.050781 0.046875
0 0.785156 0.397461 0.035156 0.037109
0 0.535156 0.644531 0.039062 0.050781
0 0.185547 0.541016 0.039062 0.042969
0 0.097656 0.958008 0.054688 0.033203
0 0.767578 0.043945 0.058594 0.044922
0 0.402344 0.502930 0.058594 0.052734
0 0.336914 0.606445 0.044922 0.041016
0 0.960938 0.437500 0.042969 0.054688
0 0.521484 0.137695 0.039062 0.037109
0 0.661133 0.614258 0.033203 0.044922
0 0.070312 0.743164 0.042969 0.056641
0 0.394531 0.107422 0.035156 0.039062
0 0.053711 0.824219 0.048828 0.046875
0 0.297852 0.041992 0.041016 0.044922
0 0.034180 0.230469 0.037109 0.054688
1 0.219727 0.805664 0.185547 0.236328
1 0.581055 0.791992 0.142578 0.228516
1 0.574219 0.349609 0.140625 0.175781
1 0.857422 0.777344 0.195312 0.226562
1 0.806641 0.514648 0.203125 0.150391
1 0.190430 0.188477 0.259766 0.220703
1 0.810547 0.216797 0.261719 0.250000
1 0.121094 0.411133 0.195312 0.146484