0 0.657227 0.485352 0.044922 0.044922
0 0.354492 0.139648 0.048828 0.048828
0 0.277344 0.585938 0.046875 0.039062
0 0.697266 0.693359 0.035156 0.050781
0 0.723633 0.465820 0.041016 0.052734
0 0.041016 0.847656 0.031250 0.054688
0 0.715820 0.943359 0.044922 0.042969
0 0.187500 0.588867 0.050781 0.044922
0 0.652344 0.347656 0.031250 0.050781
0 0.749023 0.116211 0.037109 0.052734
0 0.098633 0.591797 0.044922 0.046875
0 0.583008 0.705078 0.056641 0.046875
0 0.243164 0.517578 0.048828 0.046875
0 0.182617 0.365234 0.056641 0.031250
0 0.636719 0.404297 0.042969 0.046875
0 0.787109 0.953125 0.039062 0.050781
0 0.393555 0.935547 0.041016 0.058594
0 0.747070 0.256836 0.037109 0.044922
0 0.773438 0.384766 0.039062 0.035156
0 0.603516 0.933594 0.046875 0.046875
0 0.350586 0.709961 0.056641 0.044922
0 0.308594 0.356445 0.046875 0.056641
0 0.329102 0.771484 0.033203 0.046875
0 0.472656 0.666992 0.050781 0.052734
0 0.959961 0.488281 0.048828 0.046875
0 0.326172 0.060547 0.031250 0.058594
0 0.931641 0.958984 0.050781 0.050781
0 0.335938 0.208008 0.058594 0.044922
0 0.133789 0.831055 0.033203 0.037109
0 0.279297 0.079102 0.035156 0.048828
0 0.848633 0.443359 0.033203 0.035156
0 0.393555 0.317383 0.048828 0.033203
0 0.043945 0.728516 0.041016 0.058594
1 0.839844 0.669922 0.218750 0.273438
1 0.182617 0.711914 0.193359 0.162109
1 0.542969 0.171875 0.222656 0.269531
1 0.885742 0.191406 0.189453 0.257812
1 0.474609 0.475586 0.207031 0.255859
1 0.549805 0.818359 0.248047 0.152344
1 0.138672 0.175781 0.175781 0.250000
1 0.122070 0.475586 0.142578 0.166016
1 0.247070 0.900391 0.173828 0.148438