0 0.703125 0.378906 0.035156 0.054688
0 0.742188 0.299805 0.039062 0.037109
0 0.887695 0.585938 0.056641 0.031250
0 0.451172 0.744141 0.035156 0.046875
0 0.111328 0.788086 0.054688 0.056641
0 0.894531 0.805664 0.058594 0.033203
0 0.079102 0.865234 0.048828 0.050781
0 0.405273 0.686523 0.056641 0.048828
0 0.031250 0.503906 0.031250 0.039062
0 0.839844 0.384766 0.050781 0.054688
0 0.079102 0.620117 0.041016 0.048828
0 0.138672 0.363281 0.058594 0.042969
0 0.904297 0.315430 0.058594 0.033203
0 0.528320 0.172852 0.044922 0.041016
0 0.834961 0.693359 0.056641 0.042969
0 0.514648 0.697266 0.037109 0.035156
0 0.563477 0.046875 0.052734 0.058594
0 0.833008 0.208984 0.044922 0.042969
0 0.833984 0.868164 0.046875 0.037109
0 0.160156 0.678711 0.058594 0.048828
0 0.778320 0.407227 0.056641 0.044922
0 0.687500 0.069336 0.035156 0.033203
0 0.906250 0.199219 0.046875 0.058594
0 0.375000 0.315430 0.046875 0.052734
0 0.518555 0.964844 0.044922 0.035156
0 0.199219 0.613281 0.031250 0.031250
0 0.235352 0.561523 0.033203 0.044922
0 0.565430 0.796875 0.052734 0.058594
0 0.370117 0.156250 0.033203 0.035156
0 0.064453 0.705078 0.042969 0.050781
0 0.288086 0.668945 0.052734 0.056641
0 0.197266 0.930664 0.039062 0.052734
0 0.071289 0.380859 0.048828 0.035156
0 0.437500 0.078125 0.042969 0.050781
0 0.614258 0.546875 0.041016 0.035156
0 0.918945 0.638672 0.044922 0.050781
0 0.929688 0.515625 0.058594 0.054688
0 0.444336 0.159180 0.056641 0.044922
0 0.715820 0.924805 0.041016 0.037109
0 0.685547 0.301758 0.039062 0.048828
1 0.556641 0.418945 0.179688 0.189453
1 0.665039 0.184570 0.201172 0.138672
1 0.725586 0.747070 0.146484 0.224609
1 0.266602 0.394531 0.138672 0.214844
1 0.325195 0.830078 0.201172 0.140625
1 0.177734 0.124023 0.179688 0.189453