0 0.485547 0.926389 0.017969 0.050000
0 0.461719 0.720139 0.018750 0.029167
0 0.281250 0.312500 0.017188 0.027778
0 0.662891 0.429861 0.017969 0.026389
0 0.282031 0.888194 0.025000 0.034722
0 0.033203 0.610417 0.019531 0.034722
0 0.245312 0.571528 0.023438 0.034722
0 0.069531 0.224306 0.021875 0.029167
0 0.635547 0.320139 0.027344 0.031944
0 0.940625 0.188889 0.028125 0.036111
0 0.242578 0.395833 0.019531 0.027778
0 0.075000 0.854167 0.025000 0.044444
0 0.239063 0.847917 0.025000 0.037500
0 0.775000 0.790278 0.018750 0.050000
0 0.780859 0.593056 0.016406 0.047222
0 0.487109 0.056944 0.024219 0.025000
0 0.299609 0.936111 0.021094 0.036111
0 0.098047 0.136111 0.017969 0.025000
0 0.246484 0.467361 0.021094 0.037500
0 0.422656 0.952083 0.023438 0.048611
0 0.416016 0.655556 0.027344 0.038889
0 0.103516 0.534028 0.019531 0.043056
0 0.891016 0.195833 0.022656 0.030556
0 0.043750 0.535417 0.015625 0.031944
0 0.794531 0.402778 0.021875 0.025000
0 0.698828 0.270833 0.022656 0.033333
0 0.977734 0.722917 0.019531 0.045833
0 0.880469 0.752778 0.015625 0.041667
0 0.228125 0.281944 0.020313 0.025000
0 0.326562 0.743056 0.025000 0.050000
0 0.800391 0.708333 0.016406 0.033333
0 0.026172 0.736806 0.017969 0.045833
0 0.948828 0.871528 0.016406 0.037500
0 0.542188 0.884028 0.020313 0.026389
0 0.048828 0.895139 0.017969 0.045833
0 0.812500 0.448611 0.028125 0.036111
0 0.037891 0.052083 0.016406 0.040278
0 0.261719 0.938194 0.026562 0.043056
0 0.218750 0.392361 0.015625 0.034722
0 0.366406 0.818056 0.021875 0.033333
0 0.804688 0.573611 0.020313 0.038889
0 0.518750 0.936111 0.017188 0.027778
0 0.024219 0.661806 0.028125 0.040278
0 0.464062 0.887500 0.017188 0.038889
0 0.823047 0.381250 0.027344 0.048611
0 0.096484 0.088889 0.014844 0.044444
0 0.446094 0.637500 0.025000 0.025000
0 0.627344 0.389583 0.023438 0.043056
0 0.748047 0.941667 0.025781 0.036111
0 0.788281 0.864583 0.014063 0.040278
0 0.040234 0.256944 0.016406 0.025000
0 0.224219 0.909028 0.014063 0.031944
0 0.744141 0.747917 0.014844 0.029167
0 0.157422 0.044444 0.021094 0.041667
0 0.973437 0.422222 0.015625 0.041667
0 0.266406 0.122917 0.020313 0.043056
0 0.567578 0.127083 0.021094 0.045833
0 0.807813 0.320833 0.017188 0.038889
0 0.875000 0.897222 0.025000 0.027778
0 0.442578 0.781250 0.024219 0.037500
0 0.278125 0.747917 0.021875 0.026389
0 0.744922 0.888889 0.027344 0.047222
0 0.598047 0.195139 0.025781 0.034722
0 0.375391 0.927083 0.019531 0.040278
0 0.059766 0.634722 0.014844 0.041667
0 0.264844 0.236111 0.020313 0.038889
0 0.867188 0.070833 0.025000 0.047222
0 0.964063 0.104167 0.023438 0.047222
0 0.824219 0.728472 0.017188 0.026389
0 0.873437 0.690972 0.020313 0.034722
1 0.486719 0.446528 0.139063 0.287500
1 0.652344 0.843750 0.148438 0.209722
1 0.139063 0.678472 0.128125 0.223611
1 0.146094 0.363194 0.109375 0.281944
1 0.410547 0.145833 0.097656 0.197222
1 0.696094 0.582639 0.128125 0.193056
1 0.901953 0.508333 0.117969 0.305556
1 0.339453 0.514583 0.107031 0.273611