0 0.846875 0.670833 0.026562 0.044444
0 0.216406 0.474306 0.015625 0.040278
0 0.916406 0.437500 0.018750 0.041667
0 0.254688 0.641667 0.025000 0.027778
0 0.203906 0.578472 0.026562 0.026389
0 0.900391 0.925000 0.016406 0.050000
0 0.060937 0.422222 0.023438 0.044444
0 0.034375 0.954167 0.014063 0.027778
0 0.254688 0.105556 0.025000 0.050000
0 0.302344 0.120833 0.021875 0.030556
0 0.613281 0.706250 0.021875 0.040278
0 0.958203 0.829861 0.024219 0.029167
0 0.469141 0.157639 0.019531 0.031944
0 0.496875 0.213889 0.020313 0.041667
0 0.227344 0.705556 0.020313 0.047222
0 0.889453 0.356250 0.027344 0.031944
0 0.547266 0.045833 0.027344 0.027778
0 0.423438 0.227778 0.021875 0.041667
0 0.577344 0.680556 0.015625 0.047222
0 0.518359 0.118750 0.019531 0.045833
0 0.078125 0.482639 0.015625 0.034722
0 0.899609 0.755556 0.024219 0.047222
0 0.940234 0.488194 0.024219 0.034722
0 0.971484 0.220833 0.017969 0.047222
0 0.555859 0.150694 0.027344 0.045833
0 0.916406 0.662500 0.023438 0.050000
0 0.202734 0.077778 0.024219 0.038889
0 0.238672 0.878472 0.019531 0.029167
0 0.034375 0.074306 0.023438 0.045833
0 0.619141 0.545139 0.024219 0.037500
0 0.350000 0.668056 0.026562 0.036111
0 0.073047 0.102778 0.027344 0.025000
0 0.085156 0.546528 0.015625 0.034722
0 0.480469 0.667361 0.015625 0.037500
0 0.937109 0.718750 0.021094 0.029167
0 0.292187 0.843056 0.020313 0.033333
0 0.369531 0.600694 0.017188 0.026389
0 0.617969 0.935417 0.015625 0.029167
0 0.189453 0.526389 0.016406 0.036111
0 0.041797 0.476389 0.025781 0.044444
0 0.310156 0.656944 0.018750 0.033333
0 0.115234 0.128472 0.019531 0.029167
0 0.485938 0.738889 0.023438 0.025000
0 0.573047 0.845833 0.021094 0.050000
0 0.251563 0.832639 0.020313 0.029167
0 0.839453 0.588889 0.017969 0.047222
0 0.912109 0.561806 0.027344 0.031944
0 0.034766 0.693750 0.017969 0.031944
0 0.542188 0.603472 0.023438 0.043056
0 0.726172 0.435417 0.017969 0.029167
0 0.850000 0.736806 0.026562 0.037500
0 0.317969 0.304167 0.015625 0.050000
0 0.277344 0.161806 0.028125 0.026389
0 0.417187 0.656250 0.015625 0.031944
0 0.597656 0.804167 0.014063 0.047222
0 0.748828 0.487500 0.022656 0.044444
0 0.360547 0.125694 0.021094 0.045833
0 0.298438 0.776389 0.015625 0.041667
0 0.162891 0.963194 0.022656 0.029167
0 0.916406 0.836111 0.014063 0.047222
0 0.584766 0.193750 0.021094 0.031944
0 0.765234 0.031250 0.019531 0.026389
0 0.395703 0.077778 0.027344 0.027778
0 0.791797 0.098611 0.022656 0.030556
0 0.460938 0.618056 0.014063 0.050000
0 0.778906 0.475000 0.020313 0.044444
0 0.061328 0.313889 0.024219 0.038889
0 0.600000 0.473611 0.025000 0.041667
0 0.592578 0.528472 0.019531 0.045833
0 0.294141 0.604167 0.014844 0.033333
0 0.444531 0.106944 0.021875 0.038889
0 0.028516 0.415972 0.019531 0.026389
0 0.837500 0.448611 0.018750 0.025000
0 0.676172 0.447917 0.014844 0.026389
0 0.201563 0.761806 0.023438 0.026389
0 0.579297 0.393750 0.022656 0.026389
0 0.797656 0.302778 0.020313 0.038889
0 0.194531 0.957639 0.020313 0.026389
0 0.388281 0.245139 0.026562 0.026389
0 0.521094 0.711806 0.021875 0.040278
0 0.810156 0.368056 0.014063 0.047222
0 0.563672 0.779167 0.024219 0.036111
0 0.667578 0.946528 0.019531 0.048611
0 0.194141 0.800000 0.024219 0.038889
0 0.021484 0.625694 0.014844 0.034722
0 0.767969 0.934722 0.014063 0.033333
0 0.052344 0.597222 0.023438 0.025000
0 0.921484 0.607639 0.025781 0.031944
0 0.491797 0.565972 0.024219 0.026389
0 0.589453 0.101389 0.017969 0.027778
0 0.880078 0.862500 0.017969 0.038889
0 0.311328 0.354861 0.019531 0.031944
0 0.466406 0.216667 0.021875 0.027778
0 0.805078 0.178472 0.022656 0.026389
0 0.855859 0.925000 0.014844 0.041667
0 0.250000 0.032639 0.025000 0.026389
0 0.837500 0.083333 0.020313 0.047222
0 0.206250 0.914583 0.018750 0.040278
0 0.891016 0.462500 0.024219 0.033333
0 0.058594 0.946528 0.014063 0.043056
0 0.971484 0.122917 0.024219 0.048611
1 0.492188 0.392361 0.125000 0.240278
1 0.741016 0.659028 0.169531 0.279167
1 0.386328 0.849306 0.141406 0.187500
1 0.112109 0.756944 0.124219 0.263889
1 0.321094 0.468750 0.153125 0.173611
1 0.686719 0.229167 0.167187 0.302778
1 0.147266 0.297222 0.135156 0.261111