0 0.389648 0.555664 0.037109 0.033203
0 0.375000 0.051758 0.054688 0.052734
0 0.648438 0.720703 0.039062 0.039062
0 0.462891 0.904297 0.031250 0.046875
0 0.515625 0.419922 0.054688 0.046875
0 0.096680 0.710938 0.048828 0.035156
0 0.604492 0.826172 0.033203 0.054688
0 0.680664 0.322266 0.041016 0.039062
0 0.335938 0.244141 0.050781 0.058594
0 0.620117 0.618164 0.033203 0.037109
0 0.251953 0.393555 0.046875 0.041016
0 0.409180 0.152344 0.056641 0.035156
0 0.750000 0.083008 0.042969 0.056641
0 0.041992 0.268555 0.044922 0.052734
0 0.891602 0.758789 0.037109 0.037109
0 0.922852 0.658203 0.037109 0.054688
0 0.112305 0.381836 0.044922 0.056641
0 0.937500 0.857422 0.046875 0.054688
0 0.414062 0.333984 0.054688 0.050781
0 0.220703 0.727539 0.035156 0.033203
0 0.237305 0.792969 0.048828 0.031250
0 0.214844 0.662109 0.046875 0.039062
0 0.369141 0.931641 0.035156 0.042969
0 0.481445 0.573242 0.033203 0.052734
0 0.627930 0.354492 0.033203 0.041016
0 0.592773 0.503906 0.033203 0.031250
0 0.525391 0.293945 0.050781 0.048828
0 0.945312 0.942383 0.031250 0.056641
0 0.784180 0.794922 0.044922 0.035156
0 0.669922 0.811523 0.039062 0.044922
0 0.294922 0.676758 0.046875 0.044922
0 0.853516 0.875977 0.046875 0.041016
0 0.409180 0.608398 0.048828 0.033203
1 0.466797 0.766602 0.226562 0.197266
1 0.587891 0.133789 0.234375 0.181641
1 0.192383 0.192383 0.197266 0.255859
1 0.791992 0.591797 0.208984 0.257812
1 0.137695 0.538086 0.185547 0.185547
1 0.822266 0.253906 0.136719 0.183594
1 0.108398 0.865234 0.173828 0.222656