0 0.927734 0.180664 0.039062 0.041016
0 0.101562 0.745117 0.035156 0.044922
0 0.554688 0.088867 0.054688 0.052734
0 0.535156 0.940430 0.031250 0.052734
0 0.212891 0.917969 0.031250 0.046875
0 0.671875 0.810547 0.058594 0.031250
0 0.949219 0.328125 0.042969 0.039062
0 0.579102 0.542969 0.037109 0.042969
0 0.563477 0.691406 0.037109 0.046875
0 0.589844 0.352539 0.035156 0.056641
0 0.526367 0.577148 0.048828 0.041016
0 0.679688 0.922852 0.050781 0.037109
0 0.919922 0.116211 0.050781 0.048828
0 0.368164 0.168945 0.037109 0.044922
0 0.676758 0.561523 0.056641 0.037109
0 0.636719 0.142578 0.054688 0.035156
0 0.064453 0.928711 0.042969 0.033203
0 0.619141 0.683594 0.050781 0.050781
0 0.919922 0.562500 0.046875 0.031250
0 0.337891 0.528320 0.031250 0.052734
0 0.044922 0.631836 0.058594 0.037109
0 0.055664 0.841797 0.052734 0.031250
0 0.939453 0.246094 0.054688 0.054688
0 0.523438 0.181641 0.058594 0.046875
0 0.433594 0.118164 0.054688 0.052734
0 0.442383 0.955078 0.041016 0.035156
0 0.634766 0.446289 0.058594 0.033203
0 0.126953 0.605469 0.031250 0.058594
0 0.291016 0.904297 0.039062 0.039062
0 0.512695 0.510742 0.037109 0.044922
0 0.656250 0.345703 0.039062 0.042969
0 0.910156 0.451172 0.039062 0.046875
0 0.492188 0.101562 0.039062 0.035156
0 0.329102 0.117188 0.044922 0.042969
0 0.931641 0.508789 0.054688 0.048828
0 0.146484 0.954102 0.054688 0.056641
0 0.378906 0.560547 0.035156 0.050781
1 0.459961 0.336914 0.208984 0.240234
1 0.790039 0.682617 0.259766 0.146484
1 0.781250 0.160156 0.195312 0.226562
1 0.542969 0.816406 0.179688 0.179688
1 0.281250 0.721680 0.246094 0.244141
1 0.185547 0.455078 0.250000 0.218750
1 0.131836 0.173828 0.224609 0.187500
1 0.795898 0.444336 0.138672 0.251953
1 0.818359 0.879883 0.179688 0.142578