0 0.038086 0.083984 0.033203 0.054688
0 0.519531 0.084961 0.039062 0.056641
0 0.871094 0.538086 0.031250 0.052734
0 0.418945 0.894531 0.044922 0.050781
0 0.119141 0.414062 0.050781 0.039062
0 0.309570 0.711914 0.044922 0.044922
0 0.335938 0.217773 0.039062 0.052734
0 0.560547 0.164062 0.046875 0.042969
0 0.904297 0.894531 0.046875 0.046875
0 0.387695 0.786133 0.033203 0.052734
0 0.164062 0.129883 0.058594 0.048828
0 0.266602 0.220703 0.041016 0.031250
0 0.306641 0.286133 0.054688 0.056641
0 0.075195 0.869141 0.048828 0.046875
0 0.493164 0.673828 0.048828 0.035156
0 0.052734 0.279297 0.050781 0.042969
0 0.156250 0.063477 0.042969 0.041016
0 0.908203 0.472656 0.031250 0.054688
0 0.413086 0.707031 0.048828 0.031250
0 0.277344 0.349609 0.035156 0.054688
0 0.392578 0.040039 0.039062 0.033203
0 0.833984 0.109375 0.042969 0.035156
0 0.738281 0.107422 0.039062 0.058594
0 0.241211 0.052734 0.044922 0.046875
0 0.709961 0.399414 0.048828 0.056641
0 0.160156 0.193359 0.039062 0.031250
0 0.183594 0.326172 0.046875 0.042969
0 0.466797 0.807617 0.039062 0.041016
0 0.488281 0.886719 0.042969 0.035156
0 0.579102 0.276367 0.044922 0.052734
0 0.086914 0.336914 0.056641 0.052734
0 0.093750 0.964844 0.050781 0.035156
0 0.315430 0.581055 0.037109 0.056641
0 0.821289 0.580078 0.033203 0.058594
0 0.154297 0.270508 0.046875 0.041016
0 0.909180 0.962891 0.052734 0.039062
0 0.511719 0.461914 0.050781 0.033203
0 0.401367 0.118164 0.037109 0.033203
0 0.645508 0.440430 0.041016 0.037109
0 0.893555 0.118164 0.033203 0.048828
1 0.274414 0.842773 0.158203 0.177734
1 0.452148 0.284180 0.150391 0.248047
1 0.666992 0.563477 0.240234 0.166016
1 0.804688 0.255859 0.261719 0.171875
1 0.847656 0.749023 0.160156 0.142578
1 0.658203 0.819336 0.152344 0.240234
1 0.153320 0.593750 0.228516 0.238281