0 0.515625 0.535417 0.021875 0.037500
0 0.401172 0.312500 0.022656 0.038889
0 0.028906 0.482639 0.023438 0.043056
0 0.608984 0.086806 0.022656 0.040278
0 0.266406 0.112500 0.026562 0.038889
0 0.681641 0.285417 0.025781 0.029167
0 0.605078 0.721528 0.016406 0.029167
0 0.902734 0.937500 0.021094 0.044444
0 0.780078 0.174306 0.017969 0.037500
0 0.617188 0.331250 0.021875 0.031944
0 0.682031 0.497917 0.017188 0.045833
0 0.630078 0.480556 0.014844 0.041667
0 0.930078 0.571528 0.014844 0.043056
0 0.479297 0.956944 0.016406 0.041667
0 0.045312 0.579861 0.014063 0.034722
0 0.701953 0.404167 0.014844 0.033333
0 0.071875 0.961806 0.021875 0.029167
0 0.347266 0.556250 0.016406 0.040278
0 0.598047 0.595833 0.025781 0.033333
0 0.449609 0.484722 0.024219 0.033333
0 0.252344 0.865278 0.014063 0.050000
0 0.333203 0.484028 0.014844 0.045833
0 0.463281 0.111111 0.023438 0.050000
0 0.900000 0.295139 0.020313 0.048611
0 0.089453 0.302083 0.025781 0.040278
0 0.184375 0.125694 0.021875 0.034722
0 0.782031 0.115278 0.020313 0.025000
0 0.845703 0.170833 0.022656 0.036111
0 0.242578 0.043056 0.025781 0.027778
0 0.925391 0.066667 0.016406 0.044444
0 0.410156 0.505556 0.020313 0.038889
0 0.972266 0.578472 0.024219 0.040278
0 0.605469 0.277778 0.021875 0.030556
0 0.019141 0.440278 0.014844 0.030556
0 0.192578 0.867361 0.027344 0.048611
0 0.605859 0.827778 0.025781 0.044444
0 0.503906 0.461111 0.023438 0.050000
0 0.812891 0.141667 0.017969 0.025000
0 0.236719 0.173611 0.026562 0.030556
0 0.917578 0.435417 0.014844 0.029167
0 0.567187 0.577778 0.028125 0.025000
0 0.714453 0.954861 0.022656 0.034722
0 0.737500 0.186806 0.018750 0.048611
0 0.353516 0.168750 0.027344 0.029167
0 0.740625 0.066667 0.017188 0.025000
0 0.964453 0.329167 0.019531 0.030556
0 0.574219 0.107639 0.021875 0.031944
0 0.264453 0.164583 0.019531 0.048611
0 0.460547 0.632639 0.025781 0.040278
0 0.381250 0.045139 0.028125 0.045833
0 0.751953 0.121528 0.016406 0.026389
0 0.379688 0.364583 0.026562 0.048611
0 0.873828 0.186111 0.027344 0.025000
0 0.155078 0.281250 0.014844 0.029167
0 0.097266 0.364583 0.014844 0.026389
0 0.711719 0.104861 0.026562 0.045833
0 0.604688 0.150694 0.018750 0.029167
0 0.338281 0.306250 0.025000 0.037500
0 0.587109 0.407639 0.014844 0.031944
0 0.066016 0.301389 0.014844 0.044444
0 0.222656 0.865278 0.021875 0.044444
0 0.401562 0.093750 0.015625 0.037500
0 0.607031 0.671528 0.021875 0.048611
0 0.343750 0.054167 0.015625 0.025000
0 0.145313 0.397222 0.020313 0.036111
0 0.286719 0.179861 0.014063 0.037500
0 0.900781 0.615278 0.017188 0.025000
0 0.317188 0.352778 0.014063 0.033333
0 0.282031 0.061806 0.020313 0.040278
0 0.887109 0.402083 0.014844 0.045833
0 0.385156 0.411806 0.023438 0.034722
0 0.607422 0.511111 0.016406 0.030556
0 0.536328 0.086111 0.022656 0.033333
0 0.624219 0.933333 0.025000 0.027778
0 0.668359 0.963889 0.022656 0.038889
0 0.433594 0.578472 0.015625 0.026389
0 0.392969 0.606250 0.018750 0.037500
0 0.678906 0.434722 0.025000 0.038889
0 0.163672 0.726389 0.019531 0.033333
0 0.854297 0.959028 0.014844 0.029167
0 0.878906 0.497222 0.017188 0.041667
0 0.297656 0.524306 0.026562 0.026389
0 0.650000 0.138194 0.015625 0.031944
0 0.170703 0.769444 0.024219 0.041667
0 0.580859 0.186806 0.016406 0.026389
0 0.336328 0.402083 0.027344 0.045833
0 0.389453 0.145833 0.024219 0.030556
0 0.636328 0.725000 0.014844 0.041667
0 0.968359 0.405556 0.021094 0.033333
0 0.365625 0.279167 0.018750 0.041667
0 0.183984 0.165278 0.014844 0.030556
0 0.337500 0.612500 0.025000 0.025000
0 0.133203 0.327083 0.017969 0.048611
0 0.570312 0.867361 0.025000 0.048611
0 0.842969 0.078472 0.018750 0.043056
0 0.562109 0.938194 0.017969 0.034722
0 0.648828 0.404861 0.014844 0.031944
0 0.300391 0.125000 0.016406 0.047222
1 0.237500 0.340972 0.112500 0.268056
1 0.457813 0.808333 0.167187 0.236111
1 0.737109 0.772222 0.158594 0.219444
1 0.791406 0.375694 0.145313 0.298611
1 0.503125 0.287500 0.129688 0.277778
1 0.244922 0.675694 0.114844 0.190278
1 0.089063 0.156250 0.107813 0.229167
1 0.083203 0.765278 0.111719 0.275000
1 0.889062 0.762500 0.107813 0.252778