0 0.363281 0.533203 0.050781 0.046875
0 0.076172 0.923828 0.035156 0.039062
0 0.616211 0.929688 0.033203 0.031250
0 0.424805 0.332031 0.056641 0.035156
0 0.139648 0.449219 0.048828 0.039062
0 0.688477 0.086914 0.044922 0.033203
0 0.932617 0.404297 0.033203 0.031250
0 0.316406 0.879883 0.042969 0.041016
0 0.749023 0.693359 0.056641 0.035156
0 0.647461 0.805664 0.041016 0.044922
0 0.366211 0.468750 0.052734 0.046875
0 0.373047 0.609375 0.039062 0.054688
0 0.927734 0.453125 0.054688 0.042969
0 0.072266 0.421875 0.046875 0.058594
0 0.060547 0.734375 0.031250 0.042969
0 0.165039 0.048828 0.033203 0.058594
0 0.653320 0.232422 0.044922 0.046875
0 0.947266 0.541992 0.031250 0.033203
0 0.383789 0.735352 0.037109 0.033203
0 0.274414 0.201172 0.037109 0.031250
0 0.173828 0.919922 0.031250 0.058594
0 0.363281 0.228516 0.035156 0.035156
0 0.892578 0.509766 0.054688 0.035156
0 0.840820 0.659180 0.056641 0.052734
0 0.362305 0.056641 0.037109 0.039062
0 0.099609 0.627930 0.035156 0.033203
0 0.042969 0.572266 0.050781 0.058594
0 0.939453 0.064453 0.058594 0.046875
0 0.113281 0.862305 0.042969 0.056641
0 0.953125 0.639648 0.042969 0.044922
0 0.151367 0.393555 0.041016 0.044922
0 0.672852 0.690430 0.044922 0.041016
1 0.801758 0.212891 0.138672 0.230469
1 0.231445 0.668945 0.185547 0.259766
1 0.120117 0.235352 0.162109 0.232422
1 0.473633 0.869141 0.158203 0.152344
1 0.792969 0.834961 0.203125 0.224609
1 0.515625 0.147461 0.203125 0.251953
1 0.643555 0.488281 0.271484 0.265625