0 0.685937 0.469444 0.021875 0.025000
0 0.798438 0.042361 0.023438 0.029167
0 0.783203 0.682639 0.021094 0.045833
0 0.567969 0.665972 0.017188 0.045833
0 0.622656 0.890972 0.017188 0.048611
0 0.170313 0.332639 0.015625 0.031944
0 0.034375 0.550000 0.025000 0.036111
0 0.725391 0.665972 0.024219 0.034722
0 0.057813 0.208333 0.028125 0.025000
0 0.883594 0.606944 0.014063 0.030556
0 0.850000 0.513194 0.026562 0.029167
0 0.269141 0.738194 0.024219 0.029167
0 0.825000 0.145833 0.020313 0.027778
0 0.052734 0.037500 0.014844 0.027778
0 0.177734 0.872222 0.016406 0.036111
0 0.822266 0.285417 0.017969 0.040278
0 0.323828 0.708333 0.022656 0.044444
0 0.708594 0.489583 0.015625 0.040278
0 0.331250 0.865972 0.014063 0.034722
0 0.675391 0.077083 0.025781 0.031944
0 0.667188 0.534028 0.018750 0.026389
0 0.325000 0.072917 0.026562 0.048611
0 0.892188 0.547917 0.017188 0.034722
0 0.356641 0.786806 0.017969 0.043056
0 0.854688 0.402083 0.028125 0.034722
0 0.060547 0.274306 0.016406 0.045833
0 0.125781 0.831250 0.023438 0.045833
0 0.313281 0.390278 0.023438 0.050000
0 0.821484 0.511111 0.021094 0.030556
0 0.877734 0.463194 0.016406 0.037500
0 0.370703 0.409028 0.016406 0.026389
0 0.788281 0.832639 0.021875 0.040278
0 0.274609 0.907639 0.016406 0.043056
0 0.974609 0.636111 0.021094 0.041667
0 0.033594 0.595139 0.021875 0.029167
0 0.030469 0.272222 0.015625 0.030556
0 0.503516 0.076389 0.022656 0.044444
0 0.388672 0.828472 0.014844 0.034722
0 0.874219 0.952778 0.021875 0.025000
0 0.569922 0.098611 0.021094 0.047222
0 0.688281 0.597222 0.018750 0.047222
0 0.777734 0.190972 0.019531 0.048611
0 0.063672 0.843056 0.024219 0.038889
0 0.303125 0.884028 0.025000 0.037500
0 0.846875 0.601389 0.023438 0.044444
0 0.079297 0.537500 0.022656 0.038889
0 0.382422 0.572917 0.021094 0.026389
0 0.664844 0.652083 0.023438 0.031944
0 0.290234 0.038194 0.014844 0.034722
0 0.024609 0.203472 0.025781 0.043056
0 0.067187 0.087500 0.021875 0.050000
0 0.379297 0.751389 0.019531 0.025000
0 0.848047 0.029167 0.014844 0.025000
0 0.887891 0.403472 0.025781 0.026389
0 0.551172 0.183333 0.022656 0.047222
0 0.750391 0.077778 0.016406 0.041667
0 0.224609 0.090278 0.024219 0.038889
0 0.751563 0.813194 0.014063 0.040278
0 0.117969 0.062500 0.017188 0.041667
0 0.536719 0.659722 0.023438 0.047222
0 0.031641 0.050000 0.017969 0.036111
0 0.310156 0.784028 0.026562 0.043056
0 0.028906 0.652778 0.017188 0.027778
0 0.195703 0.394444 0.017969 0.050000
0 0.619922 0.582639 0.014844 0.031944
0 0.573047 0.725000 0.027344 0.033333
0 0.394531 0.481250 0.017188 0.043056
0 0.720313 0.536111 0.025000 0.036111
0 0.055469 0.927778 0.018750 0.025000
0 0.574609 0.837500 0.024219 0.036111
0 0.500781 0.625694 0.018750 0.043056
0 0.158203 0.079167 0.014844 0.027778
0 0.765625 0.418750 0.023438 0.045833
0 0.604297 0.226389 0.019531 0.033333
0 0.859375 0.556250 0.015625 0.029167
0 0.144922 0.529861 0.014844 0.026389
1 0.904297 0.208333 0.107031 0.297222
1 0.479687 0.823611 0.135937 0.247222
1 0.683203 0.302778 0.102344 0.275000
1 0.523828 0.361111 0.100781 0.275000
1 0.254297 0.538889 0.164844 0.175000
1 0.091406 0.415972 0.121875 0.170833
1 0.689453 0.830556 0.100781 0.252778
1 0.891406 0.801389 0.165625 0.194444
1 0.331641 0.234028 0.100781 0.231944
1 0.174219 0.211111 0.120313 0.183333