0 0.441016 0.851389 0.017969 0.038889
0 0.326562 0.143056 0.014063 0.041667
0 0.460156 0.653472 0.025000 0.048611
0 0.265234 0.911111 0.025781 0.044444
0 0.353125 0.794444 0.015625 0.047222
0 0.397656 0.933333 0.014063 0.047222
0 0.219922 0.793056 0.016406 0.025000
0 0.877344 0.720139 0.025000 0.040278
0 0.325781 0.289583 0.021875 0.037500
0 0.803516 0.452083 0.025781 0.045833
0 0.358984 0.887500 0.027344 0.025000
0 0.124609 0.798611 0.017969 0.044444
0 0.142578 0.097917 0.024219 0.043056
0 0.771094 0.368056 0.026562 0.030556
0 0.799219 0.677778 0.025000 0.030556
0 0.936328 0.784722 0.017969 0.050000
0 0.202734 0.732639 0.027344 0.037500
0 0.834375 0.678472 0.025000 0.026389
0 0.426563 0.087500 0.021875 0.025000
0 0.400391 0.656944 0.017969 0.050000
0 0.497656 0.129167 0.017188 0.025000
0 0.100000 0.079861 0.014063 0.048611
0 0.820703 0.861111 0.025781 0.030556
0 0.969922 0.533333 0.014844 0.027778
0 0.878906 0.641667 0.015625 0.044444
0 0.226562 0.610417 0.025000 0.045833
0 0.886719 0.926389 0.023438 0.033333
0 0.169922 0.861111 0.014844 0.027778
0 0.268359 0.690972 0.027344 0.026389
0 0.634766 0.900000 0.014844 0.036111
0 0.883984 0.590972 0.021094 0.043056
0 0.293750 0.900694 0.023438 0.040278
0 0.331250 0.969444 0.014063 0.027778
0 0.792578 0.611111 0.019531 0.027778
0 0.130469 0.039583 0.018750 0.034722
0 0.961719 0.954167 0.015625 0.044444
0 0.169922 0.775000 0.027344 0.050000
0 0.275000 0.734028 0.025000 0.048611
0 0.058594 0.932639 0.021875 0.043056
0 0.362109 0.306944 0.024219 0.027778
0 0.840625 0.073611 0.025000 0.027778
0 0.167578 0.956250 0.017969 0.040278
0 0.458594 0.893750 0.020313 0.029167
0 0.340234 0.667361 0.022656 0.043056
0 0.933594 0.869444 0.025000 0.041667
0 0.662500 0.962500 0.026562 0.036111
0 0.120313 0.747917 0.025000 0.037500
0 0.948438 0.687500 0.021875 0.027778
0 0.528125 0.538194 0.020313 0.048611
0 0.522656 0.123611 0.014063 0.041667
0 0.252344 0.188889 0.020313 0.030556
0 0.821094 0.298611 0.025000 0.030556
0 0.271875 0.842361 0.015625 0.045833
0 0.517578 0.401389 0.024219 0.036111
0 0.922656 0.929167 0.020313 0.033333
0 0.057031 0.826389 0.023438 0.025000
0 0.034375 0.117361 0.025000 0.034722
0 0.980859 0.274306 0.019531 0.026389
0 0.384375 0.779167 0.028125 0.036111
0 0.349609 0.077083 0.016406 0.037500
0 0.200000 0.854167 0.018750 0.044444
0 0.236719 0.520139 0.020313 0.045833
0 0.902734 0.051389 0.025781 0.050000
0 0.088281 0.468056 0.015625 0.027778
0 0.303516 0.070833 0.019531 0.041667
0 0.520703 0.031944 0.024219 0.025000
0 0.576172 0.944444 0.017969 0.050000
0 0.948438 0.150000 0.025000 0.041667
0 0.451562 0.596528 0.025000 0.029167
0 0.712500 0.327778 0.026562 0.025000
0 0.496094 0.609028 0.020313 0.026389
0 0.397656 0.318056 0.028125 0.036111
0 0.485938 0.919444 0.017188 0.025000
0 0.580078 0.410417 0.019531 0.026389
0 0.972656 0.628472 0.020313 0.026389
0 0.266016 0.036111 0.025781 0.030556
0 0.976172 0.849306 0.021094 0.029167
0 0.835938 0.490278 0.020313 0.041667
0 0.296484 0.398611 0.027344 0.030556
0 0.547656 0.391667 0.018750 0.025000
0 0.901953 0.150000 0.016406 0.025000
0 0.320703 0.790278 0.021094 0.025000
0 0.604297 0.218056 0.016406 0.044444
0 0.370312 0.617361 0.021875 0.031944
0 0.979688 0.118056 0.021875 0.038889
0 0.603516 0.954167 0.016406 0.027778
0 0.397656 0.738194 0.025000 0.034722
1 0.198828 0.307639 0.144531 0.173611
1 0.417578 0.481944 0.164844 0.177778
1 0.151562 0.530556 0.100000 0.205556
1 0.508203 0.265972 0.164844 0.173611
1 0.907031 0.359028 0.104688 0.298611
1 0.716797 0.781944 0.116406 0.269444
1 0.562891 0.797917 0.103906 0.179167
1 0.732422 0.149306 0.167969 0.190278
1 0.691797 0.500000 0.157031 0.216667