0 0.416016 0.510742 0.058594 0.041016
0 0.237305 0.270508 0.033203 0.056641
0 0.621094 0.163086 0.046875 0.048828
0 0.200195 0.073242 0.048828 0.033203
0 0.412109 0.959961 0.031250 0.041016
0 0.929688 0.607422 0.042969 0.058594
0 0.073242 0.356445 0.033203 0.041016
0 0.089844 0.735352 0.046875 0.052734
0 0.174805 0.567383 0.056641 0.048828
0 0.820312 0.531250 0.054688 0.046875
0 0.596680 0.333008 0.037109 0.056641
0 0.269531 0.097656 0.031250 0.035156
0 0.079102 0.071289 0.037109 0.048828
0 0.690430 0.291992 0.044922 0.041016
0 0.554688 0.064453 0.058594 0.042969
0 0.259766 0.870117 0.042969 0.044922
0 0.735352 0.057617 0.056641 0.048828
0 0.920898 0.515625 0.048828 0.039062
0 0.263672 0.576172 0.039062 0.042969
0 0.143555 0.915039 0.041016 0.041016
0 0.697266 0.583984 0.054688 0.031250
0 0.541992 0.643555 0.056641 0.037109
0 0.135742 0.200195 0.056641 0.048828
0 0.596680 0.809570 0.048828 0.052734
0 0.843750 0.058594 0.046875 0.031250
0 0.752930 0.829102 0.033203 0.041016
0 0.126953 0.634766 0.042969 0.058594
0 0.046875 0.209961 0.058594 0.056641
0 0.163086 0.785156 0.041016 0.031250
0 0.672852 0.064453 0.044922 0.031250
0 0.434570 0.394531 0.044922 0.031250
0 0.055664 0.466797 0.041016 0.054688
0 0.181641 0.262695 0.039062 0.037109
0 0.717773 0.226562 0.041016 0.058594
0 0.355469 0.395508 0.050781 0.037109
0 0.652344 0.953125 0.046875 0.050781
0 0.087891 0.878906 0.046875 0.031250
0 0.704102 0.128906 0.048828 0.050781
0 0.517578 0.598633 0.031250 0.033203
0 0.293945 0.192383 0.056641 0.037109
0 0.916992 0.371094 0.056641 0.058594
0 0.720703 0.741211 0.031250 0.048828
1 0.633789 0.463867 0.271484 0.173828
1 0.429688 0.795898 0.250000 0.216797
1 0.460938 0.234375 0.148438 0.148438
1 0.210938 0.440430 0.179688 0.185547
1 0.840820 0.214844 0.169922 0.230469
1 0.893555 0.801758 0.146484 0.236328