0 0.046875 0.450195 0.035156 0.033203
0 0.138672 0.446289 0.031250 0.052734
0 0.232422 0.687500 0.035156 0.042969
0 0.851562 0.870117 0.039062 0.052734
0 0.162109 0.599609 0.054688 0.046875
0 0.618164 0.075195 0.052734 0.052734
0 0.306641 0.879883 0.035156 0.041016
0 0.921875 0.047852 0.031250 0.052734
0 0.467773 0.277344 0.056641 0.035156
0 0.791016 0.576172 0.039062 0.031250
0 0.431641 0.929688 0.050781 0.054688
0 0.598633 0.276367 0.052734 0.048828
0 0.770508 0.908203 0.052734 0.046875
0 0.054688 0.615234 0.054688 0.042969
0 0.381836 0.188477 0.056641 0.041016
0 0.575195 0.956055 0.052734 0.052734
0 0.738281 0.540039 0.050781 0.041016
0 0.749023 0.055664 0.044922 0.041016
0 0.676758 0.060547 0.041016 0.042969
0 0.231445 0.619141 0.033203 0.054688
0 0.954102 0.880859 0.044922 0.035156
0 0.643555 0.914062 0.033203 0.035156
0 0.335938 0.075195 0.039062 0.044922
0 0.684570 0.386719 0.044922 0.031250
0 0.680664 0.857422 0.044922 0.054688
0 0.179688 0.046875 0.039062 0.050781
0 0.549805 0.185547 0.041016 0.039062
0 0.131836 0.508789 0.033203 0.037109
0 0.635742 0.187500 0.044922 0.054688
0 0.825195 0.470703 0.048828 0.058594
0 0.361328 0.925781 0.050781 0.058594
0 0.225586 0.051758 0.037109 0.052734
1 0.520508 0.742188 0.169922 0.226562
1 0.139648 0.836914 0.244141 0.212891
1 0.502930 0.436523 0.259766 0.255859
1 0.805664 0.230469 0.263672 0.265625
1 0.264648 0.442383 0.146484 0.185547
1 0.779297 0.713867 0.273438 0.181641
1 0.191406 0.211914 0.269531 0.205078