0 0.128906 0.719727 0.054688 0.048828
0 0.384766 0.888672 0.054688 0.031250
0 0.501953 0.582031 0.050781 0.035156
0 0.355469 0.450195 0.050781 0.052734
0 0.514648 0.504883 0.037109 0.056641
0 0.069336 0.915039 0.048828 0.041016
0 0.083008 0.123047 0.033203 0.042969
0 0.804688 0.605469 0.039062 0.039062
0 0.475586 0.812500 0.056641 0.050781
0 0.851562 0.650391 0.031250 0.042969
0 0.235352 0.319336 0.052734 0.037109
0 0.132812 0.165039 0.031250 0.048828
0 0.572266 0.798828 0.042969 0.031250
0 0.065430 0.514648 0.052734 0.044922
0 0.118164 0.659180 0.037109 0.033203
0 0.231445 0.233398 0.056641 0.052734
0 0.925781 0.555664 0.039062 0.052734
0 0.605469 0.285156 0.050781 0.050781
0 0.241211 0.077148 0.033203 0.033203
0 0.132812 0.278320 0.046875 0.056641
0 0.591797 0.095703 0.046875 0.031250
0 0.924805 0.164062 0.033203 0.031250
0 0.098633 0.852539 0.037109 0.033203
0 0.689453 0.709961 0.031250 0.033203
0 0.075195 0.615234 0.033203 0.042969
0 0.590820 0.192383 0.048828 0.037109
0 0.436523 0.900391 0.033203 0.050781
0 0.932617 0.886719 0.048828 0.039062
0 0.493164 0.959961 0.056641 0.033203
0 0.932617 0.743164 0.044922 0.033203
0 0.044922 0.679688 0.050781 0.039062
0 0.277344 0.907227 0.050781 0.056641
0 0.966797 0.643555 0.031250 0.041016
0 0.527344 0.697266 0.039062 0.054688
0 0.639648 0.939453 0.033203 0.050781
0 0.958008 0.938477 0.048828 0.044922
0 0.958008 0.110352 0.052734 0.044922
0 0.309570 0.291016 0.044922 0.058594
0 0.611328 0.625977 0.058594 0.041016
0 0.814453 0.362305 0.039062 0.041016
0 0.212891 0.944336 0.050781 0.033203
0 0.362305 0.070312 0.052734 0.042969
0 0.766602 0.367188 0.037109 0.046875
0 0.425781 0.415039 0.039062 0.033203
0 0.222656 0.444336 0.035156 0.033203
0 0.277344 0.527344 0.042969 0.046875
0 0.141602 0.576172 0.037109 0.050781
1 0.659180 0.488281 0.201172 0.171875
1 0.768555 0.181641 0.251953 0.265625
1 0.321289 0.744141 0.185547 0.238281
1 0.752930 0.830078 0.220703 0.140625
1 0.123047 0.386719 0.140625 0.140625
1 0.439453 0.250977 0.171875 0.208984