0 0.791797 0.504861 0.021094 0.034722
0 0.150000 0.859722 0.021875 0.025000
0 0.357422 0.931250 0.027344 0.029167
0 0.566406 0.443056 0.020313 0.038889
0 0.407031 0.207639 0.020313 0.037500
0 0.161328 0.952778 0.027344 0.038889
0 0.317969 0.380556 0.014063 0.050000
0 0.503906 0.841667 0.017188 0.047222
0 0.039062 0.815278 0.020313 0.038889
0 0.979297 0.581944 0.016406 0.047222
0 0.520312 0.961111 0.020313 0.036111
0 0.298828 0.231250 0.021094 0.040278
0 0.959375 0.238194 0.025000 0.048611
0 0.027734 0.234028 0.019531 0.037500
0 0.942969 0.336806 0.017188 0.045833
0 0.200781 0.161806 0.015625 0.026389
0 0.221484 0.802083 0.021094 0.034722
0 0.044922 0.534722 0.021094 0.033333
0 0.944922 0.765278 0.021094 0.047222
0 0.761328 0.104167 0.016406 0.047222
0 0.969141 0.695833 0.021094 0.050000
0 0.889844 0.931944 0.023438 0.027778
0 0.904687 0.353472 0.014063 0.029167
0 0.828516 0.080556 0.016406 0.047222
0 0.036719 0.586111 0.023438 0.038889
0 0.519531 0.907639 0.020313 0.045833
0 0.294141 0.818750 0.014844 0.037500
0 0.033594 0.047222 0.021875 0.050000
0 0.219922 0.881944 0.016406 0.041667
0 0.372656 0.497222 0.017188 0.027778
0 0.157031 0.741667 0.015625 0.030556
0 0.803125 0.897917 0.014063 0.026389
0 0.926562 0.104861 0.017188 0.026389
0 0.036719 0.449306 0.023438 0.043056
0 0.087891 0.491667 0.022656 0.036111
0 0.079687 0.693750 0.014063 0.045833
0 0.528906 0.777083 0.021875 0.045833
0 0.474609 0.906944 0.014844 0.047222
0 0.965234 0.896528 0.014844 0.031944
0 0.397656 0.320139 0.028125 0.043056
0 0.171875 0.075000 0.025000 0.050000
0 0.443750 0.102778 0.015625 0.033333
0 0.585156 0.184722 0.026562 0.033333
0 0.055078 0.636806 0.024219 0.043056
0 0.087500 0.954861 0.020313 0.043056
0 0.600781 0.907639 0.018750 0.031944
0 0.237891 0.358333 0.024219 0.047222
0 0.944922 0.379167 0.014844 0.025000
0 0.228906 0.037500 0.021875 0.027778
0 0.891016 0.556944 0.025781 0.025000
0 0.402344 0.077083 0.028125 0.040278
0 0.841406 0.891667 0.026562 0.027778
0 0.860156 0.045139 0.021875 0.034722
0 0.330469 0.878472 0.028125 0.031944
0 0.430859 0.381944 0.014844 0.027778
0 0.964844 0.939583 0.025000 0.034722
0 0.121484 0.815972 0.027344 0.031944
0 0.920703 0.209722 0.016406 0.050000
0 0.951172 0.466667 0.021094 0.027778
0 0.220312 0.202083 0.020313 0.029167
0 0.260937 0.149306 0.023438 0.037500
0 0.919922 0.407639 0.024219 0.048611
0 0.973047 0.856250 0.021094 0.037500
0 0.527344 0.829167 0.020313 0.025000
0 0.454297 0.056250 0.019531 0.029167
0 0.951953 0.569444 0.014844 0.038889
0 0.553906 0.795139 0.015625 0.043056
0 0.766016 0.226389 0.022656 0.025000
0 0.285156 0.125000 0.018750 0.047222
0 0.852344 0.364583 0.023438 0.045833
0 0.705078 0.913194 0.027344 0.029167
0 0.374219 0.865278 0.026562 0.041667
0 0.357422 0.969444 0.022656 0.025000
0 0.927344 0.159028 0.014063 0.037500
0 0.899609 0.086111 0.027344 0.027778
1 0.851953 0.229861 0.105469 0.198611
1 0.673828 0.402778 0.113281 0.216667
1 0.638672 0.669444 0.108594 0.233333
1 0.206641 0.539583 0.119531 0.229167
1 0.405469 0.702778 0.154688 0.208333
1 0.496484 0.335417 0.102344 0.226389
1 0.821484 0.720139 0.171094 0.201389
1 0.682031 0.174306 0.123438 0.190278