0 0.147656 0.354861 0.020313 0.031944
0 0.456250 0.078472 0.021875 0.048611
0 0.814453 0.372222 0.022656 0.044444
0 0.463281 0.822222 0.014063 0.027778
0 0.585156 0.040278 0.021875 0.033333
0 0.407422 0.204861 0.014844 0.034722
0 0.925781 0.213194 0.018750 0.043056
0 0.704688 0.165972 0.020313 0.045833
0 0.961719 0.796528 0.020313 0.029167
0 0.062891 0.347222 0.025781 0.047222
0 0.973437 0.872917 0.020313 0.040278
0 0.302344 0.130556 0.020313 0.050000
0 0.458594 0.884722 0.021875 0.036111
0 0.547266 0.936111 0.021094 0.038889
0 0.113281 0.447917 0.017188 0.026389
0 0.105078 0.376389 0.017969 0.047222
0 0.210547 0.531250 0.019531 0.034722
0 0.648047 0.616667 0.019531 0.047222
0 0.122656 0.184722 0.020313 0.044444
0 0.309766 0.228472 0.027344 0.029167
0 0.212109 0.354167 0.022656 0.038889
0 0.931641 0.584028 0.025781 0.034722
0 0.207031 0.105556 0.014063 0.033333
0 0.689063 0.292361 0.026562 0.031944
0 0.900781 0.870833 0.026562 0.047222
0 0.916016 0.354861 0.021094 0.040278
0 0.723437 0.388889 0.018750 0.033333
0 0.200391 0.455556 0.017969 0.050000
0 0.689453 0.061806 0.027344 0.045833
0 0.507031 0.102778 0.017188 0.036111
0 0.572266 0.295833 0.019531 0.047222
0 0.040234 0.427778 0.021094 0.038889
0 0.131250 0.279861 0.017188 0.045833
0 0.609766 0.116667 0.025781 0.025000
0 0.933203 0.148611 0.022656 0.025000
0 0.641016 0.927083 0.024219 0.026389
0 0.240625 0.281944 0.028125 0.033333
0 0.050781 0.254167 0.018750 0.036111
0 0.212891 0.211806 0.014844 0.037500
0 0.266797 0.040972 0.025781 0.040278
0 0.895312 0.482639 0.020313 0.037500
0 0.665234 0.672222 0.017969 0.044444
0 0.710156 0.253472 0.025000 0.026389
0 0.381641 0.193056 0.025781 0.038889
0 0.089063 0.052778 0.026562 0.030556
0 0.392578 0.116667 0.017969 0.047222
0 0.503516 0.057639 0.019531 0.037500
0 0.947266 0.731944 0.016406 0.027778
0 0.389062 0.413889 0.018750 0.041667
0 0.579688 0.634722 0.021875 0.047222
0 0.864844 0.369444 0.015625 0.050000
0 0.035156 0.622222 0.028125 0.050000
0 0.054688 0.959722 0.020313 0.027778
0 0.932031 0.946528 0.014063 0.048611
0 0.316797 0.270139 0.019531 0.034722
0 0.361328 0.102778 0.022656 0.041667
0 0.663672 0.181944 0.027344 0.036111
0 0.068750 0.420833 0.015625 0.038889
0 0.043359 0.037500 0.027344 0.027778
0 0.342578 0.305556 0.021094 0.033333
0 0.175000 0.129861 0.014063 0.031944
0 0.939844 0.415278 0.018750 0.036111
0 0.380859 0.934028 0.022656 0.040278
0 0.405078 0.954861 0.014844 0.034722
0 0.631641 0.046528 0.025781 0.026389
0 0.907813 0.131250 0.021875 0.031944
0 0.464844 0.936111 0.023438 0.036111
0 0.536719 0.079861 0.018750 0.037500
0 0.942187 0.288889 0.015625 0.044444
0 0.184766 0.372222 0.016406 0.030556
0 0.297656 0.604861 0.028125 0.026389
0 0.607422 0.172917 0.027344 0.048611
0 0.679297 0.120139 0.024219 0.034722
0 0.171094 0.277083 0.026562 0.043056
0 0.890234 0.072917 0.014844 0.040278
0 0.937500 0.470833 0.025000 0.044444
0 0.970703 0.320833 0.016406 0.050000
0 0.063672 0.880556 0.027344 0.050000
0 0.017578 0.170833 0.016406 0.038889
0 0.399609 0.595139 0.022656 0.026389
0 0.228125 0.104167 0.014063 0.027778
0 0.496094 0.814583 0.017188 0.048611
0 0.916406 0.763889 0.017188 0.038889
0 0.237500 0.178472 0.015625 0.040278
0 0.138672 0.456944 0.024219 0.036111
0 0.468750 0.184722 0.015625 0.033333
0 0.072266 0.206944 0.022656 0.038889
0 0.509375 0.934722 0.020313 0.041667
0 0.287109 0.288889 0.027344 0.036111
0 0.032422 0.700000 0.024219 0.027778
0 0.109766 0.119444 0.017969 0.038889
0 0.026172 0.318056 0.027344 0.044444
0 0.556250 0.164583 0.028125 0.037500
1 0.610156 0.802083 0.157812 0.168056
1 0.458203 0.381944 0.107031 0.288889
1 0.302734 0.463889 0.127344 0.230556
1 0.607422 0.422222 0.127344 0.180556
1 0.768750 0.556944 0.148438 0.272222
1 0.392578 0.743056 0.094531 0.219444
1 0.132812 0.690972 0.109375 0.265278
1 0.805859 0.179167 0.130469 0.241667