0 0.570703 0.193750 0.024219 0.048611
0 0.241406 0.916667 0.028125 0.036111
0 0.457031 0.077778 0.014063 0.025000
0 0.304297 0.572222 0.017969 0.030556
0 0.420703 0.806944 0.024219 0.027778
0 0.966406 0.365972 0.025000 0.048611
0 0.093359 0.831944 0.017969 0.047222
0 0.111328 0.620833 0.016406 0.044444
0 0.378516 0.777778 0.027344 0.025000
0 0.666797 0.647222 0.022656 0.030556
0 0.614062 0.961806 0.018750 0.043056
0 0.492188 0.779167 0.026562 0.030556
0 0.436328 0.733333 0.014844 0.030556
0 0.047656 0.863889 0.014063 0.047222
0 0.053906 0.725694 0.025000 0.040278
0 0.220312 0.475694 0.015625 0.045833
0 0.920703 0.905556 0.022656 0.025000
0 0.053906 0.583333 0.017188 0.050000
0 0.945703 0.558333 0.019531 0.044444
0 0.840234 0.110417 0.021094 0.029167
0 0.867578 0.095139 0.016406 0.040278
0 0.164062 0.270833 0.017188 0.025000
0 0.467969 0.502778 0.018750 0.027778
0 0.111328 0.510417 0.019531 0.029167
0 0.616797 0.079861 0.017969 0.037500
0 0.807813 0.936806 0.020313 0.043056
0 0.053906 0.320139 0.025000 0.045833
0 0.326562 0.497917 0.014063 0.040278
0 0.146484 0.174306 0.017969 0.040278
0 0.585156 0.047917 0.017188 0.026389
0 0.661328 0.106944 0.025781 0.025000
0 0.669922 0.831944 0.027344 0.033333
0 0.399609 0.055556 0.017969 0.030556
0 0.800391 0.546528 0.017969 0.043056
0 0.448047 0.425694 0.022656 0.029167
0 0.253906 0.053472 0.018750 0.040278
0 0.534375 0.474306 0.021875 0.026389
0 0.106641 0.390972 0.025781 0.029167
0 0.589063 0.951389 0.018750 0.044444
0 0.500391 0.424306 0.025781 0.029167
0 0.947656 0.095139 0.023438 0.043056
0 0.332813 0.111806 0.021875 0.034722
0 0.245312 0.128472 0.014063 0.034722
0 0.342187 0.578472 0.020313 0.043056
0 0.875000 0.943750 0.025000 0.043056
0 0.280078 0.443056 0.022656 0.041667
0 0.733203 0.084722 0.027344 0.025000
0 0.399219 0.454861 0.017188 0.031944
0 0.056250 0.412500 0.023438 0.025000
0 0.980078 0.867361 0.014844 0.040278
0 0.385547 0.868056 0.025781 0.050000
0 0.957812 0.227778 0.020313 0.050000
0 0.832422 0.573611 0.021094 0.050000
0 0.098437 0.685417 0.025000 0.037500
0 0.573047 0.309722 0.022656 0.050000
0 0.131641 0.915972 0.024219 0.034722
0 0.456250 0.040972 0.025000 0.026389
0 0.844922 0.425000 0.014844 0.033333
0 0.810156 0.056944 0.015625 0.036111
0 0.173047 0.170833 0.019531 0.044444
0 0.960547 0.436111 0.024219 0.041667
0 0.020313 0.931250 0.021875 0.048611
0 0.107422 0.774306 0.016406 0.040278
0 0.296484 0.934722 0.027344 0.038889
0 0.775781 0.551389 0.015625 0.044444
0 0.340234 0.959722 0.022656 0.027778
0 0.357031 0.622222 0.017188 0.027778
0 0.758594 0.954167 0.026562 0.047222
0 0.673047 0.936111 0.022656 0.025000
0 0.293750 0.113194 0.021875 0.034722
0 0.706250 0.119444 0.017188 0.027778
0 0.466016 0.810417 0.017969 0.029167
0 0.772266 0.031250 0.014844 0.026389
0 0.367188 0.086806 0.017188 0.043056
0 0.154688 0.367361 0.015625 0.043056
0 0.463281 0.565972 0.025000 0.031944
0 0.925000 0.422222 0.023438 0.047222
0 0.427734 0.959722 0.016406 0.036111
0 0.028125 0.666667 0.018750 0.027778
0 0.191797 0.889583 0.014844 0.045833
0 0.842187 0.943056 0.015625 0.047222
0 0.890625 0.062500 0.021875 0.036111
0 0.829297 0.505556 0.025781 0.025000
0 0.534375 0.576389 0.015625 0.033333
0 0.308984 0.279861 0.016406 0.048611
0 0.510156 0.556944 0.023438 0.038889
1 0.621094 0.457639 0.125000 0.218056
1 0.237891 0.289583 0.100781 0.170833
1 0.765234 0.763889 0.150781 0.269444
1 0.416016 0.284722 0.132031 0.172222
1 0.217578 0.723611 0.171094 0.252778
1 0.582422 0.760417 0.124219 0.256944
1 0.822656 0.261806 0.148438 0.226389
1 0.914844 0.722917 0.104688 0.243056
1 0.079297 0.141667 0.100781 0.183333