0 0.691016 0.606250 0.025781 0.045833
0 0.019531 0.660417 0.015625 0.029167
0 0.385547 0.428472 0.022656 0.029167
0 0.298047 0.859722 0.016406 0.041667
0 0.794531 0.180556 0.028125 0.030556
0 0.755469 0.943750 0.018750 0.026389
0 0.445703 0.774306 0.025781 0.048611
0 0.612891 0.093056 0.021094 0.036111
0 0.894922 0.506250 0.017969 0.040278
0 0.625391 0.452083 0.025781 0.029167
0 0.500391 0.811806 0.022656 0.029167
0 0.673438 0.958333 0.028125 0.038889
0 0.898047 0.845833 0.022656 0.033333
0 0.473438 0.086111 0.025000 0.047222
0 0.033594 0.059028 0.014063 0.043056
0 0.048438 0.600694 0.017188 0.040278
0 0.092188 0.045139 0.021875 0.034722
0 0.871875 0.081944 0.025000 0.036111
0 0.072656 0.189583 0.017188 0.034722
0 0.960938 0.393750 0.028125 0.037500
0 0.477734 0.758333 0.021094 0.041667
0 0.859375 0.472222 0.021875 0.027778
0 0.654687 0.330556 0.018750 0.047222
0 0.153125 0.161111 0.017188 0.041667
0 0.621875 0.156250 0.023438 0.043056
0 0.103906 0.226389 0.025000 0.044444
0 0.523828 0.197917 0.014844 0.029167
0 0.691406 0.848611 0.014063 0.050000
0 0.766797 0.753472 0.024219 0.031944
0 0.155078 0.922222 0.027344 0.036111
0 0.919531 0.438889 0.015625 0.047222
0 0.645703 0.504861 0.025781 0.026389
0 0.666016 0.089583 0.027344 0.040278
0 0.362500 0.420139 0.017188 0.031944
0 0.090234 0.645833 0.021094 0.047222
0 0.857031 0.880556 0.020313 0.044444
0 0.819141 0.846528 0.025781 0.043056
0 0.441797 0.855556 0.022656 0.027778
0 0.738672 0.814583 0.024219 0.037500
0 0.944141 0.838889 0.021094 0.050000
0 0.026953 0.790972 0.016406 0.031944
0 0.673047 0.459028 0.021094 0.026389
0 0.043750 0.122222 0.028125 0.027778
0 0.499219 0.911111 0.026562 0.050000
0 0.861719 0.381944 0.021875 0.033333
0 0.435156 0.486806 0.014063 0.026389
0 0.366406 0.897917 0.025000 0.029167
0 0.821484 0.891667 0.021094 0.030556
0 0.455469 0.693056 0.025000 0.041667
0 0.059766 0.813889 0.016406 0.047222
0 0.331641 0.922917 0.024219 0.029167
0 0.966797 0.132639 0.027344 0.031944
0 0.391406 0.473611 0.028125 0.030556
0 0.980078 0.548611 0.019531 0.033333
0 0.477734 0.150000 0.022656 0.025000
0 0.748828 0.900694 0.019531 0.031944
0 0.332813 0.840278 0.020313 0.038889
0 0.783984 0.110417 0.016406 0.048611
0 0.723437 0.472222 0.017188 0.036111
0 0.905469 0.352083 0.018750 0.026389
0 0.740625 0.690278 0.028125 0.041667
0 0.759375 0.620139 0.023438 0.037500
0 0.174219 0.178472 0.015625 0.026389
0 0.166406 0.099306 0.014063 0.034722
0 0.706641 0.346528 0.027344 0.045833
0 0.023438 0.934028 0.020313 0.029167
0 0.260547 0.958333 0.016406 0.041667
0 0.394531 0.770833 0.018750 0.036111
0 0.467187 0.889583 0.015625 0.029167
0 0.469141 0.940972 0.024219 0.026389
0 0.360547 0.469444 0.027344 0.030556
0 0.822266 0.226389 0.014844 0.038889
0 0.187500 0.567361 0.026562 0.029167
0 0.899219 0.438194 0.018750 0.026389
0 0.272656 0.782639 0.015625 0.040278
0 0.903125 0.388194 0.020313 0.034722
0 0.117188 0.099306 0.025000 0.040278
0 0.712891 0.119444 0.016406 0.041667
0 0.951562 0.537500 0.014063 0.047222
0 0.723437 0.412500 0.017188 0.027778
0 0.856641 0.328472 0.024219 0.045833
0 0.454297 0.590278 0.022656 0.036111
0 0.759375 0.229861 0.026562 0.048611
0 0.413281 0.932639 0.021875 0.034722
0 0.960938 0.227778 0.026562 0.050000
0 0.745313 0.275694 0.020313 0.026389
0 0.603125 0.959722 0.020313 0.036111
0 0.879687 0.891667 0.017188 0.033333
0 0.282813 0.402778 0.021875 0.050000
0 0.678516 0.143056 0.027344 0.033333
0 0.264453 0.454167 0.024219 0.030556
0 0.651563 0.227778 0.015625 0.041667
0 0.685156 0.225694 0.014063 0.034722
0 0.917969 0.311111 0.015625 0.027778
0 0.404297 0.109028 0.014844 0.037500
0 0.698828 0.661111 0.016406 0.030556
0 0.525391 0.127083 0.014844 0.031944
0 0.189062 0.960417 0.015625 0.037500
0 0.371484 0.815278 0.025781 0.030556
0 0.060937 0.951389 0.021875 0.027778
0 0.878906 0.199306 0.020313 0.043056
0 0.118359 0.606250 0.017969 0.034722
0 0.720313 0.264583 0.020313 0.037500
0 0.868750 0.831944 0.018750 0.025000
0 0.729688 0.039583 0.017188 0.043056
0 0.076563 0.134722 0.017188 0.044444
0 0.335156 0.776389 0.026562 0.036111
0 0.423438 0.404167 0.015625 0.044444
0 0.945703 0.463889 0.014844 0.030556
0 0.242969 0.403472 0.025000 0.048611
1 0.596094 0.711111 0.148438 0.300000
1 0.788281 0.444444 0.093750 0.291667
1 0.109766 0.401389 0.163281 0.286111
1 0.414453 0.277778 0.100781 0.186111
1 0.175391 0.786806 0.125781 0.198611
1 0.543359 0.339583 0.111719 0.201389
1 0.276562 0.204861 0.126562 0.298611