0 0.782422 0.154167 0.021094 0.033333
0 0.444922 0.600000 0.025781 0.033333
0 0.312109 0.445833 0.027344 0.033333
0 0.077734 0.393056 0.025781 0.036111
0 0.187500 0.946528 0.014063 0.026389
0 0.117969 0.470139 0.014063 0.040278
0 0.440625 0.829167 0.021875 0.033333
0 0.293750 0.494444 0.014063 0.038889
0 0.896875 0.198611 0.015625 0.027778
0 0.337109 0.510417 0.025781 0.034722
0 0.962500 0.776389 0.014063 0.038889
0 0.934766 0.503472 0.022656 0.034722
0 0.698047 0.274306 0.016406 0.048611
0 0.891016 0.875694 0.022656 0.031944
0 0.901563 0.156944 0.018750 0.030556
0 0.629297 0.593750 0.022656 0.026389
0 0.412109 0.552778 0.022656 0.025000
0 0.491406 0.584028 0.026562 0.029167
0 0.523047 0.726389 0.019531 0.047222
0 0.607812 0.934028 0.026562 0.043056
0 0.981250 0.111806 0.018750 0.029167
0 0.037500 0.505556 0.028125 0.041667
0 0.075000 0.798611 0.015625 0.041667
0 0.224609 0.501389 0.014844 0.027778
0 0.530469 0.036806 0.018750 0.026389
0 0.119141 0.834722 0.021094 0.033333
0 0.054688 0.679167 0.015625 0.050000
0 0.420312 0.899306 0.028125 0.040278
0 0.473828 0.865972 0.024219 0.045833
0 0.476953 0.762500 0.019531 0.044444
0 0.096484 0.486111 0.022656 0.025000
0 0.714844 0.326389 0.020313 0.027778
0 0.032813 0.690278 0.014063 0.050000
0 0.393750 0.904167 0.018750 0.033333
0 0.850000 0.089583 0.014063 0.029167
0 0.853516 0.156250 0.021094 0.045833
0 0.389844 0.384722 0.020313 0.050000
0 0.242578 0.968056 0.025781 0.025000
0 0.738281 0.086806 0.017188 0.040278
0 0.921094 0.279167 0.023438 0.050000
0 0.189062 0.800000 0.021875 0.030556
0 0.025391 0.841667 0.024219 0.036111
0 0.520703 0.933333 0.019531 0.038889
0 0.772656 0.798611 0.028125 0.025000
0 0.723828 0.175000 0.022656 0.025000
0 0.314063 0.536806 0.014063 0.043056
0 0.312109 0.288194 0.027344 0.040278
0 0.855859 0.859028 0.027344 0.043056
0 0.131641 0.131250 0.022656 0.029167
0 0.242969 0.034722 0.014063 0.030556
0 0.585156 0.733333 0.025000 0.025000
0 0.881250 0.140972 0.014063 0.037500
0 0.679297 0.920139 0.017969 0.037500
0 0.155859 0.797222 0.024219 0.050000
0 0.269922 0.086806 0.019531 0.034722
0 0.207422 0.839583 0.024219 0.034722
0 0.358594 0.402083 0.020313 0.045833
0 0.964453 0.602083 0.021094 0.043056
0 0.177344 0.663194 0.023438 0.026389
0 0.978125 0.338889 0.014063 0.030556
0 0.505859 0.855556 0.016406 0.038889
0 0.963672 0.155556 0.014844 0.027778
0 0.648047 0.921528 0.017969 0.031944
0 0.713672 0.878472 0.022656 0.031944
0 0.297266 0.925694 0.014844 0.040278
0 0.752344 0.037500 0.014063 0.027778
0 0.108594 0.681250 0.018750 0.029167
0 0.967187 0.695833 0.018750 0.038889
0 0.370312 0.548611 0.017188 0.033333
0 0.735156 0.917361 0.025000 0.029167
0 0.366406 0.587500 0.021875 0.027778
0 0.587891 0.568056 0.014844 0.044444
0 0.071875 0.448611 0.015625 0.041667
1 0.283203 0.714583 0.099219 0.215278
1 0.666406 0.460417 0.115625 0.173611
1 0.673828 0.732639 0.117969 0.187500
1 0.421094 0.206944 0.129688 0.241667
1 0.800781 0.363194 0.114062 0.273611
1 0.104297 0.251389 0.150781 0.172222
1 0.600391 0.193750 0.166406 0.268056
1 0.397266 0.709028 0.096094 0.168056
1 0.870313 0.705556 0.135937 0.244444