0 0.030469 0.904167 0.017188 0.025000
0 0.360547 0.081944 0.024219 0.033333
0 0.439844 0.947917 0.026562 0.043056
0 0.269141 0.192361 0.024219 0.031944
0 0.514844 0.218056 0.025000 0.027778
0 0.057031 0.361111 0.026562 0.030556
0 0.053906 0.425000 0.025000 0.041667
0 0.624219 0.799306 0.020313 0.034722
0 0.394141 0.603472 0.016406 0.043056
0 0.398828 0.401389 0.016406 0.044444
0 0.538281 0.615972 0.023438 0.037500
0 0.471094 0.536111 0.015625 0.030556
0 0.662891 0.129167 0.016406 0.050000
0 0.166797 0.202778 0.014844 0.041667
0 0.308984 0.039583 0.016406 0.043056
0 0.033203 0.148611 0.019531 0.050000
0 0.524609 0.134722 0.022656 0.044444
0 0.153906 0.048611 0.021875 0.047222
0 0.868359 0.074306 0.017969 0.029167
0 0.552344 0.036806 0.018750 0.031944
0 0.760938 0.783333 0.014063 0.041667
0 0.107031 0.828472 0.014063 0.043056
0 0.630469 0.208333 0.017188 0.027778
0 0.655078 0.029861 0.014844 0.026389
0 0.257812 0.141667 0.028125 0.033333
0 0.828906 0.039583 0.025000 0.040278
0 0.750000 0.096528 0.014063 0.026389
0 0.497266 0.566667 0.017969 0.050000
0 0.525391 0.186111 0.027344 0.025000
0 0.566797 0.879861 0.024219 0.040278
0 0.438281 0.613889 0.026562 0.050000
0 0.739844 0.153472 0.023438 0.043056
0 0.427734 0.505556 0.016406 0.038889
0 0.343359 0.928472 0.027344 0.043056
0 0.893750 0.617361 0.018750 0.048611
0 0.652344 0.945833 0.020313 0.030556
0 0.582031 0.249306 0.023438 0.034722
0 0.716406 0.035417 0.017188 0.037500
0 0.146094 0.775000 0.014063 0.041667
0 0.392188 0.181250 0.014063 0.034722
0 0.525000 0.958333 0.014063 0.036111
0 0.978516 0.636806 0.014844 0.043056
0 0.952344 0.799306 0.026562 0.040278
0 0.434766 0.428472 0.017969 0.026389
0 0.582031 0.401389 0.028125 0.047222
0 0.939453 0.094444 0.016406 0.027778
0 0.555469 0.948611 0.018750 0.047222
0 0.062891 0.206944 0.016406 0.044444
0 0.805469 0.888889 0.015625 0.044444
0 0.038672 0.486806 0.017969 0.029167
0 0.091406 0.203472 0.025000 0.031944
0 0.095312 0.350694 0.020313 0.043056
0 0.808203 0.937500 0.025781 0.033333
0 0.772656 0.863889 0.015625 0.030556
0 0.717969 0.847917 0.026562 0.048611
0 0.656250 0.313889 0.021875 0.050000
0 0.833203 0.838889 0.027344 0.038889
0 0.902734 0.813194 0.017969 0.045833
0 0.184375 0.047222 0.021875 0.030556
0 0.796484 0.075694 0.014844 0.040278
0 0.909766 0.731250 0.019531 0.045833
0 0.106250 0.409722 0.020313 0.036111
0 0.717187 0.315972 0.025000 0.040278
0 0.293359 0.115972 0.016406 0.045833
0 0.705078 0.960417 0.014844 0.040278
0 0.617969 0.272917 0.025000 0.029167
0 0.073828 0.944444 0.022656 0.025000
0 0.079297 0.054167 0.022656 0.027778
0 0.134766 0.304167 0.017969 0.047222
0 0.947266 0.595139 0.014844 0.037500
0 0.475391 0.029167 0.021094 0.025000
0 0.925781 0.636111 0.023438 0.025000
0 0.665625 0.203472 0.021875 0.043056
0 0.203906 0.967361 0.021875 0.029167
0 0.387500 0.034028 0.028125 0.034722
0 0.148438 0.259028 0.026562 0.026389
0 0.965234 0.934722 0.014844 0.050000
0 0.145313 0.434722 0.021875 0.050000
0 0.598828 0.745833 0.014844 0.025000
0 0.600781 0.944444 0.018750 0.036111
0 0.934375 0.699306 0.015625 0.040278
0 0.605078 0.202083 0.027344 0.029167
0 0.474609 0.177778 0.027344 0.038889
0 0.096875 0.911111 0.014063 0.041667
0 0.415625 0.239583 0.023438 0.034722
0 0.869531 0.943750 0.015625 0.048611
0 0.650781 0.778472 0.018750 0.026389
0 0.749609 0.354167 0.022656 0.030556
0 0.519922 0.572222 0.019531 0.025000
0 0.601562 0.121528 0.015625 0.037500
0 0.683594 0.822917 0.017188 0.031944
0 0.256250 0.045139 0.014063 0.034722
0 0.687891 0.034722 0.024219 0.036111
0 0.071484 0.764583 0.014844 0.034722
0 0.636719 0.841667 0.017188 0.036111
0 0.571094 0.689583 0.020313 0.034722
0 0.873828 0.865278 0.025781 0.030556
0 0.422266 0.100000 0.016406 0.047222
0 0.580078 0.349306 0.014844 0.043056
0 0.740625 0.404167 0.018750 0.047222
0 0.778125 0.938194 0.028125 0.048611
0 0.615234 0.905556 0.019531 0.027778
0 0.179297 0.355556 0.016406 0.050000
0 0.954297 0.847222 0.017969 0.033333
0 0.741797 0.204861 0.016406 0.026389
0 0.035937 0.526389 0.026562 0.025000
0 0.966406 0.750694 0.025000 0.045833
0 0.950000 0.347222 0.025000 0.030556
1 0.283203 0.403472 0.171094 0.276389
1 0.842187 0.290972 0.126562 0.281944
1 0.811719 0.617361 0.131250 0.234722
1 0.257031 0.772222 0.115625 0.275000
1 0.503906 0.370139 0.096875 0.243056
1 0.654687 0.518056 0.101562 0.305556
1 0.488281 0.788889 0.114062 0.216667
1 0.124609 0.606250 0.107031 0.229167