0 0.385742 0.146484 0.041016 0.035156
0 0.727539 0.791992 0.044922 0.044922
0 0.651367 0.459961 0.048828 0.041016
0 0.942383 0.113281 0.044922 0.039062
0 0.749023 0.062500 0.048828 0.046875
0 0.575195 0.771484 0.044922 0.046875
0 0.563477 0.034180 0.033203 0.033203
0 0.097656 0.100586 0.031250 0.056641
0 0.697266 0.957031 0.039062 0.042969
0 0.619141 0.719727 0.031250 0.041016
0 0.468750 0.904297 0.046875 0.050781
0 0.906250 0.599609 0.039062 0.054688
0 0.060547 0.199219 0.039062 0.054688
0 0.936523 0.775391 0.033203 0.035156
0 0.600586 0.131836 0.052734 0.044922
0 0.646484 0.405273 0.042969 0.033203
0 0.068359 0.355469 0.042969 0.058594
0 0.647461 0.821289 0.056641 0.044922
0 0.953125 0.443359 0.050781 0.054688
0 0.591797 0.859375 0.035156 0.046875
0 0.851562 0.041992 0.039062 0.044922
0 0.462891 0.063477 0.035156 0.037109
0 0.955078 0.557617 0.031250 0.033203
0 0.253906 0.925781 0.046875 0.035156
0 0.804688 0.772461 0.046875 0.041016
0 0.335938 0.191406 0.039062 0.031250
0 0.565430 0.624023 0.033203 0.056641
0 0.358398 0.065430 0.044922 0.033203
0 0.439453 0.485352 0.039062 0.044922
0 0.886719 0.480469 0.035156 0.031250
0 0.124023 0.410156 0.052734 0.054688
0 0.848633 0.429688 0.037109 0.039062
0 0.531250 0.703125 0.042969 0.042969
0 0.419922 0.557617 0.042969 0.056641
0 0.356445 0.264648 0.037109 0.037109
1 0.358398 0.729492 0.201172 0.224609
1 0.205078 0.178711 0.167969 0.255859
1 0.780273 0.597656 0.158203 0.199219
1 0.306641 0.477539 0.164062 0.220703
1 0.767578 0.239258 0.261719 0.255859
1 0.099609 0.625000 0.140625 0.171875
1 0.114258 0.856445 0.154297 0.158203
1 0.868164 0.901367 0.220703 0.158203
1 0.511719 0.290039 0.156250 0.251953