0 0.387695 0.077148 0.048828 0.056641
0 0.913086 0.393555 0.033203 0.037109
0 0.126953 0.391602 0.039062 0.048828
0 0.175781 0.069336 0.058594 0.037109
0 0.119141 0.291016 0.046875 0.039062
0 0.251953 0.112305 0.042969 0.033203
0 0.550781 0.248047 0.050781 0.035156
0 0.659180 0.746094 0.056641 0.035156
0 0.575195 0.705078 0.037109 0.035156
0 0.879883 0.335938 0.048828 0.054688
0 0.154297 0.760742 0.039062 0.037109
0 0.958984 0.482422 0.035156 0.054688
0 0.047852 0.638672 0.033203 0.035156
0 0.497070 0.546875 0.052734 0.046875
0 0.960938 0.117188 0.031250 0.054688
0 0.288086 0.345703 0.052734 0.031250
0 0.470703 0.246094 0.031250 0.058594
0 0.575195 0.409180 0.048828 0.048828
0 0.485352 0.055664 0.052734 0.056641
0 0.058594 0.059570 0.046875 0.052734
0 0.284180 0.394531 0.052734 0.031250
0 0.448242 0.892578 0.048828 0.046875
0 0.140625 0.610352 0.050781 0.052734
0 0.117188 0.813477 0.050781 0.052734
0 0.539062 0.633789 0.039062 0.056641
0 0.586914 0.340820 0.052734 0.052734
0 0.622070 0.630859 0.056641 0.031250
0 0.517578 0.474609 0.054688 0.039062
0 0.060547 0.746094 0.031250 0.054688
0 0.142578 0.465820 0.058594 0.033203
0 0.931641 0.544922 0.046875 0.039062
0 0.884766 0.157227 0.058594 0.033203
0 0.332031 0.759766 0.058594 0.031250
0 0.561523 0.558594 0.033203 0.039062
0 0.077148 0.409180 0.033203 0.044922
0 0.946289 0.263672 0.044922 0.042969
0 0.104492 0.868164 0.037109 0.037109
0 0.082031 0.235352 0.039062 0.052734
0 0.044922 0.476562 0.054688 0.054688
0 0.902344 0.631836 0.058594 0.033203
0 0.136719 0.179688 0.054688 0.054688
0 0.053711 0.958008 0.052734 0.037109
0 0.875000 0.543945 0.039062 0.037109
0 0.789062 0.348633 0.031250 0.037109
0 0.482422 0.174805 0.031250 0.044922
0 0.721680 0.352539 0.041016 0.037109
0 0.604492 0.479492 0.041016 0.044922
0 0.880859 0.695312 0.058594 0.058594
0 0.415039 0.362305 0.044922 0.056641
0 0.463867 0.737305 0.052734 0.033203
1 0.314453 0.215820 0.265625 0.138672
1 0.324219 0.548828 0.273438 0.234375
1 0.760742 0.573242 0.154297 0.236328
1 0.887695 0.865234 0.162109 0.218750
1 0.717773 0.188477 0.232422 0.220703
1 0.286133 0.881836 0.259766 0.173828
1 0.647461 0.869141 0.212891 0.160156