0 0.645508 0.402344 0.037109 0.050781
0 0.562500 0.657227 0.031250 0.056641
0 0.680664 0.500977 0.044922 0.037109
0 0.623047 0.581055 0.031250 0.052734
0 0.372070 0.957031 0.033203 0.039062
0 0.788086 0.372070 0.041016 0.048828
0 0.753906 0.431641 0.058594 0.054688
0 0.610352 0.689453 0.033203 0.031250
0 0.858398 0.351562 0.041016 0.039062
0 0.669922 0.699219 0.042969 0.054688
0 0.480469 0.159180 0.035156 0.041016
0 0.925781 0.348633 0.042969 0.044922
0 0.341797 0.051758 0.039062 0.052734
0 0.352539 0.469727 0.044922 0.052734
0 0.895508 0.042969 0.033203 0.050781
0 0.086914 0.142578 0.041016 0.042969
0 0.827148 0.718750 0.037109 0.039062
0 0.126953 0.216797 0.042969 0.046875
0 0.649414 0.290039 0.056641 0.044922
0 0.090820 0.564453 0.056641 0.046875
0 0.420898 0.201172 0.056641 0.035156
0 0.726562 0.349609 0.046875 0.058594
0 0.140625 0.286133 0.058594 0.048828
0 0.375977 0.654297 0.044922 0.035156
0 0.098633 0.065430 0.052734 0.056641
0 0.071289 0.363281 0.056641 0.046875
0 0.204102 0.925781 0.052734 0.039062
0 0.109375 0.458008 0.035156 0.041016
0 0.051758 0.742188 0.048828 0.039062
0 0.370117 0.557617 0.044922 0.041016
0 0.147461 0.156250 0.037109 0.050781
0 0.885742 0.708008 0.056641 0.037109
0 0.677734 0.581055 0.031250 0.041016
0 0.304688 0.943359 0.039062 0.058594
0 0.463867 0.637695 0.044922 0.033203
0 0.474609 0.098633 0.035156 0.033203
0 0.879883 0.441406 0.041016 0.031250
0 0.423828 0.099609 0.046875 0.046875
0 0.061523 0.217773 0.044922 0.052734
0 0.044922 0.432617 0.046875 0.052734
0 0.316406 0.531250 0.035156 0.039062
0 0.437500 0.289062 0.050781 0.031250
1 0.548828 0.850586 0.218750 0.224609
1 0.849609 0.568359 0.238281 0.203125
1 0.265625 0.249023 0.156250 0.267578
1 0.642578 0.143555 0.265625 0.216797
1 0.217773 0.547852 0.138672 0.205078
1 0.253906 0.780273 0.269531 0.201172
1 0.505859 0.464844 0.171875 0.261719
1 0.881836 0.185547 0.158203 0.218750
1 0.826172 0.850586 0.242188 0.197266