0 0.052734 0.862500 0.017969 0.036111
0 0.275391 0.520139 0.025781 0.037500
0 0.759766 0.068750 0.027344 0.029167
0 0.616016 0.547222 0.024219 0.027778
0 0.811719 0.504167 0.017188 0.038889
0 0.918750 0.415972 0.025000 0.037500
0 0.564453 0.829167 0.021094 0.050000
0 0.292187 0.905556 0.018750 0.025000
0 0.611328 0.781250 0.027344 0.031944
0 0.604297 0.921528 0.019531 0.040278
0 0.869531 0.515972 0.018750 0.040278
0 0.808203 0.929861 0.016406 0.040278
0 0.842969 0.951389 0.015625 0.044444
0 0.958203 0.872222 0.027344 0.025000
0 0.223438 0.624306 0.020313 0.026389
0 0.892578 0.054861 0.027344 0.031944
0 0.568359 0.938194 0.022656 0.029167
0 0.053906 0.429861 0.026562 0.037500
0 0.044141 0.627083 0.024219 0.034722
0 0.291016 0.131250 0.014844 0.026389
0 0.026562 0.372917 0.017188 0.034722
0 0.409375 0.039583 0.018750 0.034722
0 0.721875 0.106944 0.017188 0.044444
0 0.117188 0.459722 0.023438 0.038889
0 0.269141 0.743750 0.022656 0.029167
0 0.763281 0.120139 0.021875 0.048611
0 0.109766 0.077778 0.016406 0.025000
0 0.479297 0.697222 0.017969 0.050000
0 0.353125 0.070139 0.021875 0.031944
0 0.057422 0.133333 0.022656 0.041667
0 0.596094 0.480556 0.020313 0.041667
0 0.938281 0.113889 0.017188 0.036111
0 0.377344 0.945139 0.018750 0.043056
0 0.041406 0.272222 0.025000 0.025000
0 0.259766 0.479167 0.016406 0.030556
0 0.155078 0.894444 0.021094 0.047222
0 0.526953 0.865278 0.019531 0.036111
0 0.607812 0.718056 0.025000 0.038889
0 0.355859 0.204861 0.024219 0.045833
0 0.071484 0.183333 0.027344 0.030556
0 0.696875 0.088194 0.014063 0.031944
0 0.506641 0.252778 0.017969 0.036111
0 0.212109 0.939583 0.024219 0.034722
0 0.186328 0.469444 0.014844 0.038889
0 0.499219 0.573611 0.018750 0.025000
0 0.341797 0.959028 0.022656 0.043056
0 0.911328 0.523611 0.025781 0.050000
0 0.706250 0.918750 0.023438 0.029167
0 0.873047 0.465972 0.014844 0.045833
0 0.228125 0.818750 0.028125 0.031944
0 0.486328 0.895139 0.027344 0.037500
0 0.675781 0.912500 0.017188 0.027778
0 0.569922 0.900000 0.022656 0.033333
0 0.225781 0.772917 0.028125 0.048611
0 0.370703 0.881944 0.022656 0.030556
0 0.648438 0.488194 0.020313 0.048611
0 0.650000 0.950000 0.017188 0.030556
0 0.488281 0.959028 0.015625 0.048611
0 0.337500 0.311806 0.017188 0.029167
0 0.907422 0.120139 0.025781 0.040278
0 0.253516 0.875694 0.022656 0.031944
0 0.064844 0.948611 0.014063 0.025000
0 0.514062 0.931944 0.021875 0.030556
0 0.578906 0.746528 0.021875 0.026389
0 0.066797 0.903472 0.019531 0.034722
0 0.034375 0.072222 0.028125 0.038889
0 0.509766 0.673611 0.025781 0.025000
0 0.292969 0.650000 0.014063 0.050000
0 0.550391 0.481944 0.017969 0.027778
0 0.918750 0.898611 0.025000 0.036111
0 0.046094 0.706944 0.015625 0.033333
0 0.197266 0.050000 0.025781 0.033333
0 0.102344 0.968056 0.023438 0.030556
0 0.305859 0.849306 0.016406 0.037500
0 0.815234 0.705556 0.014844 0.047222
0 0.312891 0.142361 0.021094 0.026389
0 0.344531 0.032639 0.014063 0.031944
0 0.803516 0.417361 0.024219 0.043056
0 0.800391 0.584722 0.016406 0.027778
0 0.538672 0.797222 0.016406 0.025000
0 0.581250 0.568750 0.028125 0.048611
0 0.496094 0.200000 0.014063 0.044444
0 0.457813 0.955556 0.026562 0.030556
0 0.506641 0.098611 0.027344 0.027778
0 0.142969 0.965972 0.025000 0.031944
0 0.764453 0.173611 0.014844 0.030556
0 0.866406 0.075694 0.015625 0.029167
0 0.022266 0.677083 0.016406 0.037500
0 0.973437 0.906944 0.018750 0.025000
0 0.265234 0.438889 0.021094 0.025000
0 0.553125 0.734722 0.021875 0.027778
0 0.251563 0.700694 0.026562 0.026389
0 0.864844 0.386806 0.023438 0.040278
0 0.034375 0.220833 0.014063 0.033333
0 0.516406 0.804167 0.017188 0.033333
0 0.291016 0.071528 0.014844 0.048611
0 0.519531 0.508333 0.018750 0.038889
0 0.839453 0.481250 0.027344 0.045833
0 0.237500 0.536111 0.017188 0.027778
0 0.945703 0.062500 0.025781 0.044444
0 0.589844 0.638194 0.028125 0.045833
1 0.394922 0.446528 0.155469 0.204167
1 0.707031 0.690972 0.146875 0.295833
1 0.390234 0.709722 0.139844 0.269444
1 0.884766 0.253472 0.142969 0.209722
1 0.133203 0.665972 0.135156 0.301389
1 0.717578 0.348611 0.105469 0.300000
1 0.203906 0.291667 0.153125 0.230556
1 0.902344 0.708333 0.140625 0.275000
1 0.593750 0.336806 0.110937 0.215278
1 0.431641 0.203472 0.105469 0.231944