0 0.723633 0.501953 0.056641 0.042969
0 0.738281 0.649414 0.058594 0.041016
0 0.368164 0.726562 0.052734 0.039062
0 0.400391 0.252930 0.058594 0.052734
0 0.292969 0.364258 0.050781 0.037109
0 0.332031 0.955078 0.050781 0.035156
0 0.821289 0.634766 0.041016 0.054688
0 0.962891 0.048828 0.039062 0.046875
0 0.617188 0.551758 0.042969 0.033203
0 0.861328 0.367188 0.031250 0.046875
0 0.810547 0.058594 0.050781 0.046875
0 0.421875 0.768555 0.039062 0.048828
0 0.144531 0.944336 0.031250 0.033203
0 0.870117 0.888672 0.052734 0.031250
0 0.914062 0.942383 0.039062 0.048828
0 0.405273 0.966797 0.044922 0.031250
0 0.579102 0.650391 0.044922 0.039062
0 0.408203 0.142578 0.035156 0.031250
0 0.902344 0.579102 0.050781 0.048828
0 0.302734 0.701172 0.035156 0.042969
0 0.087891 0.641602 0.035156 0.037109
0 0.508789 0.644531 0.037109 0.042969
0 0.186523 0.271484 0.033203 0.046875
0 0.742188 0.074219 0.046875 0.046875
0 0.096680 0.337891 0.056641 0.054688
0 0.070312 0.191406 0.042969 0.039062
0 0.772461 0.427734 0.048828 0.046875
0 0.777344 0.349609 0.031250 0.046875
0 0.382812 0.540039 0.035156 0.037109
0 0.780273 0.714844 0.037109 0.039062
0 0.939453 0.464844 0.046875 0.050781
0 0.392578 0.460938 0.042969 0.054688
0 0.383789 0.893555 0.044922 0.033203
1 0.614258 0.846680 0.251953 0.251953
1 0.862305 0.206055 0.236328 0.201172
1 0.233398 0.124023 0.208984 0.146484
1 0.560547 0.112305 0.246094 0.162109
1 0.166016 0.503906 0.253906 0.164062
1 0.158203 0.767578 0.199219 0.187500
1 0.504883 0.494141 0.142578 0.144531