0 0.881641 0.809722 0.014844 0.038889
0 0.305078 0.854861 0.025781 0.029167
0 0.958984 0.195139 0.025781 0.029167
0 0.798438 0.393056 0.015625 0.036111
0 0.599609 0.104861 0.024219 0.040278
0 0.306250 0.302778 0.021875 0.027778
0 0.775000 0.323611 0.020313 0.044444
0 0.455469 0.497917 0.021875 0.029167
0 0.025391 0.561806 0.014844 0.040278
0 0.090625 0.125000 0.020313 0.047222
0 0.354687 0.498611 0.014063 0.033333
0 0.826172 0.621528 0.021094 0.031944
0 0.851562 0.906944 0.023438 0.027778
0 0.089844 0.920139 0.014063 0.031944
0 0.121094 0.934722 0.023438 0.038889
0 0.264453 0.092361 0.024219 0.031944
0 0.025781 0.074306 0.018750 0.026389
0 0.871094 0.651389 0.017188 0.044444
0 0.145703 0.036806 0.014844 0.034722
0 0.820312 0.754861 0.015625 0.048611
0 0.556641 0.102778 0.016406 0.038889
0 0.110156 0.043750 0.018750 0.048611
0 0.301172 0.252778 0.019531 0.025000
0 0.032031 0.516667 0.025000 0.030556
0 0.504297 0.118750 0.016406 0.034722
0 0.331641 0.245139 0.025781 0.048611
0 0.017188 0.773611 0.015625 0.044444
0 0.610156 0.211806 0.025000 0.026389
0 0.587891 0.948611 0.019531 0.047222
0 0.790625 0.911111 0.017188 0.041667
0 0.413672 0.461806 0.022656 0.034722
0 0.292187 0.036806 0.021875 0.037500
0 0.355469 0.827778 0.021875 0.044444
0 0.859375 0.036111 0.028125 0.038889
0 0.799609 0.580556 0.021094 0.033333
0 0.637109 0.588889 0.024219 0.047222
0 0.578906 0.211806 0.017188 0.048611
0 0.752344 0.853472 0.028125 0.037500
0 0.969531 0.768056 0.028125 0.025000
0 0.053906 0.925000 0.026562 0.044444
0 0.166016 0.813889 0.019531 0.025000
0 0.973437 0.905556 0.028125 0.027778
0 0.228906 0.880556 0.028125 0.033333
0 0.942187 0.752778 0.014063 0.050000
0 0.182812 0.950694 0.028125 0.045833
0 0.486719 0.955556 0.025000 0.038889
0 0.307422 0.112500 0.021094 0.027778
0 0.902734 0.625694 0.019531 0.031944
0 0.688672 0.860417 0.016406 0.040278
0 0.047656 0.052083 0.017188 0.037500
0 0.433594 0.590972 0.025000 0.043056
0 0.811328 0.507639 0.027344 0.034722
0 0.805078 0.344444 0.022656 0.041667
0 0.642969 0.899306 0.017188 0.043056
0 0.903516 0.756250 0.017969 0.045833
0 0.485547 0.473611 0.014844 0.038889
0 0.200000 0.111806 0.026562 0.043056
0 0.353516 0.771528 0.016406 0.040278
0 0.119922 0.842361 0.014844 0.040278
0 0.922266 0.298611 0.025781 0.027778
0 0.359375 0.193056 0.017188 0.025000
0 0.766016 0.471528 0.019531 0.031944
0 0.338672 0.944444 0.027344 0.036111
0 0.375391 0.925000 0.022656 0.030556
0 0.159766 0.847917 0.014844 0.031944
0 0.799609 0.861806 0.027344 0.026389
0 0.261719 0.877083 0.015625 0.040278
0 0.087500 0.834722 0.028125 0.050000
0 0.492969 0.527083 0.014063 0.045833
0 0.905078 0.163194 0.019531 0.037500
0 0.325000 0.150000 0.021875 0.027778
0 0.320703 0.386111 0.016406 0.038889
0 0.053125 0.468056 0.025000 0.025000
0 0.054688 0.375000 0.026562 0.027778
0 0.856250 0.866667 0.026562 0.041667
0 0.934766 0.879167 0.016406 0.044444
0 0.025391 0.305556 0.025781 0.025000
0 0.261719 0.047917 0.026562 0.040278
0 0.477734 0.617361 0.014844 0.031944
0 0.942187 0.032639 0.017188 0.026389
0 0.442188 0.063194 0.020313 0.040278
0 0.045312 0.781944 0.028125 0.041667
0 0.067187 0.229167 0.023438 0.036111
0 0.475391 0.084722 0.024219 0.036111
0 0.810937 0.925694 0.017188 0.034722
0 0.941406 0.962500 0.023438 0.036111
0 0.957031 0.266667 0.026562 0.033333
0 0.952344 0.454167 0.014063 0.038889
0 0.751563 0.902778 0.025000 0.036111
0 0.357422 0.572917 0.017969 0.031944
0 0.665234 0.597222 0.022656 0.038889
0 0.440234 0.137500 0.016406 0.050000
0 0.558594 0.327778 0.021875 0.030556
0 0.347656 0.436806 0.015625 0.045833
0 0.421484 0.941667 0.021094 0.027778
0 0.929688 0.204861 0.025000 0.031944
0 0.639844 0.721528 0.014063 0.031944
0 0.948828 0.086111 0.021094 0.036111
0 0.031250 0.234028 0.023438 0.034722
1 0.457422 0.304861 0.169531 0.259722
1 0.275391 0.627083 0.125781 0.290278
1 0.673828 0.385417 0.153906 0.279167
1 0.569141 0.776389 0.108594 0.250000
1 0.889062 0.450694 0.101562 0.240278
1 0.735938 0.733333 0.129688 0.186111
1 0.183203 0.298611 0.158594 0.258333
1 0.445312 0.775694 0.106250 0.218056
1 0.136328 0.638194 0.108594 0.281944
1 0.826172 0.183333 0.119531 0.186111