0 0.413086 0.307617 0.052734 0.056641
0 0.641602 0.902344 0.041016 0.035156
0 0.505859 0.957031 0.050781 0.046875
0 0.603516 0.263672 0.050781 0.046875
0 0.329102 0.291016 0.037109 0.054688
0 0.259766 0.851562 0.039062 0.050781
0 0.916016 0.101562 0.039062 0.054688
0 0.046875 0.679688 0.035156 0.054688
0 0.163086 0.820312 0.056641 0.035156
0 0.076172 0.886719 0.058594 0.039062
0 0.139648 0.041992 0.048828 0.052734
0 0.849609 0.757812 0.058594 0.046875
0 0.340820 0.963867 0.056641 0.037109
0 0.320312 0.410156 0.054688 0.039062
0 0.938477 0.836914 0.044922 0.037109
0 0.078125 0.731445 0.046875 0.033203
0 0.800781 0.938477 0.035156 0.044922
0 0.906250 0.895508 0.046875 0.044922
0 0.391602 0.418945 0.033203 0.037109
0 0.444336 0.583984 0.037109 0.046875
0 0.791016 0.835938 0.039062 0.031250
0 0.484375 0.708984 0.050781 0.058594
0 0.176758 0.907227 0.033203 0.044922
0 0.951172 0.038086 0.046875 0.041016
0 0.084961 0.132812 0.048828 0.058594
0 0.042969 0.822266 0.042969 0.050781
0 0.462891 0.260742 0.031250 0.044922
0 0.500977 0.638672 0.033203 0.031250
0 0.863281 0.184570 0.054688 0.044922
0 0.422852 0.484375 0.052734 0.031250
0 0.741211 0.945312 0.056641 0.039062
0 0.204102 0.454102 0.056641 0.033203
0 0.212891 0.737305 0.046875 0.037109
0 0.947266 0.186523 0.058594 0.033203
0 0.594727 0.951172 0.037109 0.042969
0 0.141602 0.961914 0.052734 0.041016
0 0.928711 0.761719 0.044922 0.031250
0 0.494141 0.102539 0.054688 0.041016
0 0.569336 0.350586 0.037109 0.037109
1 0.413086 0.833008 0.212891 0.173828
1 0.656250 0.135742 0.234375 0.173828
1 0.211914 0.589844 0.267578 0.214844
1 0.635742 0.536133 0.185547 0.185547
1 0.317383 0.127930 0.271484 0.146484
1 0.664062 0.766602 0.164062 0.197266
1 0.883789 0.606445 0.154297 0.232422
1 0.177734 0.331055 0.210938 0.185547
1 0.809570 0.338867 0.251953 0.138672