0 0.513672 0.369141 0.031250 0.042969
0 0.890625 0.935547 0.039062 0.054688
0 0.829102 0.750000 0.048828 0.046875
0 0.890625 0.794922 0.035156 0.054688
0 0.152344 0.293945 0.058594 0.041016
0 0.583984 0.905273 0.031250 0.056641
0 0.712891 0.539062 0.058594 0.046875
0 0.361328 0.660156 0.039062 0.050781
0 0.905273 0.708984 0.048828 0.042969
0 0.375000 0.561523 0.042969 0.037109
0 0.448242 0.706055 0.052734 0.041016
0 0.115234 0.952148 0.050781 0.033203
0 0.738281 0.930664 0.035156 0.056641
0 0.560547 0.134766 0.050781 0.054688
0 0.165039 0.573242 0.041016 0.037109
0 0.948242 0.545898 0.048828 0.056641
0 0.277344 0.751953 0.031250 0.031250
0 0.533203 0.041992 0.039062 0.041016
0 0.670898 0.951172 0.056641 0.039062
0 0.963867 0.244141 0.041016 0.039062
0 0.359375 0.325195 0.035156 0.033203
0 0.083984 0.331055 0.031250 0.052734
0 0.176758 0.399414 0.037109 0.033203
0 0.949219 0.781250 0.050781 0.035156
0 0.055664 0.603516 0.033203 0.031250
0 0.821289 0.636719 0.037109 0.050781
0 0.794922 0.861328 0.054688 0.031250
0 0.114258 0.692383 0.041016 0.037109
0 0.676758 0.378906 0.041016 0.039062
0 0.962891 0.902344 0.042969 0.039062
0 0.571289 0.530273 0.048828 0.044922
0 0.039062 0.409180 0.042969 0.033203
0 0.175781 0.460938 0.031250 0.058594
0 0.660156 0.069336 0.042969 0.052734
0 0.808594 0.338867 0.042969 0.056641
0 0.119141 0.635742 0.042969 0.048828
0 0.611328 0.373047 0.035156 0.046875
0 0.941406 0.844727 0.046875 0.044922
0 0.445312 0.610352 0.050781 0.056641
0 0.807617 0.557617 0.041016 0.041016
0 0.732422 0.303711 0.042969 0.044922
0 0.345703 0.757812 0.031250 0.058594
0 0.244141 0.625000 0.039062 0.042969
0 0.968750 0.363281 0.031250 0.042969
0 0.917969 0.301758 0.035156 0.044922
0 0.626953 0.840820 0.035156 0.037109
0 0.883789 0.059570 0.033203 0.037109
0 0.676758 0.457031 0.056641 0.050781
0 0.462891 0.773438 0.039062 0.046875
0 0.034180 0.945312 0.037109 0.039062
1 0.625000 0.260742 0.156250 0.162109
1 0.363281 0.138672 0.265625 0.156250
1 0.336914 0.446289 0.259766 0.154297
1 0.651367 0.699219 0.259766 0.210938
1 0.393555 0.892578 0.201172 0.164062
1 0.140625 0.821289 0.187500 0.189453
1 0.829102 0.179688 0.197266 0.160156
1 0.131836 0.147461 0.146484 0.162109
1 0.838867 0.456055 0.150391 0.138672