0 0.932813 0.431944 0.020313 0.030556
0 0.041406 0.813889 0.018750 0.033333
0 0.103906 0.523611 0.021875 0.030556
0 0.959766 0.811111 0.022656 0.050000
0 0.716797 0.096528 0.027344 0.029167
0 0.035547 0.647917 0.022656 0.037500
0 0.912891 0.906250 0.019531 0.048611
0 0.966797 0.256944 0.017969 0.041667
0 0.355078 0.902083 0.017969 0.043056
0 0.387500 0.668056 0.014063 0.050000
0 0.125000 0.156250 0.017188 0.031944
0 0.374219 0.966667 0.028125 0.025000
0 0.087500 0.147917 0.017188 0.048611
0 0.920312 0.325000 0.021875 0.033333
0 0.512500 0.754861 0.020313 0.029167
0 0.340625 0.164583 0.018750 0.026389
0 0.230078 0.126389 0.027344 0.041667
0 0.033984 0.868056 0.024219 0.047222
0 0.944531 0.618056 0.017188 0.044444
0 0.044922 0.919444 0.019531 0.033333
0 0.091406 0.673611 0.015625 0.030556
0 0.964453 0.140972 0.014844 0.048611
0 0.633594 0.715972 0.018750 0.043056
0 0.722656 0.422917 0.026562 0.043056
0 0.597266 0.409722 0.024219 0.044444
0 0.866016 0.862500 0.017969 0.036111
0 0.569922 0.402778 0.016406 0.027778
0 0.023828 0.331944 0.017969 0.025000
0 0.320703 0.678472 0.022656 0.045833
0 0.382812 0.776389 0.028125 0.044444
0 0.286719 0.074306 0.014063 0.029167
0 0.126953 0.473611 0.022656 0.033333
0 0.971094 0.563194 0.026562 0.037500
0 0.659766 0.084722 0.027344 0.030556
0 0.364453 0.254167 0.019531 0.041667
0 0.317188 0.730556 0.018750 0.047222
0 0.978125 0.879167 0.021875 0.036111
0 0.236328 0.070833 0.025781 0.050000
0 0.030859 0.179167 0.016406 0.033333
0 0.108203 0.756250 0.022656 0.040278
0 0.054297 0.477778 0.016406 0.044444
0 0.971484 0.403472 0.024219 0.026389
0 0.950391 0.738889 0.027344 0.025000
0 0.720703 0.247917 0.014844 0.040278
0 0.748047 0.060417 0.021094 0.034722
0 0.112500 0.890972 0.021875 0.026389
0 0.385156 0.207639 0.014063 0.043056
0 0.105078 0.616667 0.016406 0.047222
0 0.848437 0.039583 0.017188 0.029167
0 0.699609 0.046528 0.021094 0.040278
0 0.062109 0.558333 0.021094 0.030556
0 0.302734 0.815972 0.017969 0.043056
0 0.321094 0.077778 0.021875 0.038889
0 0.029687 0.558333 0.021875 0.038889
0 0.754687 0.372222 0.017188 0.030556
0 0.939844 0.890972 0.015625 0.045833
0 0.923828 0.125694 0.024219 0.029167
0 0.157031 0.078472 0.026562 0.045833
0 0.974609 0.490972 0.016406 0.045833
0 0.838672 0.431944 0.014844 0.041667
0 0.026172 0.128472 0.025781 0.026389
0 0.279297 0.714583 0.017969 0.029167
0 0.374219 0.300000 0.018750 0.038889
0 0.023047 0.053472 0.021094 0.029167
0 0.282031 0.872917 0.014063 0.031944
0 0.067969 0.902778 0.018750 0.041667
0 0.771484 0.810417 0.016406 0.026389
0 0.603906 0.693056 0.015625 0.044444
0 0.091406 0.444444 0.025000 0.030556
0 0.844531 0.904861 0.018750 0.040278
0 0.329297 0.787500 0.024219 0.036111
0 0.214453 0.174306 0.027344 0.040278
0 0.647266 0.037500 0.016406 0.036111
0 0.936719 0.281250 0.021875 0.043056
0 0.414844 0.750694 0.017188 0.029167
0 0.791406 0.811806 0.017188 0.031944
0 0.720313 0.166667 0.017188 0.025000
0 0.685156 0.331250 0.014063 0.037500
0 0.053125 0.717361 0.023438 0.045833
0 0.053906 0.149306 0.014063 0.040278
0 0.580078 0.206944 0.014844 0.036111
1 0.123828 0.317361 0.152344 0.198611
1 0.834766 0.193056 0.135156 0.238889
1 0.199219 0.722222 0.114062 0.275000
1 0.488281 0.599306 0.140625 0.251389
1 0.650000 0.213889 0.114062 0.177778
1 0.821484 0.661806 0.158594 0.237500
1 0.478906 0.211111 0.159375 0.288889
1 0.528516 0.866667 0.127344 0.172222
1 0.643359 0.556250 0.094531 0.193056
1 0.280859 0.361806 0.127344 0.268056