0 0.744141 0.759766 0.058594 0.031250
0 0.913086 0.330078 0.044922 0.035156
0 0.289062 0.886719 0.058594 0.042969
0 0.820312 0.852539 0.035156 0.052734
0 0.646484 0.036133 0.031250 0.033203
0 0.835938 0.458984 0.031250 0.050781
0 0.467773 0.384766 0.044922 0.039062
0 0.810547 0.647461 0.039062 0.033203
0 0.161133 0.448242 0.037109 0.048828
0 0.748047 0.703125 0.046875 0.039062
0 0.333008 0.072266 0.041016 0.058594
0 0.057617 0.730469 0.052734 0.039062
0 0.741211 0.869141 0.033203 0.058594
0 0.911133 0.095703 0.037109 0.031250
0 0.435547 0.643555 0.042969 0.044922
0 0.941406 0.660156 0.054688 0.058594
0 0.539062 0.793945 0.039062 0.044922
0 0.618164 0.407227 0.037109 0.044922
0 0.929688 0.265625 0.046875 0.050781
0 0.423828 0.437500 0.058594 0.042969
0 0.675781 0.666016 0.039062 0.054688
0 0.282227 0.818359 0.056641 0.046875
0 0.623047 0.746094 0.031250 0.046875
0 0.906250 0.207031 0.035156 0.039062
0 0.520508 0.057617 0.037109 0.056641
0 0.887695 0.523438 0.044922 0.054688
0 0.503906 0.547852 0.039062 0.056641
0 0.626953 0.683594 0.039062 0.035156
0 0.109375 0.763672 0.035156 0.042969
0 0.934570 0.400391 0.033203 0.031250
0 0.826172 0.769531 0.031250 0.050781
0 0.288086 0.338867 0.037109 0.037109
0 0.112305 0.605469 0.044922 0.039062
0 0.365234 0.941406 0.039062 0.046875
0 0.500977 0.725586 0.052734 0.033203
0 0.224609 0.905273 0.035156 0.041016
0 0.434570 0.548828 0.044922 0.050781
0 0.873047 0.044922 0.046875 0.050781
1 0.742188 0.208008 0.214844 0.212891
1 0.465820 0.216797 0.205078 0.187500
1 0.611328 0.903320 0.203125 0.150391
1 0.243164 0.593750 0.138672 0.214844
1 0.165039 0.257812 0.193359 0.257812
1 0.678711 0.522461 0.251953 0.154297