0 0.258594 0.296528 0.017188 0.045833
0 0.953125 0.911111 0.014063 0.025000
0 0.490625 0.732639 0.023438 0.037500
0 0.290625 0.672222 0.028125 0.050000
0 0.570703 0.606944 0.014844 0.038889
0 0.037891 0.045139 0.024219 0.040278
0 0.311719 0.152083 0.017188 0.048611
0 0.864844 0.175000 0.014063 0.047222
0 0.309375 0.952083 0.023438 0.029167
0 0.908594 0.680556 0.025000 0.030556
0 0.778516 0.130556 0.027344 0.044444
0 0.183984 0.054167 0.024219 0.044444
0 0.347266 0.116667 0.016406 0.025000
0 0.260937 0.109028 0.025000 0.029167
0 0.899219 0.297222 0.021875 0.033333
0 0.738672 0.667361 0.014844 0.029167
0 0.344922 0.203472 0.017969 0.031944
0 0.544922 0.932639 0.025781 0.037500
0 0.973047 0.216667 0.017969 0.041667
0 0.491016 0.343750 0.027344 0.026389
0 0.807422 0.699306 0.024219 0.026389
0 0.243750 0.443750 0.028125 0.031944
0 0.748047 0.722222 0.019531 0.050000
0 0.793359 0.337500 0.024219 0.038889
0 0.710547 0.275694 0.017969 0.037500
0 0.766406 0.902778 0.017188 0.041667
0 0.533203 0.581250 0.027344 0.048611
0 0.822656 0.755556 0.021875 0.047222
0 0.627344 0.036111 0.021875 0.038889
0 0.816016 0.830556 0.019531 0.033333
0 0.782422 0.740278 0.022656 0.027778
0 0.973437 0.320139 0.014063 0.037500
0 0.694922 0.793750 0.017969 0.045833
0 0.093750 0.836111 0.018750 0.038889
0 0.032422 0.579861 0.024219 0.031944
0 0.123438 0.452778 0.018750 0.030556
0 0.799219 0.886111 0.021875 0.047222
0 0.971875 0.955556 0.018750 0.047222
0 0.336719 0.272222 0.023438 0.027778
0 0.048047 0.528472 0.024219 0.045833
0 0.578125 0.372222 0.023438 0.044444
0 0.618750 0.886111 0.014063 0.033333
0 0.596094 0.080556 0.028125 0.030556
0 0.112891 0.903472 0.022656 0.029167
0 0.180469 0.847222 0.028125 0.038889
0 0.841016 0.704167 0.019531 0.036111
0 0.500781 0.476389 0.015625 0.036111
0 0.775781 0.670139 0.017188 0.040278
0 0.771484 0.795833 0.016406 0.030556
0 0.094531 0.459722 0.018750 0.047222
0 0.262891 0.347917 0.017969 0.026389
0 0.870703 0.779861 0.025781 0.029167
0 0.451953 0.727778 0.024219 0.038889
0 0.560156 0.240972 0.017188 0.034722
0 0.280469 0.443750 0.026562 0.029167
0 0.306250 0.781250 0.025000 0.043056
0 0.591016 0.486806 0.017969 0.045833
0 0.302344 0.045139 0.021875 0.037500
0 0.905859 0.731250 0.021094 0.037500
0 0.830859 0.358333 0.022656 0.044444
0 0.230469 0.379167 0.015625 0.033333
0 0.301563 0.372917 0.017188 0.031944
0 0.241016 0.048611 0.017969 0.047222
0 0.912500 0.953472 0.025000 0.029167
0 0.925000 0.806944 0.020313 0.030556
0 0.023438 0.827083 0.025000 0.026389
0 0.910156 0.127083 0.028125 0.045833
0 0.035156 0.466667 0.021875 0.041667
0 0.589453 0.553472 0.027344 0.031944
0 0.029687 0.391667 0.015625 0.027778
0 0.427734 0.361806 0.014844 0.048611
0 0.205078 0.281250 0.017969 0.045833
0 0.685156 0.966667 0.026562 0.030556
0 0.600000 0.202778 0.028125 0.036111
0 0.550391 0.037500 0.025781 0.030556
0 0.155859 0.434028 0.024219 0.043056
0 0.098828 0.397917 0.021094 0.034722
0 0.878516 0.647222 0.025781 0.050000
0 0.485938 0.627083 0.026562 0.029167
0 0.505859 0.570139 0.014844 0.048611
0 0.933594 0.260417 0.020313 0.037500
0 0.873828 0.941667 0.017969 0.044444
0 0.210156 0.163889 0.026562 0.030556
0 0.803906 0.086806 0.015625 0.031944
0 0.078516 0.710417 0.017969 0.043056
0 0.390234 0.312500 0.014844 0.041667
0 0.454688 0.604167 0.014063 0.033333
0 0.803516 0.664583 0.025781 0.031944
0 0.912891 0.899306 0.017969 0.026389
0 0.020313 0.122917 0.014063 0.037500
0 0.853906 0.529861 0.014063 0.029167
0 0.724609 0.895833 0.025781 0.038889
0 0.526953 0.347917 0.021094 0.043056
0 0.132812 0.829861 0.018750 0.045833
0 0.832812 0.057639 0.028125 0.029167
0 0.842187 0.877083 0.021875 0.040278
0 0.611328 0.951389 0.014844 0.030556
0 0.577734 0.310417 0.016406 0.034722
0 0.931250 0.047222 0.023438 0.025000
0 0.578906 0.439583 0.020313 0.034722
0 0.282813 0.845139 0.028125 0.034722
0 0.037891 0.781944 0.014844 0.027778
0 0.699219 0.700000 0.023438 0.033333
0 0.980859 0.833333 0.014844 0.025000
0 0.974219 0.765278 0.020313 0.050000
0 0.516406 0.834722 0.015625 0.027778
0 0.377734 0.216667 0.016406 0.041667
0 0.847266 0.455556 0.017969 0.027778
0 0.592187 0.870139 0.028125 0.043056
0 0.763672 0.841667 0.027344 0.036111
1 0.189062 0.631944 0.145313 0.294444
1 0.459375 0.165972 0.117188 0.212500
1 0.606641 0.738889 0.135156 0.194444
1 0.420703 0.856250 0.121094 0.190278
1 0.379297 0.592361 0.111719 0.276389
1 0.697266 0.163194 0.122656 0.168056
1 0.923047 0.472222 0.100781 0.238889
1 0.675000 0.458333 0.129688 0.288889
1 0.119922 0.238889 0.124219 0.263889