0 0.494141 0.311523 0.058594 0.037109
0 0.897461 0.139648 0.048828 0.041016
0 0.966797 0.853516 0.035156 0.035156
0 0.197266 0.054688 0.039062 0.058594
0 0.878906 0.567383 0.039062 0.048828
0 0.440430 0.264648 0.033203 0.056641
0 0.943359 0.915039 0.058594 0.048828
0 0.897461 0.673828 0.037109 0.031250
0 0.477539 0.109375 0.048828 0.039062
0 0.659180 0.044922 0.052734 0.054688
0 0.391602 0.281250 0.033203 0.054688
0 0.800781 0.953125 0.058594 0.046875
0 0.831055 0.086914 0.044922 0.037109
0 0.940430 0.620117 0.052734 0.033203
0 0.286133 0.095703 0.044922 0.031250
0 0.652344 0.642578 0.042969 0.031250
0 0.871094 0.792969 0.046875 0.042969
0 0.767578 0.838867 0.031250 0.041016
0 0.567383 0.711914 0.044922 0.037109
0 0.654297 0.153320 0.058594 0.048828
0 0.932617 0.464844 0.041016 0.042969
0 0.560547 0.250000 0.031250 0.046875
0 0.764648 0.110352 0.056641 0.056641
0 0.506836 0.062500 0.048828 0.039062
0 0.632812 0.275391 0.035156 0.058594
0 0.295898 0.613281 0.037109 0.046875
0 0.850586 0.873047 0.033203 0.054688
0 0.708008 0.543945 0.056641 0.044922
0 0.956055 0.567383 0.052734 0.044922
0 0.043945 0.195312 0.044922 0.035156
0 0.094727 0.040039 0.044922 0.033203
0 0.088867 0.091797 0.041016 0.039062
0 0.232422 0.606445 0.042969 0.048828
0 0.711914 0.739258 0.041016 0.048828
0 0.135742 0.306641 0.052734 0.046875
0 0.251953 0.933594 0.042969 0.042969
0 0.382812 0.929688 0.042969 0.054688
0 0.050781 0.525391 0.046875 0.050781
0 0.425781 0.044922 0.035156 0.058594
1 0.133789 0.791016 0.142578 0.269531
1 0.209961 0.199219 0.255859 0.152344
1 0.222656 0.457031 0.273438 0.199219
1 0.358398 0.759766 0.216797 0.203125
1 0.833984 0.285156 0.226562 0.222656
1 0.633789 0.870117 0.208984 0.169922
1 0.530273 0.457031 0.263672 0.230469