0 0.787109 0.471680 0.058594 0.052734
0 0.397461 0.456055 0.044922 0.056641
0 0.445312 0.064453 0.031250 0.039062
0 0.592773 0.535156 0.056641 0.042969
0 0.900391 0.951172 0.058594 0.050781
0 0.131836 0.668945 0.044922 0.056641
0 0.056641 0.290039 0.058594 0.037109
0 0.542969 0.085938 0.039062 0.058594
0 0.641602 0.753906 0.056641 0.046875
0 0.894531 0.231445 0.058594 0.037109
0 0.586914 0.212891 0.048828 0.042969
0 0.432617 0.201172 0.037109 0.058594
0 0.212891 0.578125 0.050781 0.050781
0 0.738281 0.603516 0.035156 0.050781
0 0.663086 0.037109 0.052734 0.042969
0 0.335938 0.606445 0.054688 0.033203
0 0.664062 0.866211 0.058594 0.044922
0 0.701172 0.963867 0.039062 0.041016
0 0.364258 0.894531 0.037109 0.035156
0 0.048828 0.108398 0.046875 0.041016
0 0.202148 0.920898 0.033203 0.033203
0 0.271484 0.784180 0.046875 0.033203
0 0.878906 0.460938 0.058594 0.035156
0 0.135742 0.748047 0.044922 0.050781
0 0.739258 0.688477 0.044922 0.041016
0 0.945312 0.594727 0.054688 0.056641
0 0.716797 0.488281 0.054688 0.046875
0 0.119141 0.919922 0.042969 0.031250
0 0.792969 0.645508 0.035156 0.056641
0 0.221680 0.220703 0.048828 0.050781
0 0.952148 0.310547 0.044922 0.042969
0 0.727539 0.551758 0.037109 0.033203
0 0.138672 0.057617 0.042969 0.056641
0 0.193359 0.738281 0.050781 0.050781
0 0.877930 0.710938 0.048828 0.054688
0 0.089844 0.053711 0.031250 0.044922
1 0.528320 0.399414 0.193359 0.173828
1 0.787109 0.345703 0.250000 0.148438
1 0.456055 0.715820 0.177734 0.150391
1 0.852539 0.113281 0.232422 0.152344
1 0.182617 0.447266 0.138672 0.136719
1 0.828125 0.845703 0.253906 0.136719