0 0.136719 0.472656 0.042969 0.054688
0 0.366211 0.560547 0.052734 0.031250
0 0.410156 0.075195 0.046875 0.048828
0 0.423828 0.271484 0.031250 0.039062
0 0.496094 0.712891 0.031250 0.046875
0 0.875000 0.694336 0.031250 0.044922
0 0.121094 0.303711 0.050781 0.052734
0 0.905273 0.586914 0.033203 0.037109
0 0.502930 0.044922 0.037109 0.058594
0 0.429688 0.638672 0.050781 0.042969
0 0.958984 0.715820 0.042969 0.052734
0 0.949219 0.566406 0.031250 0.042969
0 0.475586 0.125977 0.033203 0.048828
0 0.911133 0.451172 0.052734 0.035156
0 0.201172 0.493164 0.046875 0.044922
0 0.040039 0.049805 0.048828 0.041016
0 0.874023 0.850586 0.052734 0.044922
0 0.448242 0.428711 0.048828 0.033203
0 0.138672 0.178711 0.058594 0.041016
0 0.190430 0.070312 0.056641 0.046875
0 0.156250 0.386719 0.050781 0.035156
0 0.844727 0.588867 0.037109 0.037109
0 0.496094 0.942383 0.042969 0.033203
0 0.492188 0.611328 0.046875 0.035156
0 0.311523 0.554688 0.033203 0.046875
0 0.275391 0.445312 0.046875 0.031250
0 0.260742 0.505859 0.044922 0.046875
0 0.946289 0.099609 0.052734 0.035156
0 0.490234 0.502930 0.058594 0.048828
0 0.198242 0.556641 0.041016 0.035156
0 0.067383 0.483398 0.052734 0.056641
0 0.299805 0.113281 0.033203 0.042969
0 0.050781 0.135742 0.031250 0.052734
0 0.878906 0.503906 0.042969 0.050781
0 0.515625 0.869141 0.035156 0.042969
0 0.120117 0.115234 0.044922 0.050781
0 0.837891 0.913086 0.031250 0.037109
0 0.941406 0.821289 0.054688 0.048828
0 0.595703 0.425781 0.054688 0.035156
0 0.081055 0.538086 0.048828 0.033203
1 0.284180 0.275391 0.181641 0.253906
1 0.687500 0.846680 0.253906 0.248047
1 0.384766 0.829102 0.156250 0.236328
1 0.561523 0.297852 0.224609 0.197266
1 0.824219 0.282227 0.179688 0.173828
1 0.152344 0.685547 0.218750 0.136719
1 0.675781 0.572266 0.265625 0.226562
1 0.732422 0.097656 0.234375 0.148438
1 0.139648 0.861328 0.236328 0.144531