0 0.147461 0.741211 0.056641 0.048828
0 0.593750 0.049805 0.035156 0.044922
0 0.789062 0.295898 0.050781 0.037109
0 0.494141 0.167969 0.039062 0.031250
0 0.958008 0.744141 0.037109 0.035156
0 0.552734 0.341797 0.035156 0.035156
0 0.829102 0.442383 0.044922 0.048828
0 0.496094 0.471680 0.046875 0.041016
0 0.440430 0.353516 0.052734 0.031250
0 0.944336 0.861328 0.056641 0.042969
0 0.699219 0.765625 0.031250 0.050781
0 0.501953 0.115234 0.050781 0.031250
0 0.653320 0.033203 0.033203 0.031250
0 0.080078 0.402344 0.058594 0.031250
0 0.951172 0.117188 0.031250 0.031250
0 0.605469 0.824219 0.054688 0.054688
0 0.121094 0.929688 0.050781 0.058594
0 0.669922 0.261719 0.046875 0.031250
0 0.189453 0.062500 0.050781 0.039062
0 0.118164 0.253906 0.041016 0.042969
0 0.926758 0.932617 0.041016 0.037109
0 0.503906 0.796875 0.031250 0.054688
0 0.890625 0.101562 0.031250 0.050781
0 0.946289 0.789062 0.056641 0.039062
0 0.041992 0.748047 0.041016 0.050781
0 0.112305 0.121094 0.056641 0.058594
0 0.680664 0.355469 0.037109 0.050781
0 0.504883 0.281250 0.033203 0.042969
0 0.333008 0.311523 0.041016 0.052734
0 0.688477 0.605469 0.044922 0.046875
0 0.309570 0.458008 0.056641 0.048828
1 0.369141 0.628906 0.222656 0.207031
1 0.338867 0.166992 0.212891 0.220703
1 0.791992 0.145508 0.142578 0.224609
1 0.756836 0.899414 0.162109 0.166016
1 0.816406 0.625977 0.187500 0.271484
1 0.305664 0.890625 0.248047 0.171875
1 0.580078 0.596680 0.148438 0.193359
1 0.140625 0.604492 0.171875 0.201172