0 0.457422 0.577083 0.016406 0.043056
0 0.510938 0.078472 0.026562 0.040278
0 0.380469 0.518750 0.014063 0.043056
0 0.250781 0.785417 0.021875 0.029167
0 0.092969 0.953472 0.025000 0.045833
0 0.842969 0.830556 0.015625 0.038889
0 0.217188 0.058333 0.023438 0.038889
0 0.076563 0.425000 0.028125 0.027778
0 0.883984 0.065278 0.025781 0.038889
0 0.599609 0.087500 0.016406 0.047222
0 0.181641 0.841667 0.022656 0.047222
0 0.837109 0.213889 0.019531 0.036111
0 0.977734 0.176389 0.021094 0.033333
0 0.233594 0.375694 0.020313 0.031944
0 0.916016 0.086111 0.021094 0.047222
0 0.431250 0.523611 0.017188 0.041667
0 0.057813 0.704167 0.017188 0.030556
0 0.516406 0.946528 0.028125 0.043056
0 0.599219 0.611806 0.025000 0.031944
0 0.834766 0.948611 0.025781 0.030556
0 0.115234 0.501389 0.022656 0.041667
0 0.631250 0.140278 0.028125 0.038889
0 0.813281 0.048611 0.023438 0.038889
0 0.805469 0.847222 0.014063 0.033333
0 0.438281 0.229167 0.026562 0.025000
0 0.028906 0.862500 0.028125 0.027778
0 0.974219 0.265278 0.023438 0.038889
0 0.228906 0.865972 0.026562 0.034722
0 0.342578 0.808333 0.022656 0.030556
0 0.825391 0.907639 0.019531 0.037500
0 0.432422 0.273611 0.019531 0.038889
0 0.811328 0.760417 0.016406 0.043056
0 0.682031 0.113889 0.026562 0.036111
0 0.112891 0.675000 0.027344 0.033333
0 0.908594 0.790278 0.028125 0.050000
0 0.292578 0.311111 0.016406 0.038889
0 0.465625 0.093056 0.014063 0.050000
0 0.397266 0.303472 0.024219 0.048611
0 0.070312 0.495833 0.018750 0.047222
0 0.649609 0.558333 0.019531 0.047222
0 0.380859 0.904167 0.027344 0.044444
0 0.245312 0.946528 0.015625 0.031944
0 0.650000 0.044444 0.023438 0.038889
0 0.027734 0.520139 0.025781 0.045833
0 0.766406 0.641667 0.014063 0.030556
0 0.055469 0.784028 0.025000 0.037500
0 0.035547 0.046528 0.024219 0.048611
0 0.021875 0.217361 0.025000 0.040278
0 0.468750 0.510417 0.023438 0.037500
0 0.921094 0.855556 0.023438 0.050000
0 0.309375 0.966667 0.028125 0.025000
0 0.962891 0.836111 0.021094 0.041667
0 0.056641 0.597917 0.019531 0.048611
0 0.137109 0.584722 0.017969 0.036111
0 0.344141 0.294444 0.016406 0.038889
0 0.308203 0.829861 0.022656 0.045833
0 0.265625 0.436806 0.023438 0.037500
0 0.103125 0.866667 0.023438 0.027778
0 0.531250 0.492361 0.015625 0.031944
0 0.597266 0.529861 0.014844 0.034722
0 0.022656 0.662500 0.026562 0.027778
0 0.027734 0.624306 0.016406 0.026389
0 0.334766 0.371528 0.021094 0.034722
0 0.947656 0.275000 0.018750 0.038889
0 0.737891 0.037500 0.014844 0.036111
0 0.361719 0.739583 0.014063 0.037500
0 0.852734 0.075000 0.024219 0.030556
0 0.228906 0.204167 0.014063 0.027778
0 0.811719 0.200694 0.020313 0.045833
0 0.789844 0.174306 0.015625 0.034722
0 0.368359 0.652083 0.014844 0.031944
0 0.122656 0.046528 0.020313 0.026389
0 0.822656 0.122917 0.017188 0.043056
0 0.037109 0.954167 0.021094 0.027778
0 0.153516 0.450000 0.027344 0.033333
0 0.721484 0.141667 0.025781 0.027778
0 0.424609 0.444444 0.016406 0.036111
0 0.076563 0.041667 0.020313 0.047222
0 0.470703 0.951389 0.022656 0.036111
0 0.068359 0.656944 0.019531 0.044444
0 0.390625 0.719444 0.017188 0.030556
0 0.933203 0.386111 0.025781 0.030556
0 0.379297 0.788889 0.014844 0.033333
0 0.977734 0.733333 0.022656 0.033333
0 0.113672 0.626389 0.027344 0.033333
0 0.430078 0.104861 0.016406 0.040278
0 0.711719 0.095833 0.023438 0.033333
0 0.276562 0.830556 0.021875 0.025000
0 0.583594 0.888889 0.014063 0.030556
0 0.586328 0.848611 0.019531 0.038889
0 0.901563 0.254861 0.028125 0.048611
0 0.182031 0.950694 0.028125 0.045833
0 0.982812 0.393056 0.014063 0.041667
0 0.140625 0.497917 0.015625 0.034722
0 0.632812 0.489583 0.018750 0.037500
0 0.947656 0.786806 0.025000 0.031944
0 0.793750 0.253472 0.014063 0.034722
1 0.264844 0.604167 0.146875 0.258333
1 0.109766 0.268056 0.132031 0.222222
1 0.689063 0.820139 0.159375 0.251389
1 0.327344 0.143056 0.168750 0.172222
1 0.518750 0.283333 0.120313 0.291667
1 0.682031 0.313194 0.154688 0.268056
1 0.492969 0.781944 0.157812 0.227778
1 0.828906 0.402778 0.103125 0.238889