0 0.535156 0.267578 0.042969 0.046875
0 0.914062 0.075195 0.039062 0.052734
0 0.166992 0.443359 0.044922 0.058594
0 0.607422 0.340820 0.058594 0.048828
0 0.840820 0.179688 0.048828 0.031250
0 0.188477 0.342773 0.033203 0.037109
0 0.517578 0.341797 0.039062 0.046875
0 0.172852 0.769531 0.044922 0.031250
0 0.110352 0.870117 0.041016 0.033203
0 0.872070 0.864258 0.044922 0.033203
0 0.794922 0.110352 0.039062 0.048828
0 0.258789 0.875000 0.052734 0.035156
0 0.701172 0.255859 0.050781 0.050781
0 0.115234 0.913086 0.042969 0.037109
0 0.812500 0.930664 0.058594 0.048828
0 0.573242 0.678711 0.044922 0.041016
0 0.196289 0.522461 0.033203 0.041016
0 0.676758 0.051758 0.048828 0.033203
0 0.541016 0.153320 0.042969 0.044922
0 0.898438 0.209961 0.035156 0.037109
0 0.054688 0.881836 0.042969 0.037109
0 0.212891 0.194336 0.050781 0.056641
0 0.870117 0.952148 0.037109 0.052734
0 0.250000 0.261719 0.035156 0.042969
0 0.069336 0.156250 0.041016 0.035156
0 0.151367 0.064453 0.041016 0.031250
0 0.088867 0.641602 0.044922 0.048828
0 0.402344 0.850586 0.039062 0.056641
0 0.124023 0.122070 0.041016 0.041016
0 0.080078 0.496094 0.054688 0.042969
0 0.225586 0.758789 0.033203 0.048828
0 0.272461 0.375977 0.033203 0.044922
0 0.933594 0.849609 0.042969 0.035156
0 0.118164 0.168945 0.037109 0.033203
0 0.201172 0.132812 0.050781 0.031250
0 0.662109 0.653320 0.039062 0.041016
0 0.267578 0.440430 0.050781 0.041016
0 0.300781 0.721680 0.031250 0.033203
0 0.183594 0.691406 0.042969 0.035156
0 0.428711 0.093750 0.033203 0.054688
0 0.461914 0.865234 0.037109 0.046875
0 0.862305 0.812500 0.033203 0.031250
0 0.672852 0.362305 0.052734 0.044922
0 0.390625 0.720703 0.050781 0.031250
0 0.473633 0.792969 0.048828 0.054688
0 0.418945 0.389648 0.041016 0.056641
0 0.662109 0.108398 0.035156 0.052734
0 0.820312 0.750000 0.042969 0.042969
0 0.561523 0.060547 0.041016 0.050781
1 0.314453 0.595703 0.179688 0.187500
1 0.841797 0.354492 0.191406 0.193359
1 0.648438 0.826172 0.230469 0.199219
1 0.387695 0.220703 0.220703 0.156250
1 0.592773 0.530273 0.212891 0.154297
1 0.857422 0.602539 0.207031 0.189453