0 0.689063 0.576389 0.017188 0.044444
0 0.657031 0.471528 0.026562 0.031944
0 0.481250 0.070833 0.018750 0.027778
0 0.032422 0.820139 0.025781 0.043056
0 0.682813 0.478472 0.017188 0.026389
0 0.049609 0.875694 0.024219 0.043056
0 0.935156 0.668750 0.014063 0.048611
0 0.172656 0.294444 0.014063 0.025000
0 0.125000 0.691667 0.017188 0.027778
0 0.254297 0.438194 0.017969 0.034722
0 0.663281 0.038889 0.028125 0.027778
0 0.439844 0.854167 0.014063 0.030556
0 0.778125 0.148611 0.018750 0.038889
0 0.559766 0.622917 0.022656 0.031944
0 0.168750 0.882639 0.023438 0.031944
0 0.972656 0.395139 0.015625 0.029167
0 0.736328 0.151389 0.016406 0.036111
0 0.271094 0.949306 0.015625 0.048611
0 0.922266 0.622917 0.019531 0.029167
0 0.920703 0.054861 0.022656 0.026389
0 0.108594 0.531250 0.028125 0.048611
0 0.210547 0.125000 0.014844 0.036111
0 0.880859 0.953472 0.022656 0.040278
0 0.933203 0.290972 0.022656 0.031944
0 0.507812 0.204861 0.018750 0.040278
0 0.042578 0.931250 0.024219 0.026389
0 0.371094 0.490278 0.020313 0.025000
0 0.044922 0.587500 0.021094 0.047222
0 0.884766 0.895139 0.021094 0.037500
0 0.776953 0.082639 0.021094 0.029167
0 0.628906 0.084722 0.025000 0.047222
0 0.644922 0.598611 0.019531 0.041667
0 0.508594 0.788889 0.026562 0.027778
0 0.163281 0.129167 0.017188 0.047222
0 0.049219 0.521528 0.018750 0.037500
0 0.970703 0.893750 0.025781 0.045833
0 0.031641 0.699306 0.016406 0.037500
0 0.046484 0.759028 0.022656 0.043056
0 0.549609 0.269444 0.027344 0.027778
0 0.913281 0.132639 0.021875 0.040278
0 0.617188 0.530556 0.025000 0.044444
0 0.926562 0.884722 0.023438 0.050000
0 0.731641 0.472222 0.017969 0.036111
0 0.121875 0.929861 0.023438 0.037500
0 0.850000 0.154167 0.021875 0.025000
0 0.217188 0.877778 0.026562 0.033333
0 0.099219 0.731250 0.017188 0.048611
0 0.724609 0.951389 0.025781 0.050000
0 0.101953 0.809028 0.022656 0.040278
0 0.074219 0.672917 0.014063 0.034722
0 0.174219 0.392361 0.020313 0.026389
0 0.607422 0.228472 0.027344 0.034722
0 0.079297 0.954861 0.016406 0.029167
0 0.049219 0.054167 0.017188 0.041667
0 0.650000 0.137500 0.025000 0.038889
0 0.135937 0.593750 0.023438 0.048611
0 0.955469 0.618056 0.023438 0.041667
0 0.958203 0.570833 0.019531 0.036111
0 0.953906 0.457639 0.020313 0.031944
0 0.028906 0.180556 0.021875 0.030556
0 0.810547 0.173611 0.025781 0.036111
0 0.952734 0.229861 0.014844 0.026389
0 0.197656 0.279167 0.020313 0.030556
0 0.530469 0.308333 0.028125 0.030556
0 0.475781 0.413194 0.026562 0.045833
0 0.319922 0.055556 0.016406 0.038889
0 0.289062 0.050000 0.014063 0.030556
0 0.891406 0.238194 0.018750 0.045833
0 0.957812 0.502083 0.023438 0.026389
0 0.230469 0.179167 0.014063 0.041667
0 0.590234 0.461111 0.022656 0.027778
0 0.527344 0.941667 0.015625 0.036111
0 0.801953 0.047917 0.014844 0.029167
0 0.966406 0.704167 0.018750 0.027778
0 0.066016 0.177778 0.014844 0.050000
0 0.329688 0.920139 0.018750 0.043056
0 0.944531 0.950694 0.014063 0.034722
0 0.833984 0.940972 0.022656 0.043056
0 0.447266 0.120833 0.017969 0.041667
0 0.221094 0.466667 0.023438 0.025000
0 0.513672 0.127778 0.024219 0.036111
0 0.187109 0.082639 0.016406 0.034722
0 0.703516 0.225000 0.021094 0.036111
0 0.373828 0.824306 0.027344 0.034722
0 0.457813 0.940278 0.018750 0.038889
0 0.198437 0.334028 0.018750 0.029167
0 0.511719 0.254167 0.018750 0.036111
0 0.483984 0.119444 0.014844 0.033333
0 0.773438 0.270139 0.025000 0.040278
0 0.410547 0.825000 0.024219 0.025000
0 0.248828 0.874306 0.019531 0.029167
0 0.873828 0.086806 0.022656 0.040278
0 0.544922 0.056944 0.025781 0.025000
0 0.571094 0.109722 0.028125 0.036111
0 0.301172 0.959028 0.021094 0.043056
0 0.108594 0.603472 0.014063 0.034722
0 0.078516 0.794444 0.017969 0.047222
1 0.296875 0.251389 0.106250 0.302778
1 0.654297 0.347222 0.163281 0.183333
1 0.433594 0.614583 0.154688 0.176389
1 0.242578 0.665972 0.157031 0.270833
1 0.833594 0.454861 0.162500 0.259722
1 0.851953 0.739583 0.096094 0.248611
1 0.099609 0.353472 0.117969 0.179167
1 0.650000 0.814583 0.110937 0.284722