0 0.197266 0.188194 0.025781 0.043056
0 0.350781 0.904861 0.020313 0.026389
0 0.406250 0.815278 0.014063 0.044444
0 0.700000 0.595139 0.026562 0.037500
0 0.333984 0.198611 0.021094 0.047222
0 0.726953 0.952083 0.024219 0.043056
0 0.264453 0.835417 0.019531 0.026389
0 0.400391 0.240278 0.022656 0.036111
0 0.882031 0.119444 0.028125 0.033333
0 0.578906 0.093056 0.021875 0.041667
0 0.380078 0.690278 0.021094 0.047222
0 0.793359 0.119444 0.025781 0.044444
0 0.684766 0.223611 0.016406 0.041667
0 0.326953 0.095139 0.022656 0.040278
0 0.302734 0.248611 0.024219 0.038889
0 0.215625 0.894444 0.015625 0.038889
0 0.664453 0.388889 0.022656 0.050000
0 0.317188 0.651389 0.014063 0.050000
0 0.585156 0.722917 0.021875 0.031944
0 0.536719 0.247222 0.017188 0.030556
0 0.927734 0.061111 0.017969 0.041667
0 0.866016 0.857639 0.022656 0.031944
0 0.484375 0.248611 0.028125 0.030556
0 0.064844 0.213194 0.014063 0.037500
0 0.297656 0.079861 0.020313 0.029167
0 0.974219 0.197917 0.025000 0.048611
0 0.886719 0.750000 0.020313 0.047222
0 0.032422 0.789583 0.024219 0.043056
0 0.069141 0.263889 0.024219 0.038889
0 0.916016 0.730556 0.017969 0.050000
0 0.383984 0.920833 0.024219 0.027778
0 0.461328 0.202083 0.022656 0.034722
0 0.033203 0.511111 0.022656 0.044444
0 0.948047 0.113194 0.027344 0.029167
0 0.060547 0.118056 0.027344 0.027778
0 0.158594 0.152778 0.014063 0.038889
0 0.947266 0.302778 0.017969 0.038889
0 0.317188 0.727778 0.015625 0.050000
0 0.235547 0.779167 0.025781 0.030556
0 0.632422 0.598611 0.027344 0.036111
0 0.525000 0.036806 0.026562 0.026389
0 0.971094 0.756250 0.023438 0.031944
0 0.498047 0.917361 0.016406 0.034722
0 0.094922 0.261806 0.016406 0.045833
0 0.637109 0.779861 0.014844 0.048611
0 0.346484 0.783333 0.021094 0.044444
0 0.257422 0.190278 0.025781 0.044444
0 0.029687 0.283333 0.015625 0.041667
0 0.977344 0.953472 0.015625 0.040278
0 0.681250 0.961111 0.025000 0.025000
0 0.167187 0.862500 0.025000 0.047222
0 0.892969 0.945139 0.028125 0.043056
0 0.462500 0.063194 0.023438 0.037500
0 0.205078 0.255556 0.021094 0.047222
0 0.950000 0.941667 0.026562 0.025000
0 0.470313 0.845833 0.018750 0.050000
0 0.036328 0.177083 0.019531 0.037500
0 0.668750 0.633333 0.023438 0.027778
0 0.738672 0.577778 0.021094 0.050000
0 0.727734 0.158333 0.019531 0.033333
0 0.065234 0.439583 0.019531 0.026389
0 0.270703 0.306250 0.017969 0.029167
0 0.639453 0.079861 0.014844 0.048611
0 0.908594 0.815972 0.015625 0.034722
0 0.882031 0.822222 0.028125 0.025000
0 0.050391 0.897222 0.022656 0.044444
0 0.724609 0.662500 0.016406 0.036111
0 0.284766 0.141667 0.019531 0.025000
0 0.436328 0.102778 0.027344 0.030556
0 0.976953 0.104861 0.022656 0.045833
0 0.936328 0.787500 0.022656 0.036111
0 0.548438 0.131944 0.015625 0.030556
0 0.852344 0.740278 0.017188 0.050000
0 0.384766 0.820139 0.021094 0.031944
0 0.369922 0.138889 0.024219 0.041667
0 0.204297 0.715278 0.021094 0.030556
0 0.598047 0.874306 0.019531 0.040278
0 0.114453 0.054861 0.024219 0.045833
0 0.650000 0.509722 0.017188 0.041667
0 0.366797 0.200000 0.016406 0.030556
0 0.251172 0.727778 0.019531 0.036111
0 0.386719 0.311806 0.028125 0.034722
0 0.646094 0.238194 0.017188 0.040278
0 0.805469 0.679167 0.025000 0.050000
0 0.445703 0.928472 0.019531 0.031944
0 0.579297 0.225000 0.024219 0.038889
0 0.494531 0.141667 0.026562 0.038889
0 0.339062 0.278472 0.028125 0.034722
0 0.253125 0.676389 0.017188 0.036111
0 0.530859 0.872917 0.021094 0.029167
0 0.243750 0.911111 0.026562 0.038889
1 0.141406 0.403472 0.096875 0.204167
1 0.900000 0.538194 0.146875 0.295833
1 0.540625 0.393750 0.142187 0.212500
1 0.312891 0.478472 0.158594 0.276389
1 0.728125 0.810417 0.153125 0.193056
1 0.493359 0.694444 0.130469 0.202778
1 0.130469 0.677778 0.100000 0.236111