0 0.855469 0.613281 0.031250 0.050781
0 0.611328 0.110352 0.054688 0.052734
0 0.375000 0.364258 0.031250 0.044922
0 0.487305 0.792969 0.041016 0.054688
0 0.494141 0.631836 0.031250 0.037109
0 0.663086 0.187500 0.056641 0.058594
0 0.260742 0.582031 0.044922 0.039062
0 0.699219 0.584961 0.046875 0.044922
0 0.477539 0.115234 0.041016 0.035156
0 0.554688 0.637695 0.031250 0.033203
0 0.542969 0.444336 0.046875 0.044922
0 0.526367 0.944336 0.041016 0.052734
0 0.686523 0.121094 0.044922 0.046875
0 0.280273 0.503906 0.037109 0.054688
0 0.099609 0.579102 0.039062 0.044922
0 0.866211 0.965820 0.052734 0.033203
0 0.941406 0.335938 0.039062 0.035156
0 0.884766 0.695312 0.031250 0.035156
0 0.722656 0.269531 0.042969 0.035156
0 0.492188 0.170898 0.042969 0.033203
0 0.648438 0.518555 0.042969 0.048828
0 0.082031 0.924805 0.042969 0.044922
0 0.605469 0.193359 0.042969 0.031250
0 0.674805 0.928711 0.056641 0.033203
0 0.110352 0.696289 0.037109 0.037109
0 0.952148 0.666992 0.033203 0.037109
0 0.803711 0.607422 0.037109 0.054688
0 0.039062 0.722656 0.046875 0.050781
0 0.709961 0.677734 0.037109 0.058594
0 0.050781 0.581055 0.031250 0.056641
0 0.161133 0.612305 0.037109 0.044922
0 0.160156 0.915039 0.031250 0.052734
0 0.227539 0.431641 0.033203 0.058594
0 0.330078 0.952148 0.042969 0.048828
0 0.597656 0.906250 0.058594 0.035156
0 0.324219 0.178711 0.039062 0.048828
0 0.203125 0.518555 0.054688 0.056641
0 0.608398 0.041992 0.052734 0.033203
0 0.750000 0.573242 0.039062 0.033203
0 0.591797 0.494141 0.046875 0.039062
0 0.793945 0.326172 0.052734 0.046875
0 0.365234 0.267578 0.050781 0.042969
0 0.410156 0.930664 0.050781 0.052734
0 0.160156 0.708008 0.035156 0.041016
0 0.377930 0.174805 0.037109 0.056641
0 0.755859 0.214844 0.050781 0.042969
0 0.057617 0.046875 0.048828 0.058594
1 0.325195 0.760742 0.263672 0.259766
1 0.801758 0.456055 0.248047 0.146484
1 0.868164 0.137695 0.150391 0.212891
1 0.177734 0.275391 0.234375 0.214844
1 0.854492 0.859375 0.259766 0.156250
1 0.522461 0.300781 0.197266 0.156250
1 0.597656 0.791992 0.164062 0.177734
1 0.419922 0.511719 0.175781 0.167969