0 0.657227 0.439453 0.048828 0.035156
0 0.073242 0.772461 0.056641 0.052734
0 0.914062 0.103516 0.031250 0.042969
0 0.656250 0.202148 0.058594 0.044922
0 0.273438 0.686523 0.031250 0.037109
0 0.937500 0.252930 0.042969 0.041016
0 0.760742 0.375977 0.048828 0.044922
0 0.487305 0.114258 0.052734 0.056641
0 0.781250 0.109375 0.042969 0.046875
0 0.785156 0.478516 0.031250 0.039062
0 0.114258 0.953125 0.033203 0.050781
0 0.499023 0.048828 0.052734 0.058594
0 0.382812 0.550781 0.058594 0.035156
0 0.880859 0.378906 0.035156 0.042969
0 0.504883 0.614258 0.037109 0.044922
0 0.312500 0.482422 0.039062 0.046875
0 0.131836 0.869141 0.033203 0.039062
0 0.636719 0.128906 0.050781 0.046875
0 0.966797 0.332031 0.031250 0.039062
0 0.699219 0.921875 0.046875 0.050781
0 0.369141 0.892578 0.046875 0.039062
0 0.377930 0.176758 0.052734 0.033203
0 0.817383 0.412109 0.048828 0.046875
0 0.632812 0.583984 0.035156 0.054688
0 0.050781 0.095703 0.050781 0.042969
0 0.660156 0.290039 0.054688 0.044922
0 0.599609 0.072266 0.042969 0.046875
0 0.675781 0.607422 0.035156 0.035156
0 0.754883 0.048828 0.033203 0.031250
0 0.446289 0.239258 0.052734 0.052734
1 0.503906 0.784180 0.207031 0.177734
1 0.210938 0.267578 0.250000 0.214844
1 0.137695 0.555664 0.236328 0.138672
1 0.498047 0.414062 0.199219 0.207031
1 0.850586 0.849609 0.224609 0.269531
1 0.836914 0.600586 0.232422 0.154297
1 0.766602 0.233398 0.142578 0.154297
1 0.236328 0.846680 0.160156 0.255859