0 0.379883 0.474609 0.056641 0.058594
0 0.534180 0.815430 0.037109 0.048828
0 0.834961 0.380859 0.056641 0.046875
0 0.115234 0.959961 0.042969 0.041016
0 0.849609 0.253906 0.035156 0.042969
0 0.085938 0.277344 0.042969 0.031250
0 0.221680 0.408203 0.041016 0.054688
0 0.511719 0.103516 0.058594 0.031250
0 0.731445 0.916016 0.056641 0.031250
0 0.924805 0.307617 0.048828 0.037109
0 0.065430 0.192383 0.041016 0.037109
0 0.564453 0.745117 0.054688 0.037109
0 0.051758 0.113281 0.037109 0.050781
0 0.891602 0.929688 0.048828 0.039062
0 0.476562 0.916992 0.050781 0.052734
0 0.146484 0.113281 0.058594 0.042969
0 0.912109 0.197266 0.046875 0.035156
0 0.093750 0.669922 0.031250 0.035156
0 0.773438 0.958984 0.046875 0.035156
0 0.155273 0.729492 0.052734 0.048828
0 0.470703 0.268555 0.054688 0.052734
0 0.152344 0.167969 0.058594 0.031250
0 0.886719 0.509766 0.050781 0.042969
0 0.080078 0.795898 0.050781 0.041016
0 0.951172 0.933594 0.054688 0.042969
0 0.884766 0.644531 0.031250 0.050781
0 0.466797 0.415039 0.058594 0.033203
0 0.576172 0.648438 0.039062 0.046875
0 0.211914 0.695312 0.041016 0.054688
0 0.336914 0.393555 0.052734 0.041016
0 0.802734 0.599609 0.054688 0.058594
1 0.651367 0.198242 0.201172 0.251953
1 0.321289 0.207031 0.220703 0.246094
1 0.735352 0.753906 0.224609 0.195312
1 0.347656 0.601562 0.210938 0.171875
1 0.314453 0.853516 0.218750 0.226562
1 0.679688 0.481445 0.234375 0.158203
1 0.106445 0.476562 0.158203 0.253906
1 0.890625 0.095703 0.167969 0.140625