0 0.933594 0.693359 0.035156 0.042969
0 0.340820 0.335938 0.033203 0.058594
0 0.786133 0.774414 0.048828 0.056641
0 0.784180 0.138672 0.052734 0.058594
0 0.865234 0.152344 0.042969 0.058594
0 0.053711 0.556641 0.048828 0.031250
0 0.672852 0.291992 0.037109 0.041016
0 0.593750 0.038086 0.035156 0.044922
0 0.037109 0.941406 0.042969 0.042969
0 0.094727 0.627930 0.052734 0.037109
0 0.420898 0.282227 0.033203 0.056641
0 0.576172 0.934570 0.039062 0.041016
0 0.958984 0.921875 0.050781 0.042969
0 0.857422 0.639648 0.050781 0.033203
0 0.842773 0.924805 0.033203 0.037109
0 0.356445 0.135742 0.056641 0.041016
0 0.145508 0.114258 0.052734 0.033203
0 0.825195 0.211914 0.041016 0.041016
0 0.678711 0.888672 0.041016 0.042969
0 0.083008 0.492188 0.056641 0.031250
0 0.478516 0.098633 0.050781 0.052734
0 0.723633 0.214844 0.056641 0.035156
0 0.628906 0.859375 0.042969 0.050781
0 0.281250 0.844727 0.050781 0.048828
0 0.387695 0.360352 0.044922 0.044922
0 0.947266 0.056641 0.039062 0.039062
0 0.367188 0.041016 0.054688 0.031250
0 0.667969 0.065430 0.031250 0.037109
0 0.906250 0.739258 0.031250 0.033203
0 0.570312 0.258789 0.035156 0.048828
1 0.800781 0.458008 0.222656 0.248047
1 0.519531 0.693359 0.253906 0.230469
1 0.167969 0.343750 0.261719 0.238281
1 0.166016 0.865234 0.152344 0.187500
1 0.518555 0.436523 0.201172 0.236328
1 0.231445 0.621094 0.162109 0.222656