0 0.033594 0.421528 0.018750 0.034722
0 0.409766 0.780556 0.022656 0.033333
0 0.950391 0.765278 0.024219 0.030556
0 0.480859 0.465278 0.019531 0.050000
0 0.371484 0.530556 0.025781 0.025000
0 0.042969 0.463889 0.028125 0.038889
0 0.059375 0.896528 0.025000 0.045833
0 0.250781 0.558333 0.028125 0.041667
0 0.026953 0.602778 0.021094 0.047222
0 0.700781 0.400000 0.020313 0.025000
0 0.472656 0.923611 0.021875 0.027778
0 0.219922 0.496528 0.014844 0.045833
0 0.909375 0.946528 0.028125 0.043056
0 0.289453 0.563194 0.024219 0.037500
0 0.967969 0.884028 0.021875 0.048611
0 0.178906 0.534028 0.028125 0.043056
0 0.525391 0.045833 0.022656 0.044444
0 0.366797 0.057639 0.017969 0.026389
0 0.856250 0.619444 0.023438 0.030556
0 0.451953 0.595139 0.022656 0.048611
0 0.438672 0.144444 0.017969 0.030556
0 0.562500 0.227778 0.015625 0.025000
0 0.528516 0.919444 0.022656 0.027778
0 0.487500 0.154861 0.018750 0.026389
0 0.336719 0.573611 0.023438 0.047222
0 0.114062 0.960417 0.026562 0.029167
0 0.528125 0.091667 0.014063 0.025000
0 0.450391 0.821528 0.024219 0.034722
0 0.258594 0.367361 0.017188 0.037500
0 0.192578 0.441667 0.016406 0.050000
0 0.585156 0.887500 0.026562 0.044444
0 0.684766 0.344444 0.022656 0.030556
0 0.128906 0.087500 0.026562 0.044444
0 0.660156 0.286806 0.014063 0.048611
0 0.885156 0.621528 0.015625 0.040278
0 0.890625 0.270833 0.018750 0.036111
0 0.226172 0.191667 0.025781 0.044444
0 0.127734 0.584028 0.014844 0.040278
0 0.317578 0.197917 0.022656 0.048611
0 0.095703 0.593750 0.017969 0.048611
0 0.486328 0.111806 0.016406 0.045833
0 0.023828 0.727778 0.017969 0.047222
0 0.239844 0.289583 0.025000 0.034722
0 0.437500 0.102778 0.020313 0.038889
0 0.635547 0.267361 0.016406 0.034722
0 0.387891 0.593750 0.017969 0.029167
0 0.399219 0.182639 0.017188 0.040278
0 0.536328 0.286806 0.025781 0.040278
0 0.527734 0.189583 0.016406 0.026389
0 0.462891 0.288889 0.017969 0.025000
0 0.272656 0.948611 0.015625 0.030556
0 0.502344 0.191667 0.021875 0.025000
0 0.241016 0.328472 0.022656 0.026389
0 0.405078 0.538194 0.027344 0.043056
0 0.196094 0.074306 0.026562 0.031944
0 0.478516 0.349306 0.024219 0.037500
0 0.034375 0.881944 0.018750 0.047222
0 0.700391 0.523611 0.014844 0.030556
0 0.246875 0.431250 0.018750 0.043056
0 0.733203 0.479861 0.019531 0.040278
0 0.355469 0.165278 0.017188 0.030556
0 0.066406 0.624306 0.020313 0.043056
0 0.330469 0.935417 0.018750 0.031944
0 0.132031 0.455556 0.014063 0.047222
0 0.031250 0.241667 0.015625 0.036111
0 0.272266 0.414583 0.014844 0.026389
0 0.076953 0.793056 0.022656 0.050000
0 0.899219 0.686111 0.028125 0.030556
0 0.935156 0.919444 0.015625 0.025000
0 0.212891 0.868056 0.024219 0.044444
0 0.100781 0.443750 0.020313 0.034722
0 0.960156 0.650000 0.014063 0.041667
0 0.917188 0.763889 0.028125 0.038889
0 0.261328 0.500000 0.025781 0.050000
0 0.139844 0.541667 0.020313 0.033333
0 0.308984 0.127778 0.021094 0.041667
0 0.500391 0.061111 0.021094 0.025000
1 0.839844 0.415972 0.171875 0.218056
1 0.565625 0.420833 0.137500 0.200000
1 0.369531 0.386806 0.139063 0.201389
1 0.167969 0.729861 0.100000 0.215278
1 0.655859 0.141667 0.136719 0.166667
1 0.133594 0.268056 0.109375 0.230556
1 0.322266 0.752083 0.130469 0.259722
1 0.743750 0.745833 0.162500 0.300000
1 0.889453 0.140278 0.163281 0.175000
1 0.542188 0.699306 0.131250 0.251389