0 0.757812 0.193359 0.050781 0.054688
0 0.689453 0.769531 0.031250 0.046875
0 0.247070 0.600586 0.037109 0.044922
0 0.662109 0.458984 0.035156 0.039062
0 0.870117 0.110352 0.041016 0.044922
0 0.156250 0.708984 0.042969 0.031250
0 0.598633 0.365234 0.044922 0.039062
0 0.051758 0.701172 0.041016 0.058594
0 0.940430 0.132812 0.044922 0.031250
0 0.324219 0.777344 0.058594 0.058594
0 0.850586 0.263672 0.041016 0.046875
0 0.190430 0.796875 0.048828 0.035156
0 0.137695 0.435547 0.041016 0.046875
0 0.220703 0.933594 0.035156 0.050781
0 0.106445 0.634766 0.037109 0.046875
0 0.115234 0.946289 0.054688 0.056641
0 0.075195 0.862305 0.048828 0.033203
0 0.137695 0.782227 0.041016 0.048828
0 0.291992 0.921875 0.052734 0.058594
0 0.688477 0.939453 0.037109 0.031250
0 0.150391 0.067383 0.031250 0.056641
0 0.622070 0.618164 0.041016 0.033203
0 0.252930 0.037109 0.048828 0.035156
0 0.235352 0.543945 0.056641 0.033203
0 0.070312 0.793945 0.050781 0.037109
0 0.445312 0.346680 0.046875 0.041016
0 0.401367 0.044922 0.056641 0.058594
0 0.611328 0.490234 0.039062 0.039062
0 0.951172 0.065430 0.042969 0.052734
0 0.089844 0.433594 0.035156 0.042969
0 0.249023 0.818359 0.037109 0.050781
0 0.042969 0.537109 0.035156 0.054688
0 0.904297 0.221680 0.046875 0.044922
1 0.403320 0.530273 0.255859 0.271484
1 0.835938 0.812500 0.210938 0.191406
1 0.604492 0.173828 0.162109 0.242188
1 0.537109 0.825195 0.242188 0.138672
1 0.343750 0.184570 0.167969 0.142578
1 0.112305 0.210938 0.166016 0.214844
1 0.830078 0.552734 0.226562 0.273438