0 0.373047 0.042969 0.050781 0.050781
0 0.510742 0.463867 0.041016 0.033203
0 0.891602 0.422852 0.033203 0.056641
0 0.118164 0.244141 0.044922 0.046875
0 0.043945 0.211914 0.037109 0.037109
0 0.152344 0.755859 0.046875 0.050781
0 0.726562 0.858398 0.050781 0.048828
0 0.758789 0.487305 0.033203 0.052734
0 0.660156 0.782227 0.058594 0.048828
0 0.873047 0.299805 0.058594 0.052734
0 0.603516 0.408203 0.058594 0.035156
0 0.337891 0.630859 0.035156 0.042969
0 0.332031 0.280273 0.031250 0.037109
0 0.154297 0.181641 0.035156 0.054688
0 0.371094 0.195312 0.046875 0.035156
0 0.947266 0.826172 0.046875 0.039062
0 0.183594 0.820312 0.039062 0.031250
0 0.340820 0.528320 0.056641 0.056641
0 0.607422 0.333008 0.058594 0.056641
0 0.557617 0.117188 0.037109 0.042969
0 0.502930 0.072266 0.048828 0.058594
0 0.634766 0.958984 0.039062 0.031250
0 0.087891 0.187500 0.035156 0.031250
0 0.839844 0.811523 0.058594 0.037109
0 0.829102 0.552734 0.041016 0.046875
0 0.876953 0.205078 0.035156 0.031250
0 0.272461 0.113281 0.037109 0.054688
0 0.926758 0.194336 0.041016 0.044922
0 0.679688 0.523438 0.035156 0.050781
0 0.626953 0.534180 0.039062 0.056641
0 0.269531 0.955078 0.039062 0.050781
1 0.843750 0.685547 0.238281 0.160156
1 0.323242 0.831055 0.158203 0.173828
1 0.492188 0.289062 0.136719 0.136719
1 0.712891 0.124023 0.187500 0.158203
1 0.549805 0.818359 0.138672 0.218750
1 0.163086 0.454102 0.216797 0.255859