0 0.330078 0.950195 0.035156 0.033203
0 0.042969 0.364258 0.031250 0.048828
0 0.307617 0.745117 0.041016 0.052734
0 0.696289 0.307617 0.056641 0.033203
0 0.279297 0.891602 0.039062 0.037109
0 0.659180 0.372070 0.041016 0.044922
0 0.918945 0.204102 0.033203 0.033203
0 0.934570 0.756836 0.033203 0.044922
0 0.173828 0.120117 0.050781 0.044922
0 0.899414 0.421875 0.056641 0.058594
0 0.835938 0.346680 0.046875 0.037109
0 0.111328 0.797852 0.035156 0.033203
0 0.221680 0.730469 0.056641 0.054688
0 0.835938 0.904297 0.035156 0.031250
0 0.754883 0.410156 0.056641 0.035156
0 0.642578 0.046875 0.039062 0.035156
0 0.776367 0.298828 0.033203 0.058594
0 0.080078 0.242188 0.054688 0.035156
0 0.121094 0.929688 0.050781 0.050781
0 0.883789 0.090820 0.056641 0.048828
0 0.395508 0.386719 0.044922 0.058594
0 0.349609 0.657227 0.031250 0.048828
0 0.052734 0.118164 0.054688 0.033203
0 0.938477 0.961914 0.033203 0.041016
0 0.928711 0.307617 0.048828 0.041016
0 0.785156 0.927734 0.050781 0.050781
0 0.796875 0.194336 0.050781 0.044922
0 0.307617 0.465820 0.056641 0.056641
0 0.396484 0.958984 0.054688 0.042969
0 0.519531 0.324219 0.039062 0.046875
0 0.056641 0.745117 0.054688 0.052734
0 0.598633 0.327148 0.037109 0.033203
0 0.091797 0.485352 0.054688 0.041016
0 0.615234 0.941406 0.035156 0.050781
0 0.445312 0.037109 0.035156 0.035156
0 0.364258 0.500000 0.037109 0.039062
0 0.791992 0.062500 0.044922 0.050781
0 0.132812 0.858398 0.031250 0.048828
0 0.812500 0.413086 0.042969 0.037109
0 0.568359 0.461914 0.035156 0.048828
0 0.199219 0.467773 0.050781 0.033203
0 0.296875 0.038086 0.031250 0.037109
1 0.453125 0.804688 0.148438 0.226562
1 0.599609 0.189453 0.273438 0.175781
1 0.197266 0.593750 0.191406 0.152344
1 0.514648 0.582031 0.193359 0.160156
1 0.780273 0.584961 0.244141 0.248047
1 0.172852 0.348633 0.154297 0.138672
1 0.817383 0.810547 0.142578 0.140625
1 0.349609 0.206055 0.140625 0.271484