0 0.592969 0.869444 0.023438 0.030556
0 0.298438 0.465278 0.026562 0.038889
0 0.535937 0.954167 0.025000 0.047222
0 0.487500 0.768056 0.028125 0.033333
0 0.737891 0.406944 0.017969 0.050000
0 0.060937 0.246528 0.014063 0.037500
0 0.952344 0.738889 0.021875 0.044444
0 0.790625 0.550694 0.025000 0.029167
0 0.661328 0.641667 0.025781 0.038889
0 0.523047 0.065278 0.017969 0.050000
0 0.721094 0.904861 0.021875 0.031944
0 0.250781 0.438889 0.017188 0.025000
0 0.296094 0.293056 0.014063 0.025000
0 0.742188 0.856944 0.015625 0.038889
0 0.081641 0.941667 0.016406 0.047222
0 0.412500 0.390278 0.015625 0.041667
0 0.027734 0.914583 0.019531 0.045833
0 0.119141 0.311111 0.024219 0.033333
0 0.102344 0.450000 0.018750 0.050000
0 0.246875 0.756944 0.020313 0.030556
0 0.065234 0.078472 0.024219 0.043056
0 0.382031 0.905556 0.021875 0.033333
0 0.599609 0.923611 0.025781 0.036111
0 0.942969 0.113194 0.028125 0.048611
0 0.678125 0.530556 0.018750 0.041667
0 0.020313 0.138194 0.021875 0.040278
0 0.349609 0.766667 0.014844 0.041667
0 0.344141 0.899306 0.019531 0.029167
0 0.339844 0.432639 0.023438 0.040278
0 0.224609 0.895833 0.025781 0.041667
0 0.029687 0.213889 0.028125 0.047222
0 0.312109 0.938194 0.022656 0.048611
0 0.455469 0.952778 0.026562 0.044444
0 0.287109 0.738889 0.016406 0.038889
0 0.474609 0.041667 0.016406 0.033333
0 0.525000 0.164583 0.018750 0.026389
0 0.812891 0.100694 0.019531 0.043056
0 0.687500 0.156944 0.017188 0.047222
0 0.511719 0.422222 0.018750 0.044444
0 0.035156 0.072917 0.017188 0.026389
0 0.039844 0.616667 0.015625 0.044444
0 0.439453 0.783333 0.027344 0.033333
0 0.300391 0.681944 0.021094 0.033333
0 0.104297 0.521528 0.014844 0.043056
0 0.318750 0.508333 0.017188 0.025000
0 0.889062 0.952778 0.018750 0.033333
0 0.285156 0.397222 0.028125 0.036111
0 0.948438 0.346528 0.021875 0.034722
0 0.335156 0.665278 0.021875 0.050000
0 0.301172 0.884722 0.017969 0.030556
0 0.485938 0.309028 0.021875 0.043056
0 0.032813 0.351389 0.028125 0.025000
0 0.954297 0.175000 0.014844 0.044444
0 0.094141 0.231944 0.025781 0.030556
0 0.306641 0.599306 0.024219 0.037500
0 0.602344 0.271528 0.025000 0.034722
0 0.057031 0.947917 0.021875 0.031944
0 0.260547 0.942361 0.016406 0.029167
0 0.402734 0.794444 0.022656 0.044444
0 0.420703 0.860417 0.027344 0.026389
0 0.715234 0.860417 0.016406 0.034722
0 0.699609 0.685417 0.016406 0.037500
0 0.471484 0.202083 0.027344 0.048611
0 0.065234 0.695833 0.022656 0.041667
0 0.700781 0.036806 0.017188 0.026389
0 0.230078 0.823611 0.014844 0.025000
0 0.300000 0.783333 0.017188 0.025000
0 0.753516 0.684028 0.027344 0.029167
0 0.093359 0.076389 0.021094 0.033333
0 0.941016 0.870139 0.019531 0.034722
0 0.375781 0.806944 0.014063 0.027778
0 0.726172 0.210417 0.017969 0.043056
0 0.884375 0.040972 0.014063 0.034722
0 0.048828 0.840278 0.024219 0.041667
0 0.148438 0.956944 0.021875 0.025000
0 0.966797 0.397222 0.025781 0.038889
0 0.418750 0.970139 0.014063 0.026389
0 0.186719 0.902083 0.026562 0.026389
0 0.890234 0.093750 0.016406 0.037500
0 0.460156 0.896528 0.018750 0.029167
0 0.539453 0.287500 0.016406 0.027778
0 0.576953 0.155556 0.025781 0.030556
0 0.632422 0.251389 0.025781 0.025000
0 0.976172 0.809028 0.014844 0.048611
1 0.621484 0.405556 0.144531 0.169444
1 0.423047 0.604167 0.127344 0.200000
1 0.852734 0.700000 0.146094 0.252778
1 0.192188 0.592361 0.128125 0.251389
1 0.850000 0.330556 0.162500 0.283333
1 0.578516 0.702083 0.124219 0.251389
1 0.391016 0.209722 0.105469 0.230556
1 0.205078 0.264583 0.116406 0.245833