0 0.059375 0.917361 0.026562 0.045833
0 0.645312 0.540278 0.023438 0.030556
0 0.541797 0.361111 0.022656 0.041667
0 0.603125 0.101389 0.018750 0.044444
0 0.623828 0.037500 0.022656 0.025000
0 0.859375 0.258333 0.015625 0.044444
0 0.775391 0.897222 0.017969 0.036111
0 0.328125 0.868750 0.014063 0.037500
0 0.838281 0.790278 0.026562 0.038889
0 0.689453 0.675694 0.016406 0.034722
0 0.771484 0.363889 0.019531 0.036111
0 0.313672 0.564583 0.017969 0.040278
0 0.913281 0.881250 0.015625 0.040278
0 0.856641 0.389583 0.025781 0.040278
0 0.086328 0.306250 0.025781 0.029167
0 0.307031 0.428472 0.021875 0.029167
0 0.502734 0.112500 0.027344 0.033333
0 0.656641 0.826389 0.025781 0.033333
0 0.816406 0.253472 0.021875 0.043056
0 0.899219 0.144444 0.028125 0.036111
0 0.393359 0.915972 0.019531 0.037500
0 0.368750 0.140972 0.017188 0.031944
0 0.314063 0.648611 0.018750 0.027778
0 0.617188 0.463889 0.028125 0.038889
0 0.017188 0.917361 0.014063 0.040278
0 0.751172 0.757639 0.025781 0.048611
0 0.560937 0.128472 0.023438 0.031944
0 0.301563 0.776389 0.020313 0.025000
0 0.873437 0.734028 0.025000 0.031944
0 0.071875 0.493056 0.020313 0.044444
0 0.147266 0.451389 0.017969 0.033333
0 0.228906 0.131944 0.017188 0.050000
0 0.962500 0.063194 0.015625 0.045833
0 0.307031 0.824306 0.015625 0.045833
0 0.030469 0.838889 0.021875 0.036111
0 0.304688 0.916667 0.017188 0.036111
0 0.972656 0.143750 0.017188 0.031944
0 0.907813 0.347917 0.026562 0.037500
0 0.416016 0.106250 0.017969 0.031944
0 0.898438 0.812500 0.021875 0.027778
0 0.734766 0.943056 0.021094 0.027778
0 0.525000 0.308333 0.017188 0.033333
0 0.697656 0.817361 0.015625 0.045833
0 0.655078 0.920833 0.016406 0.030556
0 0.310156 0.167361 0.018750 0.034722
0 0.050000 0.084028 0.020313 0.040278
0 0.358984 0.924306 0.025781 0.026389
0 0.066406 0.265278 0.026562 0.041667
0 0.567578 0.064583 0.025781 0.045833
0 0.760938 0.850000 0.014063 0.027778
0 0.757812 0.177083 0.025000 0.037500
0 0.124609 0.327778 0.025781 0.033333
0 0.241797 0.943750 0.024219 0.037500
0 0.037500 0.161111 0.028125 0.025000
0 0.265625 0.070833 0.026562 0.041667
0 0.820312 0.847222 0.018750 0.044444
0 0.808203 0.381944 0.022656 0.025000
0 0.603906 0.522917 0.020313 0.040278
0 0.038281 0.665278 0.025000 0.044444
0 0.446484 0.118750 0.024219 0.029167
0 0.820312 0.738194 0.015625 0.034722
0 0.816016 0.336111 0.014844 0.036111
0 0.774219 0.309028 0.025000 0.029167
0 0.599609 0.389583 0.022656 0.029167
0 0.055859 0.406250 0.017969 0.048611
0 0.526953 0.202083 0.024219 0.029167
0 0.329688 0.815278 0.014063 0.038889
0 0.327344 0.305556 0.015625 0.036111
0 0.394531 0.124306 0.018750 0.045833
0 0.676953 0.884722 0.016406 0.041667
0 0.798438 0.915972 0.020313 0.043056
0 0.952344 0.918750 0.014063 0.045833
0 0.648828 0.666667 0.017969 0.041667
0 0.734375 0.678472 0.017188 0.043056
0 0.144141 0.543750 0.024219 0.037500
0 0.024219 0.220139 0.020313 0.045833
0 0.832031 0.661111 0.021875 0.030556
0 0.483984 0.700694 0.021094 0.045833
0 0.342187 0.565972 0.014063 0.026389
0 0.791016 0.670833 0.019531 0.025000
0 0.291016 0.219444 0.014844 0.047222
0 0.423438 0.505556 0.020313 0.050000
0 0.980469 0.403472 0.014063 0.026389
0 0.257422 0.238889 0.027344 0.030556
0 0.268359 0.152778 0.022656 0.036111
0 0.487109 0.523611 0.014844 0.050000
0 0.131641 0.397917 0.014844 0.037500
0 0.351562 0.347222 0.025000 0.038889
0 0.074219 0.839583 0.028125 0.040278
0 0.575391 0.865278 0.017969 0.030556
0 0.498047 0.891667 0.016406 0.027778
0 0.925391 0.832639 0.019531 0.031944
0 0.063672 0.359028 0.016406 0.026389
0 0.951562 0.236806 0.017188 0.043056
0 0.894922 0.300694 0.019531 0.029167
0 0.906641 0.053472 0.014844 0.040278
0 0.321094 0.725694 0.018750 0.043056
0 0.324219 0.219444 0.025000 0.033333
0 0.563672 0.540972 0.019531 0.026389
0 0.655078 0.756250 0.027344 0.043056
0 0.977344 0.926389 0.017188 0.025000
0 0.588281 0.461806 0.021875 0.043056
0 0.970703 0.812500 0.019531 0.027778
0 0.627734 0.962500 0.016406 0.041667
1 0.695703 0.379861 0.117969 0.193056
1 0.411719 0.702083 0.112500 0.295833
1 0.225391 0.385417 0.122656 0.226389
1 0.564453 0.684028 0.119531 0.237500
1 0.440234 0.302083 0.130469 0.270833
1 0.912500 0.590972 0.128125 0.218056
1 0.132031 0.679167 0.118750 0.169444
1 0.144531 0.150000 0.104688 0.194444