0 0.554688 0.242361 0.021875 0.031944
0 0.852734 0.236111 0.014844 0.041667
0 0.866797 0.150000 0.019531 0.036111
0 0.674219 0.856944 0.014063 0.047222
0 0.170313 0.879861 0.014063 0.040278
0 0.293750 0.069444 0.028125 0.027778
0 0.235156 0.794444 0.015625 0.033333
0 0.029687 0.323611 0.015625 0.025000
0 0.709766 0.622917 0.016406 0.045833
0 0.910547 0.350000 0.022656 0.047222
0 0.492188 0.143750 0.015625 0.037500
0 0.550781 0.708333 0.014063 0.027778
0 0.591797 0.965278 0.024219 0.033333
0 0.835938 0.946528 0.028125 0.031944
0 0.417969 0.127778 0.025000 0.047222
0 0.101562 0.056250 0.028125 0.031944
0 0.137500 0.829861 0.026562 0.029167
0 0.296875 0.110417 0.028125 0.029167
0 0.388672 0.434722 0.016406 0.041667
0 0.947266 0.895139 0.016406 0.031944
0 0.857812 0.692361 0.017188 0.031944
0 0.471094 0.960417 0.028125 0.040278
0 0.868750 0.327778 0.026562 0.036111
0 0.828125 0.534722 0.026562 0.033333
0 0.286719 0.338194 0.018750 0.043056
0 0.971094 0.304861 0.017188 0.034722
0 0.358203 0.429167 0.027344 0.030556
0 0.217578 0.413889 0.017969 0.044444
0 0.313281 0.890972 0.026562 0.040278
0 0.027734 0.136111 0.027344 0.047222
0 0.613672 0.273611 0.027344 0.027778
0 0.637500 0.139583 0.017188 0.043056
0 0.540234 0.396528 0.027344 0.043056
0 0.716016 0.940972 0.019531 0.043056
0 0.293359 0.792361 0.027344 0.043056
0 0.582031 0.045833 0.025000 0.038889
0 0.916016 0.709722 0.017969 0.050000
0 0.182812 0.077083 0.020313 0.040278
0 0.024219 0.937500 0.025000 0.050000
0 0.817578 0.293056 0.017969 0.047222
0 0.839063 0.318056 0.017188 0.041667
0 0.179297 0.691667 0.024219 0.050000
0 0.661328 0.777778 0.016406 0.041667
0 0.973047 0.843056 0.024219 0.033333
0 0.881250 0.042361 0.020313 0.045833
0 0.778906 0.937500 0.021875 0.044444
0 0.915625 0.269444 0.015625 0.041667
0 0.538281 0.766667 0.028125 0.044444
0 0.107031 0.945833 0.028125 0.038889
0 0.800781 0.172917 0.015625 0.031944
0 0.707812 0.830556 0.020313 0.041667
0 0.601953 0.805556 0.014844 0.027778
0 0.337500 0.124306 0.015625 0.037500
0 0.885156 0.649306 0.018750 0.040278
0 0.868359 0.421528 0.027344 0.026389
0 0.237891 0.946528 0.025781 0.031944
0 0.806250 0.113194 0.023438 0.043056
0 0.859766 0.498611 0.022656 0.050000
0 0.943359 0.697222 0.024219 0.047222
0 0.859375 0.575000 0.026562 0.041667
0 0.354687 0.175694 0.028125 0.026389
0 0.201172 0.847917 0.024219 0.026389
0 0.431250 0.042361 0.026562 0.043056
0 0.403516 0.527778 0.024219 0.050000
0 0.935547 0.078472 0.019531 0.031944
0 0.539453 0.052778 0.017969 0.041667
0 0.241797 0.273611 0.022656 0.044444
0 0.300781 0.680556 0.020313 0.050000
0 0.416797 0.475694 0.024219 0.034722
0 0.515234 0.343056 0.016406 0.030556
0 0.905078 0.080556 0.014844 0.038889
0 0.969141 0.480556 0.017969 0.033333
0 0.498437 0.685417 0.017188 0.045833
0 0.437109 0.950694 0.016406 0.029167
0 0.745703 0.082639 0.027344 0.034722
0 0.168359 0.764583 0.021094 0.048611
0 0.219531 0.093056 0.023438 0.036111
0 0.926562 0.155556 0.020313 0.036111
0 0.973437 0.398611 0.020313 0.036111
0 0.569141 0.887500 0.024219 0.038889
0 0.878906 0.903472 0.025000 0.037500
0 0.890625 0.497222 0.015625 0.027778
0 0.092578 0.899306 0.021094 0.043056
0 0.504687 0.093750 0.017188 0.029167
0 0.877344 0.734722 0.014063 0.025000
1 0.253516 0.550694 0.164844 0.193056
1 0.728516 0.289583 0.110156 0.273611
1 0.123828 0.279861 0.121094 0.237500
1 0.779297 0.715278 0.110156 0.305556
1 0.409375 0.733333 0.101562 0.291667
1 0.578125 0.546528 0.109375 0.193056
1 0.442188 0.275000 0.110937 0.202778
1 0.091406 0.649306 0.114062 0.293056