0 0.708984 0.416992 0.050781 0.048828
0 0.759766 0.440430 0.035156 0.056641
0 0.862305 0.058594 0.048828 0.031250
0 0.816406 0.459961 0.050781 0.037109
0 0.441406 0.410156 0.046875 0.050781
0 0.943359 0.615234 0.050781 0.042969
0 0.034180 0.571289 0.037109 0.052734
0 0.131836 0.617188 0.041016 0.039062
0 0.966797 0.165039 0.031250 0.037109
0 0.075195 0.955078 0.033203 0.054688
0 0.545898 0.401367 0.048828 0.044922
0 0.254883 0.558594 0.037109 0.054688
0 0.083008 0.588867 0.041016 0.037109
0 0.932617 0.692383 0.044922 0.033203
0 0.947266 0.041992 0.050781 0.048828
0 0.677734 0.362305 0.035156 0.037109
0 0.368164 0.471680 0.037109 0.037109
0 0.560547 0.717773 0.042969 0.048828
0 0.828125 0.665039 0.058594 0.044922
0 0.247070 0.618164 0.041016 0.044922
0 0.555664 0.089844 0.037109 0.035156
0 0.476562 0.534180 0.046875 0.041016
0 0.383789 0.701172 0.044922 0.035156
0 0.572266 0.947266 0.042969 0.039062
0 0.035156 0.332031 0.031250 0.058594
0 0.416992 0.538086 0.041016 0.048828
0 0.433594 0.948242 0.046875 0.056641
0 0.608398 0.245117 0.033203 0.037109
0 0.514648 0.610352 0.041016 0.052734
0 0.899414 0.420898 0.037109 0.048828
0 0.492188 0.100586 0.035156 0.037109
0 0.469727 0.697266 0.052734 0.035156
0 0.898438 0.552734 0.031250 0.035156
0 0.953125 0.261719 0.035156 0.031250
0 0.947266 0.748047 0.039062 0.058594
0 0.617188 0.330078 0.035156 0.054688
0 0.109375 0.700195 0.042969 0.044922
0 0.054688 0.497070 0.054688 0.033203
0 0.090820 0.795898 0.041016 0.052734
1 0.474609 0.272461 0.214844 0.181641
1 0.237305 0.899414 0.216797 0.158203
1 0.214844 0.441406 0.242188 0.164062
1 0.668945 0.583984 0.220703 0.187500
1 0.778320 0.883789 0.220703 0.197266
1 0.794922 0.213867 0.222656 0.224609
1 0.209961 0.188477 0.251953 0.201172
1 0.508789 0.838867 0.205078 0.138672