0 0.078125 0.501953 0.046875 0.031250
0 0.600586 0.112305 0.037109 0.033203
0 0.667969 0.771484 0.054688 0.031250
0 0.534180 0.035156 0.056641 0.031250
0 0.461914 0.095703 0.037109 0.046875
0 0.638672 0.039062 0.035156 0.042969
0 0.609375 0.616211 0.039062 0.033203
0 0.320312 0.357422 0.054688 0.058594
0 0.870117 0.671875 0.052734 0.042969
0 0.745117 0.453125 0.056641 0.042969
0 0.076172 0.818359 0.035156 0.035156
0 0.246094 0.093750 0.042969 0.050781
0 0.395508 0.149414 0.052734 0.033203
0 0.959961 0.050781 0.044922 0.046875
0 0.602539 0.262695 0.033203 0.037109
0 0.319336 0.213867 0.052734 0.048828
0 0.165039 0.054688 0.044922 0.039062
0 0.480469 0.160156 0.039062 0.039062
0 0.585938 0.822266 0.046875 0.058594
0 0.564453 0.922852 0.046875 0.048828
0 0.333984 0.094727 0.058594 0.052734
0 0.326172 0.515625 0.046875 0.035156
0 0.172852 0.844727 0.056641 0.037109
0 0.424805 0.614258 0.048828 0.033203
0 0.390625 0.108398 0.035156 0.033203
0 0.559570 0.713867 0.033203 0.033203
0 0.664062 0.843750 0.039062 0.054688
0 0.373047 0.281250 0.031250 0.042969
0 0.804688 0.081055 0.035156 0.048828
0 0.119141 0.934570 0.031250 0.048828
0 0.754883 0.147461 0.048828 0.033203
0 0.402344 0.470703 0.054688 0.058594
0 0.049805 0.923828 0.052734 0.035156
0 0.332031 0.617188 0.054688 0.050781
0 0.128906 0.157227 0.031250 0.041016
0 0.087891 0.039062 0.046875 0.039062
0 0.441406 0.347656 0.054688 0.050781
0 0.527344 0.091797 0.039062 0.031250
0 0.890625 0.095703 0.042969 0.042969
0 0.548828 0.250000 0.035156 0.042969
0 0.239258 0.682617 0.052734 0.056641
0 0.399414 0.681641 0.044922 0.046875
0 0.468750 0.791016 0.050781 0.050781
0 0.502930 0.628906 0.056641 0.058594
1 0.162109 0.340820 0.164062 0.244141
1 0.583008 0.431641 0.150391 0.261719
1 0.326172 0.846680 0.195312 0.240234
1 0.868164 0.537109 0.166016 0.187500
1 0.817383 0.290039 0.181641 0.185547
1 0.824219 0.820312 0.230469 0.238281
1 0.107422 0.640625 0.167969 0.191406