0 0.420898 0.958984 0.052734 0.050781
0 0.664062 0.348633 0.035156 0.044922
0 0.265625 0.406250 0.039062 0.058594
0 0.186523 0.849609 0.037109 0.046875
0 0.083984 0.076172 0.054688 0.058594
0 0.154297 0.416992 0.042969 0.052734
0 0.940430 0.227539 0.052734 0.033203
0 0.167969 0.678711 0.035156 0.033203
0 0.334961 0.490234 0.037109 0.042969
0 0.425781 0.278320 0.035156 0.048828
0 0.802734 0.268555 0.058594 0.041016
0 0.954102 0.323242 0.041016 0.052734
0 0.595703 0.673828 0.031250 0.039062
0 0.944336 0.164062 0.037109 0.031250
0 0.041992 0.937500 0.033203 0.031250
0 0.061523 0.658203 0.044922 0.042969
0 0.243164 0.489258 0.041016 0.037109
0 0.158203 0.108398 0.050781 0.041016
0 0.305664 0.605469 0.052734 0.058594
0 0.718750 0.302734 0.058594 0.039062
0 0.311523 0.917969 0.037109 0.050781
0 0.126953 0.837891 0.050781 0.046875
0 0.852539 0.324219 0.048828 0.046875
0 0.524414 0.047852 0.033203 0.048828
0 0.620117 0.615234 0.048828 0.054688
0 0.167969 0.938477 0.035156 0.033203
0 0.089844 0.746094 0.039062 0.050781
0 0.248047 0.895508 0.054688 0.033203
0 0.151367 0.625977 0.052734 0.033203
0 0.470703 0.370117 0.039062 0.037109
0 0.423828 0.340820 0.035156 0.052734
0 0.615234 0.336914 0.039062 0.037109
0 0.113281 0.899414 0.042969 0.056641
1 0.341797 0.750977 0.257812 0.208984
1 0.567383 0.213867 0.162109 0.173828
1 0.827148 0.115234 0.173828 0.136719
1 0.300781 0.194336 0.164062 0.232422
1 0.853516 0.808594 0.144531 0.253906
1 0.529297 0.491211 0.261719 0.177734
1 0.821289 0.507812 0.185547 0.218750
1 0.616211 0.823242 0.228516 0.158203
1 0.111328 0.270508 0.144531 0.224609