0 0.632812 0.835417 0.017188 0.048611
0 0.083203 0.809722 0.024219 0.033333
0 0.967578 0.825694 0.022656 0.026389
0 0.977344 0.466667 0.014063 0.036111
0 0.445312 0.159028 0.025000 0.026389
0 0.341797 0.296528 0.025781 0.045833
0 0.870313 0.540278 0.025000 0.041667
0 0.954297 0.430556 0.019531 0.025000
0 0.374609 0.210417 0.022656 0.026389
0 0.904297 0.386806 0.024219 0.048611
0 0.590234 0.654167 0.022656 0.050000
0 0.273047 0.924306 0.024219 0.040278
0 0.933203 0.081250 0.014844 0.029167
0 0.480078 0.245833 0.024219 0.027778
0 0.859375 0.224306 0.017188 0.031944
0 0.763281 0.043750 0.014063 0.029167
0 0.867188 0.913889 0.021875 0.030556
0 0.630078 0.546528 0.014844 0.037500
0 0.968359 0.263194 0.025781 0.045833
0 0.436719 0.949306 0.014063 0.029167
0 0.034766 0.905556 0.017969 0.041667
0 0.619531 0.031944 0.014063 0.030556
0 0.341406 0.207639 0.017188 0.034722
0 0.834766 0.311806 0.016406 0.043056
0 0.155078 0.750000 0.022656 0.030556
0 0.573828 0.529167 0.022656 0.047222
0 0.629297 0.955556 0.027344 0.027778
0 0.357812 0.054861 0.028125 0.040278
0 0.659375 0.960417 0.017188 0.026389
0 0.402344 0.079167 0.023438 0.027778
0 0.022266 0.297917 0.019531 0.048611
0 0.426953 0.317361 0.021094 0.037500
0 0.057031 0.301389 0.017188 0.044444
0 0.164844 0.295139 0.015625 0.026389
0 0.069531 0.673611 0.015625 0.030556
0 0.425000 0.231250 0.017188 0.031944
0 0.046094 0.122222 0.014063 0.041667
0 0.034375 0.827083 0.025000 0.040278
0 0.183594 0.874306 0.020313 0.040278
0 0.070703 0.170833 0.014844 0.038889
0 0.207422 0.504861 0.022656 0.048611
0 0.337891 0.944444 0.027344 0.027778
0 0.473438 0.912500 0.017188 0.033333
0 0.484375 0.378472 0.021875 0.034722
0 0.207422 0.360417 0.019531 0.043056
0 0.025391 0.347917 0.025781 0.026389
0 0.235156 0.460417 0.014063 0.037500
0 0.383203 0.159028 0.017969 0.048611
0 0.389844 0.748611 0.020313 0.047222
0 0.637891 0.601389 0.014844 0.036111
0 0.495703 0.522917 0.027344 0.031944
0 0.482031 0.280556 0.025000 0.027778
0 0.352734 0.786111 0.014844 0.025000
0 0.317578 0.109028 0.025781 0.026389
0 0.910937 0.323611 0.014063 0.025000
0 0.468750 0.956250 0.023438 0.031944
0 0.198437 0.446528 0.025000 0.040278
0 0.332031 0.164583 0.028125 0.034722
0 0.850391 0.116667 0.021094 0.036111
0 0.950000 0.042361 0.026562 0.029167
0 0.909375 0.152778 0.020313 0.036111
0 0.210938 0.565972 0.025000 0.045833
0 0.627344 0.879167 0.025000 0.025000
0 0.224609 0.415278 0.019531 0.041667
0 0.923438 0.863889 0.028125 0.038889
0 0.286328 0.160417 0.021094 0.037500
0 0.572266 0.740278 0.022656 0.025000
0 0.929688 0.484028 0.015625 0.031944
0 0.889062 0.434722 0.028125 0.033333
0 0.496875 0.096528 0.021875 0.043056
0 0.589063 0.084722 0.015625 0.038889
0 0.883203 0.143056 0.025781 0.036111
0 0.455859 0.067361 0.019531 0.043056
0 0.022656 0.123611 0.018750 0.038889
0 0.076172 0.090972 0.014844 0.048611
0 0.603516 0.788889 0.025781 0.041667
0 0.973828 0.597222 0.025781 0.050000
0 0.167187 0.928472 0.020313 0.040278
0 0.308203 0.036806 0.025781 0.037500
1 0.759766 0.817361 0.167969 0.279167
1 0.779297 0.484028 0.135156 0.234722
1 0.251563 0.713889 0.157812 0.227778
1 0.481641 0.736111 0.138281 0.266667
1 0.617969 0.331944 0.139063 0.261111
1 0.319141 0.425694 0.141406 0.168056
1 0.176563 0.159722 0.118750 0.208333
1 0.760547 0.215972 0.100781 0.204167
1 0.094922 0.498611 0.097656 0.252778