0 0.883789 0.116211 0.056641 0.056641
0 0.322266 0.577148 0.039062 0.041016
0 0.159180 0.590820 0.041016 0.052734
0 0.951172 0.929688 0.046875 0.031250
0 0.425781 0.891602 0.054688 0.044922
0 0.044922 0.115234 0.031250 0.031250
0 0.208984 0.265625 0.039062 0.035156
0 0.535156 0.841797 0.035156 0.039062
0 0.650391 0.826172 0.046875 0.054688
0 0.041992 0.651367 0.048828 0.056641
0 0.953125 0.080078 0.042969 0.039062
0 0.632812 0.040039 0.046875 0.033203
0 0.432617 0.833984 0.052734 0.046875
0 0.643555 0.938477 0.044922 0.033203
0 0.781250 0.785156 0.058594 0.039062
0 0.746094 0.719727 0.031250 0.052734
0 0.041992 0.723633 0.033203 0.033203
0 0.341797 0.464844 0.039062 0.046875
0 0.071289 0.230469 0.041016 0.039062
0 0.286133 0.245117 0.048828 0.033203
0 0.347656 0.360352 0.031250 0.052734
0 0.846680 0.739258 0.033203 0.037109
0 0.489258 0.947266 0.041016 0.031250
0 0.911133 0.729492 0.044922 0.056641
0 0.543945 0.903320 0.033203 0.044922
0 0.760742 0.166016 0.052734 0.046875
0 0.697266 0.143555 0.031250 0.037109
0 0.608398 0.658203 0.048828 0.035156
0 0.050781 0.960938 0.039062 0.042969
0 0.064453 0.595703 0.046875 0.035156
0 0.047852 0.837891 0.048828 0.042969
0 0.493164 0.031250 0.037109 0.031250
0 0.179688 0.664062 0.031250 0.042969
0 0.304688 0.648438 0.054688 0.042969
0 0.663086 0.594727 0.056641 0.044922
0 0.829102 0.035156 0.037109 0.035156
0 0.654297 0.720703 0.031250 0.046875
0 0.953125 0.355469 0.050781 0.058594
0 0.351562 0.291016 0.042969 0.042969
0 0.965820 0.757812 0.037109 0.050781
0 0.442383 0.041016 0.044922 0.046875
0 0.955078 0.434570 0.039062 0.033203
1 0.794922 0.333984 0.191406 0.214844
1 0.157227 0.408203 0.267578 0.203125
1 0.480469 0.677734 0.179688 0.246094
1 0.838867 0.572266 0.169922 0.210938
1 0.538086 0.193359 0.251953 0.210938
1 0.218750 0.804688 0.273438 0.191406
1 0.823242 0.912109 0.173828 0.136719
1 0.257812 0.144531 0.261719 0.136719
1 0.537109 0.448242 0.257812 0.166016