0 0.679688 0.093750 0.058594 0.031250
0 0.444336 0.148438 0.044922 0.042969
0 0.863281 0.128906 0.031250 0.058594
0 0.087891 0.585938 0.042969 0.050781
0 0.326172 0.391602 0.035156 0.044922
0 0.508789 0.535156 0.052734 0.031250
0 0.555664 0.045898 0.056641 0.041016
0 0.619141 0.156250 0.031250 0.035156
0 0.913086 0.717773 0.037109 0.044922
0 0.853516 0.433594 0.050781 0.046875
0 0.638672 0.043945 0.042969 0.044922
0 0.070312 0.134766 0.042969 0.058594
0 0.908203 0.392578 0.031250 0.054688
0 0.618164 0.783203 0.041016 0.039062
0 0.663086 0.728516 0.052734 0.046875
0 0.444336 0.041992 0.044922 0.048828
0 0.069336 0.249023 0.037109 0.041016
0 0.503906 0.164062 0.039062 0.050781
0 0.083984 0.634766 0.042969 0.031250
0 0.040039 0.191406 0.044922 0.035156
0 0.586914 0.391602 0.033203 0.033203
0 0.903320 0.944336 0.056641 0.033203
0 0.592773 0.214844 0.048828 0.042969
0 0.382812 0.647461 0.035156 0.052734
0 0.937500 0.237305 0.039062 0.044922
0 0.114258 0.371094 0.044922 0.031250
0 0.907227 0.798828 0.033203 0.058594
0 0.375977 0.036133 0.056641 0.037109
0 0.401367 0.557617 0.041016 0.056641
0 0.223633 0.397461 0.056641 0.056641
0 0.514648 0.585938 0.052734 0.039062
0 0.909180 0.038086 0.037109 0.037109
0 0.564453 0.963867 0.042969 0.037109
0 0.760742 0.076172 0.056641 0.046875
0 0.249023 0.685547 0.056641 0.054688
0 0.595703 0.104492 0.054688 0.033203
0 0.768555 0.660156 0.056641 0.039062
0 0.304688 0.646484 0.035156 0.035156
0 0.561523 0.799805 0.041016 0.052734
0 0.388672 0.155273 0.046875 0.037109
0 0.044922 0.309570 0.031250 0.044922
0 0.578125 0.310547 0.035156 0.035156
0 0.470703 0.646484 0.050781 0.054688
0 0.284180 0.064453 0.052734 0.035156
0 0.720703 0.148438 0.054688 0.042969
1 0.902344 0.571289 0.144531 0.185547
1 0.751953 0.277344 0.226562 0.187500
1 0.464844 0.336914 0.167969 0.208984
1 0.180664 0.851562 0.228516 0.183594
1 0.433594 0.833984 0.164062 0.242188
1 0.782227 0.822266 0.169922 0.222656
1 0.236328 0.525391 0.183594 0.183594
1 0.265625 0.216797 0.179688 0.226562
1 0.671875 0.505859 0.187500 0.179688