0 0.546875 0.431641 0.046875 0.031250
0 0.389648 0.222656 0.056641 0.054688
0 0.064453 0.902344 0.054688 0.050781
0 0.074219 0.841797 0.042969 0.046875
0 0.380859 0.119141 0.058594 0.058594
0 0.293945 0.599609 0.037109 0.054688
0 0.354492 0.897461 0.033203 0.033203
0 0.332031 0.416016 0.050781 0.039062
0 0.814453 0.476562 0.042969 0.042969
0 0.939453 0.921875 0.050781 0.054688
0 0.400391 0.949219 0.058594 0.042969
0 0.235352 0.218750 0.044922 0.035156
0 0.838867 0.387695 0.041016 0.041016
0 0.309570 0.298828 0.052734 0.058594
0 0.935547 0.816406 0.042969 0.042969
0 0.133789 0.944336 0.044922 0.056641
0 0.056641 0.371094 0.058594 0.042969
0 0.744141 0.408203 0.054688 0.042969
0 0.717773 0.113281 0.044922 0.042969
0 0.717773 0.736328 0.044922 0.039062
0 0.659180 0.412109 0.033203 0.031250
0 0.175781 0.223633 0.054688 0.052734
0 0.704102 0.878906 0.052734 0.035156
0 0.429688 0.050781 0.058594 0.039062
0 0.944336 0.183594 0.041016 0.035156
0 0.940430 0.128906 0.041016 0.046875
0 0.432617 0.396484 0.052734 0.039062
0 0.719727 0.500000 0.052734 0.050781
0 0.914062 0.479492 0.031250 0.041016
0 0.359375 0.681641 0.058594 0.039062
0 0.675781 0.952148 0.031250 0.052734
0 0.427734 0.342773 0.031250 0.052734
0 0.380859 0.507812 0.035156 0.054688
1 0.556641 0.618164 0.257812 0.259766
1 0.833984 0.186523 0.156250 0.267578
1 0.252930 0.783203 0.146484 0.140625
1 0.574219 0.189453 0.210938 0.250000
1 0.871094 0.627930 0.226562 0.208984
1 0.151367 0.098633 0.271484 0.150391
1 0.180664 0.401367 0.162109 0.228516
1 0.832031 0.858398 0.144531 0.150391
1 0.534180 0.877930 0.181641 0.208984