0 0.660937 0.556250 0.028125 0.040278
0 0.157422 0.461806 0.021094 0.043056
0 0.176953 0.037500 0.025781 0.027778
0 0.632812 0.929167 0.017188 0.036111
0 0.461719 0.823611 0.015625 0.044444
0 0.028516 0.887500 0.027344 0.033333
0 0.130078 0.918750 0.019531 0.045833
0 0.845313 0.295833 0.026562 0.027778
0 0.862109 0.167361 0.017969 0.031944
0 0.562891 0.793750 0.016406 0.043056
0 0.921875 0.579861 0.020313 0.048611
0 0.038281 0.352778 0.023438 0.044444
0 0.196094 0.943056 0.020313 0.027778
0 0.193359 0.465972 0.025781 0.043056
0 0.524609 0.923611 0.019531 0.033333
0 0.066797 0.313194 0.021094 0.034722
0 0.567578 0.056944 0.014844 0.044444
0 0.146484 0.297917 0.027344 0.026389
0 0.390234 0.332639 0.017969 0.031944
0 0.464453 0.595139 0.022656 0.029167
0 0.055859 0.551389 0.019531 0.041667
0 0.837109 0.199306 0.014844 0.031944
0 0.083594 0.662500 0.015625 0.038889
0 0.944141 0.358333 0.025781 0.044444
0 0.114062 0.203472 0.017188 0.040278
0 0.212109 0.870139 0.024219 0.031944
0 0.441016 0.574306 0.017969 0.037500
0 0.405859 0.593750 0.017969 0.040278
0 0.782031 0.233333 0.014063 0.038889
0 0.812500 0.093750 0.018750 0.040278
0 0.979297 0.364583 0.021094 0.031944
0 0.670312 0.139583 0.021875 0.026389
0 0.610156 0.575694 0.015625 0.040278
0 0.498047 0.652778 0.024219 0.027778
0 0.316406 0.930556 0.021875 0.047222
0 0.582422 0.171528 0.025781 0.034722
0 0.352734 0.953472 0.016406 0.048611
0 0.361328 0.518056 0.017969 0.036111
0 0.303125 0.602778 0.020313 0.044444
0 0.042578 0.215972 0.017969 0.026389
0 0.309766 0.293056 0.021094 0.044444
0 0.073828 0.841667 0.021094 0.044444
0 0.850391 0.392361 0.014844 0.045833
0 0.392969 0.393056 0.014063 0.050000
0 0.698047 0.179861 0.025781 0.029167
0 0.301953 0.483333 0.027344 0.041667
0 0.574219 0.650000 0.023438 0.038889
0 0.537891 0.742361 0.021094 0.031944
0 0.876563 0.444444 0.015625 0.036111
0 0.117188 0.304167 0.020313 0.025000
0 0.098047 0.446528 0.024219 0.026389
0 0.463281 0.668750 0.017188 0.026389
0 0.335547 0.576389 0.027344 0.038889
0 0.738281 0.085417 0.015625 0.037500
0 0.965625 0.795833 0.028125 0.041667
0 0.314063 0.043056 0.023438 0.047222
0 0.838672 0.242361 0.017969 0.031944
0 0.964063 0.483333 0.028125 0.038889
0 0.107813 0.902778 0.014063 0.027778
0 0.039844 0.068056 0.018750 0.047222
0 0.328906 0.333333 0.020313 0.025000
0 0.817578 0.304167 0.017969 0.025000
0 0.886328 0.489583 0.024219 0.034722
0 0.498437 0.545833 0.020313 0.038889
0 0.377734 0.570833 0.014844 0.025000
0 0.139063 0.246528 0.020313 0.045833
0 0.938281 0.070139 0.023438 0.026389
0 0.817578 0.382639 0.021094 0.048611
0 0.078516 0.488889 0.016406 0.036111
0 0.509766 0.882639 0.016406 0.029167
0 0.874609 0.066667 0.019531 0.050000
0 0.034375 0.769444 0.017188 0.025000
0 0.964063 0.677083 0.028125 0.040278
0 0.960156 0.205556 0.021875 0.033333
0 0.093750 0.369444 0.021875 0.036111
0 0.627734 0.149306 0.017969 0.040278
0 0.459375 0.900694 0.015625 0.034722
0 0.278906 0.596528 0.014063 0.029167
0 0.083203 0.225000 0.014844 0.033333
0 0.610156 0.923611 0.018750 0.047222
0 0.068359 0.071528 0.014844 0.045833
0 0.884766 0.953472 0.014844 0.037500
0 0.082422 0.888889 0.016406 0.027778
0 0.473047 0.772222 0.022656 0.027778
0 0.073828 0.153472 0.021094 0.040278
0 0.685937 0.095833 0.015625 0.050000
0 0.846875 0.448611 0.014063 0.030556
0 0.111328 0.410417 0.025781 0.029167
0 0.903906 0.203472 0.023438 0.026389
0 0.747266 0.397917 0.024219 0.029167
0 0.061328 0.756944 0.019531 0.033333
0 0.754297 0.356944 0.025781 0.041667
0 0.054297 0.679861 0.027344 0.031944
0 0.322656 0.132639 0.017188 0.040278
0 0.569531 0.751389 0.018750 0.030556
0 0.842187 0.060417 0.021875 0.031944
0 0.805078 0.165972 0.024219 0.043056
0 0.963281 0.408333 0.015625 0.036111
0 0.976953 0.298611 0.014844 0.041667
0 0.317969 0.202083 0.015625 0.045833
0 0.157031 0.382639 0.018750 0.037500
0 0.022266 0.408333 0.016406 0.025000
0 0.534766 0.661111 0.024219 0.030556
0 0.230859 0.927083 0.022656 0.037500
0 0.728906 0.156250 0.028125 0.031944
1 0.243750 0.279861 0.100000 0.304167
1 0.357422 0.754861 0.121094 0.218056
1 0.639844 0.375694 0.171875 0.290278
1 0.441797 0.148611 0.160156 0.197222
1 0.174219 0.645139 0.154688 0.293056
1 0.679688 0.730556 0.096875 0.283333
1 0.891797 0.745833 0.097656 0.183333