0 0.937500 0.845833 0.014063 0.038889
0 0.359766 0.902778 0.025781 0.038889
0 0.503125 0.049306 0.017188 0.037500
0 0.980078 0.213194 0.019531 0.037500
0 0.950391 0.756944 0.024219 0.047222
0 0.813672 0.519444 0.021094 0.047222
0 0.035937 0.475000 0.028125 0.038889
0 0.182031 0.600000 0.025000 0.025000
0 0.395313 0.932639 0.015625 0.029167
0 0.689844 0.844444 0.015625 0.033333
0 0.356250 0.168056 0.018750 0.027778
0 0.893750 0.693750 0.020313 0.037500
0 0.593750 0.701389 0.014063 0.041667
0 0.504687 0.128472 0.021875 0.029167
0 0.841016 0.293056 0.019531 0.044444
0 0.573828 0.106250 0.019531 0.037500
0 0.875000 0.232639 0.021875 0.045833
0 0.387500 0.620139 0.020313 0.043056
0 0.104688 0.468056 0.020313 0.027778
0 0.069922 0.102778 0.024219 0.027778
0 0.753906 0.741667 0.017188 0.047222
0 0.624219 0.439583 0.021875 0.040278
0 0.825000 0.661111 0.017188 0.033333
0 0.821484 0.829861 0.016406 0.029167
0 0.489844 0.811806 0.023438 0.031944
0 0.541016 0.831250 0.014844 0.037500
0 0.610938 0.759722 0.014063 0.047222
0 0.914062 0.818750 0.026562 0.043056
0 0.105859 0.516667 0.022656 0.038889
0 0.279297 0.224306 0.022656 0.034722
0 0.367188 0.334722 0.020313 0.033333
0 0.603906 0.611806 0.014063 0.034722
0 0.920703 0.087500 0.022656 0.027778
0 0.828906 0.573611 0.021875 0.044444
0 0.836328 0.911806 0.019531 0.048611
0 0.176953 0.073611 0.014844 0.044444
0 0.566016 0.413194 0.014844 0.043056
0 0.844141 0.459028 0.019531 0.031944
0 0.868359 0.081250 0.027344 0.048611
0 0.970313 0.080556 0.018750 0.033333
0 0.485938 0.964583 0.017188 0.034722
0 0.566016 0.693750 0.019531 0.026389
0 0.946875 0.923611 0.017188 0.041667
0 0.800000 0.290278 0.015625 0.041667
0 0.177344 0.667361 0.014063 0.043056
0 0.544922 0.122917 0.027344 0.045833
0 0.483594 0.598611 0.017188 0.036111
0 0.837891 0.386111 0.014844 0.025000
0 0.902344 0.875694 0.026562 0.043056
0 0.916406 0.744444 0.017188 0.041667
0 0.119531 0.586111 0.028125 0.047222
0 0.349219 0.634028 0.020313 0.034722
0 0.836719 0.165278 0.025000 0.044444
0 0.054297 0.949306 0.017969 0.031944
0 0.182422 0.868056 0.019531 0.036111
0 0.548438 0.209028 0.023438 0.045833
0 0.211719 0.727083 0.025000 0.037500
0 0.570312 0.482639 0.018750 0.048611
0 0.070703 0.624306 0.027344 0.034722
0 0.612891 0.271528 0.027344 0.026389
0 0.788281 0.127778 0.025000 0.050000
0 0.751172 0.405556 0.017969 0.044444
0 0.974219 0.890278 0.028125 0.036111
0 0.103906 0.086111 0.021875 0.041667
0 0.496875 0.194444 0.014063 0.030556
0 0.701172 0.960417 0.022656 0.029167
0 0.624609 0.132639 0.019531 0.031944
0 0.499609 0.893750 0.016406 0.048611
0 0.371875 0.384722 0.023438 0.047222
0 0.624219 0.497222 0.028125 0.025000
0 0.252344 0.901389 0.017188 0.033333
0 0.566016 0.765278 0.019531 0.030556
0 0.542969 0.569444 0.026562 0.025000
1 0.120703 0.286111 0.124219 0.294444
1 0.258203 0.401389 0.114844 0.302778
1 0.695703 0.202778 0.103906 0.216667
1 0.345313 0.769444 0.132812 0.211111
1 0.464453 0.396528 0.130469 0.304167
1 0.100391 0.808333 0.100781 0.222222
1 0.908203 0.513194 0.099219 0.195833