0 0.819531 0.924306 0.025000 0.037500
0 0.037500 0.362500 0.015625 0.038889
0 0.885156 0.722917 0.014063 0.048611
0 0.696875 0.838194 0.025000 0.031944
0 0.743750 0.218750 0.025000 0.045833
0 0.743750 0.131250 0.018750 0.031944
0 0.572656 0.366667 0.028125 0.033333
0 0.308203 0.076389 0.027344 0.036111
0 0.531641 0.881944 0.027344 0.050000
0 0.882422 0.429167 0.025781 0.041667
0 0.175781 0.820139 0.028125 0.031944
0 0.927734 0.731944 0.017969 0.025000
0 0.474609 0.927778 0.027344 0.027778
0 0.300391 0.509722 0.019531 0.025000
0 0.526953 0.535417 0.027344 0.029167
0 0.498828 0.464583 0.025781 0.031944
0 0.980469 0.631250 0.017188 0.031944
0 0.546094 0.422917 0.014063 0.029167
0 0.482812 0.638889 0.023438 0.027778
0 0.247656 0.589583 0.014063 0.031944
0 0.967578 0.350694 0.019531 0.031944
0 0.153516 0.473611 0.016406 0.027778
0 0.885938 0.882639 0.025000 0.048611
0 0.316406 0.924306 0.018750 0.034722
0 0.651563 0.812500 0.026562 0.027778
0 0.839844 0.714583 0.023438 0.037500
0 0.717969 0.360417 0.021875 0.026389
0 0.449219 0.374306 0.028125 0.037500
0 0.756641 0.766667 0.016406 0.030556
0 0.783203 0.840972 0.027344 0.048611
0 0.185156 0.463889 0.021875 0.030556
0 0.573438 0.442361 0.015625 0.045833
0 0.964453 0.686806 0.014844 0.034722
0 0.019922 0.803472 0.016406 0.037500
0 0.654687 0.924306 0.018750 0.045833
0 0.525781 0.333333 0.021875 0.033333
0 0.028516 0.846528 0.014844 0.031944
0 0.899609 0.636806 0.019531 0.029167
0 0.943359 0.136111 0.021094 0.044444
0 0.876563 0.929167 0.028125 0.030556
0 0.263281 0.149306 0.014063 0.034722
0 0.786328 0.343056 0.027344 0.041667
0 0.178516 0.420833 0.024219 0.027778
0 0.703906 0.787500 0.025000 0.050000
0 0.284375 0.910417 0.020313 0.031944
0 0.224219 0.079167 0.017188 0.025000
0 0.539062 0.943056 0.028125 0.047222
0 0.221875 0.042361 0.018750 0.026389
0 0.967578 0.752778 0.017969 0.025000
0 0.513672 0.193056 0.025781 0.027778
0 0.744141 0.408333 0.021094 0.041667
0 0.324219 0.198611 0.015625 0.033333
0 0.060156 0.454861 0.015625 0.043056
0 0.870703 0.631944 0.017969 0.041667
0 0.916406 0.672917 0.017188 0.026389
0 0.557422 0.265972 0.027344 0.045833
0 0.095312 0.804167 0.021875 0.044444
0 0.334766 0.046528 0.019531 0.048611
0 0.517188 0.138194 0.015625 0.031944
0 0.224219 0.399306 0.018750 0.040278
0 0.351172 0.968750 0.021094 0.026389
0 0.030469 0.432639 0.014063 0.045833
0 0.730859 0.687500 0.021094 0.030556
0 0.666016 0.041667 0.014844 0.025000
0 0.466797 0.866667 0.014844 0.030556
0 0.610938 0.959028 0.025000 0.031944
0 0.732422 0.825000 0.024219 0.038889
0 0.195312 0.352083 0.017188 0.026389
0 0.905469 0.766667 0.014063 0.027778
0 0.217969 0.931250 0.020313 0.031944
0 0.064453 0.926389 0.017969 0.033333
0 0.869531 0.506944 0.026562 0.036111
0 0.211719 0.247917 0.014063 0.040278
0 0.108984 0.859722 0.021094 0.038889
0 0.154688 0.920833 0.015625 0.025000
0 0.247266 0.225000 0.022656 0.025000
0 0.685156 0.716667 0.023438 0.027778
0 0.710938 0.056250 0.023438 0.045833
0 0.349219 0.127778 0.018750 0.047222
0 0.396484 0.525000 0.025781 0.027778
0 0.656641 0.360417 0.027344 0.031944
0 0.174219 0.292361 0.020313 0.031944
0 0.909766 0.502083 0.019531 0.026389
0 0.608984 0.838889 0.019531 0.025000
0 0.823438 0.879167 0.026562 0.041667
0 0.182812 0.953472 0.028125 0.037500
0 0.431641 0.680556 0.016406 0.036111
0 0.084375 0.486806 0.023438 0.048611
0 0.964844 0.570139 0.028125 0.037500
0 0.241016 0.141667 0.022656 0.025000
0 0.207031 0.298611 0.026562 0.025000
0 0.255078 0.935417 0.016406 0.034722
0 0.749609 0.290278 0.019531 0.030556
0 0.490234 0.399306 0.017969 0.043056
0 0.928516 0.614583 0.019531 0.040278
0 0.698828 0.952083 0.022656 0.040278
0 0.028516 0.731944 0.017969 0.036111
0 0.310156 0.242361 0.028125 0.040278
0 0.167187 0.866667 0.028125 0.044444
1 0.366016 0.699306 0.094531 0.290278
1 0.754297 0.535417 0.147656 0.193056
1 0.606641 0.613889 0.097656 0.252778
1 0.644922 0.207639 0.122656 0.231944
1 0.291797 0.370833 0.094531 0.166667
1 0.078906 0.184028 0.106250 0.220833
1 0.431641 0.199306 0.124219 0.293056
1 0.125000 0.644444 0.156250 0.244444
1 0.842969 0.152083 0.162500 0.218056