0 0.964063 0.129861 0.018750 0.048611
0 0.647266 0.072917 0.021094 0.026389
0 0.549219 0.247917 0.014063 0.029167
0 0.145313 0.227083 0.020313 0.045833
0 0.612109 0.059722 0.027344 0.047222
0 0.025781 0.341667 0.025000 0.038889
0 0.253125 0.621528 0.020313 0.026389
0 0.450391 0.040278 0.021094 0.038889
0 0.207031 0.157639 0.015625 0.043056
0 0.344922 0.321528 0.014844 0.048611
0 0.071484 0.639583 0.017969 0.031944
0 0.670703 0.060417 0.016406 0.048611
0 0.221875 0.777778 0.015625 0.038889
0 0.092188 0.904167 0.021875 0.047222
0 0.168359 0.631944 0.019531 0.047222
0 0.076953 0.705556 0.017969 0.047222
0 0.092578 0.314583 0.019531 0.045833
0 0.873828 0.385417 0.021094 0.026389
0 0.133203 0.954167 0.021094 0.033333
0 0.412500 0.915278 0.026562 0.027778
0 0.875000 0.040278 0.015625 0.047222
0 0.695703 0.163889 0.024219 0.041667
0 0.687109 0.343056 0.024219 0.050000
0 0.629297 0.206944 0.022656 0.044444
0 0.605469 0.115972 0.025000 0.040278
0 0.194531 0.825694 0.025000 0.048611
0 0.655469 0.949306 0.026562 0.029167
0 0.280469 0.104861 0.017188 0.037500
0 0.308984 0.195139 0.014844 0.040278
0 0.725000 0.077778 0.017188 0.030556
0 0.074219 0.175000 0.017188 0.030556
0 0.779687 0.787500 0.023438 0.038889
0 0.527344 0.412500 0.017188 0.027778
0 0.567187 0.288889 0.023438 0.025000
0 0.227734 0.851389 0.019531 0.025000
0 0.090234 0.100694 0.021094 0.034722
0 0.960938 0.068056 0.020313 0.033333
0 0.134375 0.611111 0.015625 0.025000
0 0.048047 0.615972 0.017969 0.034722
0 0.045312 0.154861 0.021875 0.026389
0 0.182812 0.245139 0.028125 0.031944
0 0.099609 0.791667 0.014844 0.027778
0 0.772656 0.393056 0.025000 0.050000
0 0.870313 0.227083 0.025000 0.031944
0 0.803516 0.047222 0.014844 0.025000
0 0.695703 0.959722 0.022656 0.038889
0 0.076953 0.760417 0.017969 0.045833
0 0.696484 0.222222 0.017969 0.030556
0 0.973828 0.553472 0.027344 0.043056
0 0.588281 0.169444 0.028125 0.044444
0 0.973047 0.257639 0.025781 0.040278
0 0.936719 0.889583 0.023438 0.037500
0 0.551172 0.910417 0.019531 0.040278
0 0.162500 0.061111 0.021875 0.038889
0 0.059375 0.242361 0.015625 0.040278
0 0.805078 0.375000 0.027344 0.044444
0 0.916797 0.262500 0.017969 0.041667
0 0.737891 0.575694 0.027344 0.043056
0 0.184375 0.193750 0.021875 0.031944
0 0.980859 0.362500 0.017969 0.041667
0 0.971094 0.415972 0.020313 0.040278
0 0.624609 0.942361 0.025781 0.043056
0 0.516016 0.221528 0.016406 0.037500
0 0.658203 0.234028 0.017969 0.029167
0 0.416406 0.036806 0.015625 0.029167
0 0.021484 0.402778 0.021094 0.041667
0 0.925000 0.495139 0.017188 0.037500
0 0.375781 0.634722 0.020313 0.033333
0 0.023047 0.967361 0.025781 0.026389
0 0.646094 0.127083 0.026562 0.034722
0 0.123047 0.738889 0.025781 0.027778
0 0.501172 0.066667 0.024219 0.044444
0 0.248047 0.103472 0.019531 0.031944
0 0.045312 0.088889 0.020313 0.036111
0 0.420703 0.840972 0.022656 0.029167
0 0.021094 0.672222 0.023438 0.030556
0 0.188281 0.072222 0.020313 0.030556
0 0.331250 0.081250 0.025000 0.045833
0 0.172266 0.703472 0.025781 0.034722
0 0.308984 0.133333 0.022656 0.036111
0 0.930859 0.143056 0.014844 0.036111
0 0.051953 0.702083 0.024219 0.040278
0 0.337891 0.234722 0.024219 0.047222
0 0.519531 0.148611 0.018750 0.038889
0 0.434375 0.078472 0.014063 0.026389
0 0.343750 0.645139 0.026562 0.045833
0 0.907813 0.455556 0.014063 0.025000
0 0.156641 0.882639 0.016406 0.029167
0 0.945703 0.448611 0.022656 0.027778
0 0.022266 0.588889 0.019531 0.044444
0 0.698438 0.110417 0.021875 0.026389
0 0.162500 0.143056 0.028125 0.027778
0 0.934375 0.759722 0.020313 0.044444
0 0.421094 0.721528 0.026562 0.037500
0 0.562109 0.056944 0.024219 0.047222
1 0.444531 0.254167 0.115625 0.294444
1 0.783984 0.202083 0.132031 0.173611
1 0.112891 0.465278 0.136719 0.202778
1 0.268359 0.421528 0.122656 0.304167
1 0.331250 0.804167 0.123438 0.247222
1 0.864844 0.762500 0.103125 0.283333
1 0.669922 0.764583 0.166406 0.243056
1 0.607422 0.410417 0.110156 0.170833
1 0.489453 0.797222 0.094531 0.294444