0 0.314453 0.142578 0.042969 0.031250
0 0.251953 0.088867 0.031250 0.037109
0 0.656250 0.252930 0.046875 0.052734
0 0.104492 0.934570 0.048828 0.033203
0 0.177734 0.047852 0.050781 0.052734
0 0.233398 0.229492 0.052734 0.037109
0 0.369141 0.068359 0.031250 0.039062
0 0.573242 0.801758 0.056641 0.037109
0 0.889648 0.563477 0.041016 0.037109
0 0.504883 0.088867 0.041016 0.056641
0 0.377930 0.279297 0.048828 0.035156
0 0.291016 0.626953 0.058594 0.046875
0 0.335938 0.918945 0.035156 0.037109
0 0.608398 0.182617 0.052734 0.056641
0 0.431641 0.124023 0.035156 0.033203
0 0.447266 0.055664 0.042969 0.044922
0 0.559570 0.118164 0.037109 0.044922
0 0.930664 0.632812 0.056641 0.039062
0 0.669922 0.171875 0.042969 0.058594
0 0.615234 0.499023 0.031250 0.056641
0 0.610352 0.903320 0.048828 0.041016
0 0.630859 0.685547 0.035156 0.042969
0 0.099609 0.092773 0.039062 0.044922
0 0.300781 0.241211 0.031250 0.037109
0 0.735352 0.110352 0.056641 0.056641
0 0.257812 0.183594 0.035156 0.039062
0 0.638672 0.373047 0.054688 0.039062
0 0.047852 0.191406 0.041016 0.042969
0 0.219727 0.857422 0.033203 0.031250
0 0.947266 0.791016 0.046875 0.039062
0 0.931641 0.730469 0.054688 0.035156
0 0.936523 0.935547 0.041016 0.054688
0 0.708984 0.478516 0.054688 0.046875
0 0.250977 0.910156 0.037109 0.031250
0 0.597656 0.438477 0.046875 0.044922
0 0.881836 0.489258 0.056641 0.033203
0 0.456055 0.930664 0.041016 0.052734
0 0.683594 0.037109 0.031250 0.031250
0 0.166016 0.173828 0.050781 0.050781
0 0.391602 0.958008 0.033203 0.041016
0 0.664062 0.324219 0.046875 0.042969
0 0.051758 0.248047 0.041016 0.046875
0 0.121094 0.865234 0.035156 0.031250
0 0.147461 0.255859 0.033203 0.054688
1 0.196289 0.418945 0.271484 0.255859
1 0.474609 0.556641 0.183594 0.230469
1 0.483398 0.286133 0.142578 0.212891
1 0.386719 0.789062 0.253906 0.171875
1 0.844727 0.366211 0.142578 0.193359
1 0.776367 0.848633 0.189453 0.201172
1 0.132812 0.723633 0.179688 0.216797
1 0.763672 0.633789 0.183594 0.142578
1 0.894531 0.131836 0.136719 0.146484