0 0.958594 0.118056 0.018750 0.050000
0 0.451953 0.104861 0.017969 0.045833
0 0.967969 0.547222 0.017188 0.047222
0 0.638672 0.159722 0.019531 0.036111
0 0.429297 0.935417 0.024219 0.026389
0 0.641406 0.038889 0.026562 0.033333
0 0.436719 0.050000 0.014063 0.025000
0 0.661719 0.162500 0.015625 0.044444
0 0.385156 0.140278 0.018750 0.025000
0 0.870313 0.193056 0.026562 0.033333
0 0.069141 0.393056 0.014844 0.025000
0 0.379688 0.913889 0.025000 0.041667
0 0.311328 0.514583 0.022656 0.031944
0 0.755469 0.947222 0.015625 0.025000
0 0.581250 0.145833 0.023438 0.044444
0 0.938672 0.308333 0.021094 0.050000
0 0.122656 0.123611 0.021875 0.041667
0 0.442578 0.878472 0.025781 0.040278
0 0.112109 0.453472 0.017969 0.034722
0 0.326172 0.965278 0.017969 0.036111
0 0.347266 0.053472 0.019531 0.029167
0 0.239063 0.893750 0.015625 0.031944
0 0.477344 0.159028 0.025000 0.029167
0 0.246094 0.538889 0.028125 0.050000
0 0.106250 0.374306 0.015625 0.037500
0 0.913281 0.102778 0.028125 0.047222
0 0.022266 0.639583 0.025781 0.048611
0 0.644531 0.241667 0.021875 0.030556
0 0.670312 0.088889 0.014063 0.025000
0 0.804297 0.184028 0.021094 0.026389
0 0.927734 0.208333 0.016406 0.027778
0 0.700781 0.052778 0.015625 0.033333
0 0.484375 0.468056 0.021875 0.041667
0 0.084375 0.538889 0.020313 0.038889
0 0.048828 0.281944 0.027344 0.030556
0 0.085938 0.255556 0.021875 0.047222
0 0.655859 0.628472 0.017969 0.048611
0 0.132422 0.593750 0.017969 0.037500
0 0.952344 0.037500 0.015625 0.025000
0 0.214844 0.559028 0.025000 0.026389
0 0.658984 0.794444 0.017969 0.033333
0 0.570312 0.075000 0.021875 0.033333
0 0.312500 0.892361 0.026562 0.031944
0 0.035937 0.123611 0.026562 0.038889
0 0.290234 0.936111 0.019531 0.027778
0 0.837891 0.142361 0.016406 0.043056
0 0.023828 0.068056 0.019531 0.025000
0 0.709375 0.154167 0.025000 0.030556
0 0.277344 0.513889 0.023438 0.038889
0 0.965625 0.476389 0.023438 0.044444
0 0.487891 0.094444 0.016406 0.041667
0 0.713281 0.235417 0.015625 0.026389
0 0.041797 0.726389 0.016406 0.030556
0 0.221484 0.949306 0.014844 0.034722
0 0.066406 0.477083 0.023438 0.031944
0 0.317969 0.654167 0.023438 0.036111
0 0.747656 0.054167 0.025000 0.027778
0 0.731641 0.334722 0.017969 0.050000
0 0.939844 0.576389 0.015625 0.036111
0 0.120313 0.060417 0.028125 0.031944
0 0.117578 0.536111 0.017969 0.027778
0 0.870313 0.144444 0.017188 0.050000
0 0.074219 0.950000 0.023438 0.047222
0 0.201563 0.070833 0.015625 0.050000
0 0.906641 0.256944 0.017969 0.030556
0 0.528125 0.205556 0.017188 0.047222
0 0.251172 0.088194 0.027344 0.043056
0 0.050000 0.051389 0.018750 0.036111
0 0.046875 0.208333 0.015625 0.033333
0 0.094922 0.599306 0.017969 0.034722
0 0.823047 0.079167 0.024219 0.027778
0 0.478906 0.844444 0.020313 0.038889
0 0.233594 0.143056 0.020313 0.027778
0 0.934766 0.386111 0.017969 0.025000
0 0.542969 0.050000 0.023438 0.027778
0 0.914062 0.590972 0.020313 0.034722
0 0.715234 0.472917 0.022656 0.048611
0 0.168750 0.479861 0.015625 0.029167
0 0.976562 0.237500 0.026562 0.047222
0 0.307031 0.131250 0.017188 0.029167
0 0.192969 0.443750 0.021875 0.043056
0 0.598437 0.284722 0.017188 0.036111
0 0.367188 0.472222 0.023438 0.036111
0 0.681641 0.149306 0.014844 0.031944
0 0.807031 0.249306 0.028125 0.034722
0 0.186328 0.144444 0.016406 0.050000
0 0.926172 0.048611 0.027344 0.033333
0 0.178906 0.521528 0.018750 0.029167
0 0.575391 0.277083 0.014844 0.029167
0 0.047656 0.818056 0.015625 0.044444
0 0.507031 0.568056 0.021875 0.047222
0 0.342969 0.917361 0.025000 0.040278
0 0.348828 0.097222 0.014844 0.036111
0 0.392969 0.092361 0.017188 0.031944
0 0.117188 0.204861 0.020313 0.045833
1 0.823047 0.418750 0.152344 0.276389
1 0.476172 0.335417 0.110156 0.184722
1 0.884375 0.809722 0.170313 0.277778
1 0.215234 0.293750 0.161719 0.173611
1 0.625391 0.457639 0.135156 0.268056
1 0.412500 0.653472 0.134375 0.281944
1 0.559375 0.770833 0.123438 0.286111
1 0.217578 0.729861 0.135156 0.254167
1 0.727734 0.805556 0.096094 0.222222