0 0.486328 0.527344 0.058594 0.046875
0 0.376953 0.058594 0.050781 0.046875
0 0.172852 0.956055 0.056641 0.052734
0 0.908203 0.208984 0.058594 0.050781
0 0.506836 0.674805 0.041016 0.048828
0 0.869141 0.697266 0.039062 0.035156
0 0.550781 0.860352 0.035156 0.041016
0 0.629883 0.106445 0.037109 0.048828
0 0.682617 0.092773 0.041016 0.033203
0 0.693359 0.035156 0.054688 0.039062
0 0.225586 0.080078 0.037109 0.050781
0 0.443359 0.065430 0.035156 0.037109
0 0.206055 0.779297 0.048828 0.058594
0 0.439453 0.940430 0.054688 0.041016
0 0.380859 0.327148 0.042969 0.037109
0 0.779297 0.048828 0.031250 0.031250
0 0.914062 0.860352 0.054688 0.052734
0 0.553711 0.737305 0.048828 0.056641
0 0.942383 0.492188 0.052734 0.050781
0 0.458008 0.238281 0.048828 0.035156
0 0.080078 0.428711 0.046875 0.041016
0 0.867188 0.158203 0.054688 0.031250
0 0.087891 0.558594 0.031250 0.054688
0 0.334961 0.901367 0.037109 0.056641
0 0.583984 0.322266 0.050781 0.042969
0 0.255859 0.396484 0.050781 0.042969
0 0.538086 0.234375 0.048828 0.046875
0 0.516602 0.351562 0.052734 0.050781
0 0.228516 0.934570 0.031250 0.052734
0 0.416992 0.127930 0.033203 0.041016
0 0.929688 0.667969 0.035156 0.042969
0 0.520508 0.941406 0.048828 0.058594
0 0.195312 0.363281 0.039062 0.039062
0 0.488281 0.832031 0.054688 0.054688
0 0.643555 0.868164 0.048828 0.041016
0 0.882812 0.378906 0.050781 0.035156
0 0.322266 0.358398 0.039062 0.048828
0 0.080078 0.884766 0.042969 0.042969
0 0.709961 0.919922 0.033203 0.042969
0 0.941406 0.768555 0.042969 0.048828
1 0.346680 0.766602 0.208984 0.138672
1 0.694336 0.210938 0.162109 0.144531
1 0.332031 0.538086 0.175781 0.208984
1 0.183594 0.201172 0.246094 0.148438
1 0.731445 0.706055 0.220703 0.224609
1 0.755859 0.417969 0.160156 0.203125