0 0.083203 0.347917 0.014844 0.026389
0 0.376172 0.179167 0.017969 0.041667
0 0.736719 0.948611 0.017188 0.041667
0 0.152734 0.056944 0.016406 0.050000
0 0.374609 0.917361 0.021094 0.034722
0 0.466406 0.315972 0.026562 0.040278
0 0.053516 0.161806 0.022656 0.029167
0 0.546484 0.435417 0.024219 0.045833
0 0.213672 0.052083 0.022656 0.048611
0 0.825391 0.822222 0.016406 0.038889
0 0.797266 0.828472 0.024219 0.029167
0 0.401172 0.707639 0.016406 0.043056
0 0.887891 0.181250 0.017969 0.048611
0 0.595313 0.501389 0.023438 0.038889
0 0.644922 0.040278 0.016406 0.038889
0 0.140234 0.144444 0.025781 0.025000
0 0.080859 0.262500 0.025781 0.047222
0 0.254688 0.231250 0.018750 0.048611
0 0.029297 0.309028 0.025781 0.026389
0 0.582422 0.451389 0.027344 0.027778
0 0.225391 0.768056 0.024219 0.036111
0 0.195703 0.216667 0.025781 0.038889
0 0.304688 0.968750 0.028125 0.026389
0 0.811719 0.124306 0.017188 0.031944
0 0.249609 0.146528 0.024219 0.048611
0 0.112109 0.397222 0.021094 0.041667
0 0.538281 0.145833 0.018750 0.050000
0 0.092188 0.177083 0.014063 0.029167
0 0.041797 0.786806 0.022656 0.045833
0 0.157422 0.331250 0.027344 0.040278
0 0.919922 0.947222 0.014844 0.041667
0 0.473438 0.388889 0.017188 0.036111
0 0.144531 0.875000 0.028125 0.033333
0 0.745313 0.902778 0.023438 0.036111
0 0.973828 0.323611 0.027344 0.050000
0 0.919531 0.075694 0.021875 0.026389
0 0.442188 0.531250 0.026562 0.037500
0 0.176563 0.129167 0.015625 0.027778
0 0.642969 0.118750 0.020313 0.043056
0 0.205859 0.122222 0.022656 0.044444
0 0.787891 0.112500 0.017969 0.036111
0 0.534375 0.368056 0.026562 0.044444
0 0.749609 0.125694 0.021094 0.026389
0 0.945312 0.949306 0.025000 0.037500
0 0.460547 0.222917 0.021094 0.026389
0 0.890625 0.864583 0.020313 0.040278
0 0.024609 0.843056 0.025781 0.038889
0 0.633594 0.919444 0.017188 0.027778
0 0.230859 0.262500 0.014844 0.050000
0 0.262500 0.954861 0.021875 0.045833
0 0.148438 0.277778 0.028125 0.025000
0 0.289453 0.907639 0.022656 0.045833
0 0.165625 0.954167 0.020313 0.047222
0 0.450391 0.581944 0.017969 0.050000
0 0.824219 0.923611 0.028125 0.025000
0 0.426172 0.170833 0.025781 0.036111
0 0.385547 0.648611 0.022656 0.047222
0 0.278125 0.493056 0.028125 0.038889
0 0.860547 0.956944 0.014844 0.036111
0 0.194922 0.869444 0.019531 0.036111
0 0.488281 0.117361 0.023438 0.037500
0 0.859375 0.863889 0.023438 0.025000
0 0.531250 0.255556 0.018750 0.044444
0 0.817969 0.059722 0.023438 0.036111
0 0.338281 0.817361 0.020313 0.034722
0 0.936719 0.196528 0.014063 0.031944
0 0.348828 0.035417 0.025781 0.034722
0 0.227344 0.863194 0.028125 0.040278
0 0.788281 0.938889 0.021875 0.033333
0 0.747656 0.565278 0.023438 0.036111
0 0.183594 0.029167 0.028125 0.025000
0 0.687891 0.956944 0.016406 0.025000
0 0.326562 0.505556 0.023438 0.030556
0 0.257422 0.441667 0.017969 0.025000
0 0.285156 0.076389 0.014063 0.047222
0 0.851953 0.043750 0.027344 0.031944
0 0.414453 0.557639 0.022656 0.040278
0 0.679688 0.133333 0.025000 0.044444
0 0.249219 0.306944 0.015625 0.044444
0 0.751172 0.699306 0.024219 0.026389
0 0.382812 0.574306 0.017188 0.040278
0 0.665234 0.900000 0.014844 0.025000
0 0.196484 0.371528 0.025781 0.040278
0 0.823828 0.527778 0.017969 0.038889
0 0.935547 0.161111 0.021094 0.027778
0 0.122266 0.038889 0.021094 0.038889
0 0.708594 0.538194 0.014063 0.037500
0 0.739844 0.083333 0.026562 0.030556
0 0.094141 0.851389 0.017969 0.047222
0 0.803125 0.185417 0.023438 0.037500
0 0.159375 0.780556 0.014063 0.050000
0 0.685156 0.050000 0.020313 0.050000
0 0.969531 0.180556 0.023438 0.036111
0 0.278906 0.147917 0.020313 0.043056
0 0.414062 0.090972 0.021875 0.037500
0 0.923438 0.886806 0.018750 0.040278
0 0.958203 0.045833 0.022656 0.038889
0 0.973047 0.595139 0.027344 0.037500
0 0.641797 0.501389 0.019531 0.033333
0 0.444922 0.954167 0.017969 0.050000
0 0.063281 0.392361 0.014063 0.048611
0 0.448828 0.442361 0.025781 0.048611
0 0.227344 0.968056 0.025000 0.030556
0 0.228516 0.634028 0.014844 0.048611
0 0.095703 0.125000 0.021094 0.030556
1 0.705859 0.318750 0.153906 0.304167
1 0.310937 0.656250 0.115625 0.218056
1 0.858594 0.660417 0.165625 0.201389
1 0.129297 0.588194 0.164844 0.293056
1 0.352344 0.334028 0.148438 0.193056
1 0.516016 0.594444 0.100781 0.202778
1 0.874609 0.371528 0.142969 0.256944
1 0.645703 0.726389 0.119531 0.294444