0 0.958984 0.854861 0.025781 0.045833
0 0.560937 0.447917 0.021875 0.031944
0 0.358984 0.947222 0.019531 0.030556
0 0.923047 0.838194 0.021094 0.037500
0 0.452344 0.113889 0.023438 0.027778
0 0.316406 0.677778 0.021875 0.025000
0 0.046875 0.513194 0.028125 0.037500
0 0.408203 0.038889 0.017969 0.044444
0 0.642578 0.329861 0.022656 0.040278
0 0.712891 0.476389 0.024219 0.044444
0 0.646094 0.043056 0.023438 0.041667
0 0.400391 0.249306 0.022656 0.026389
0 0.137500 0.551389 0.028125 0.030556
0 0.407031 0.289583 0.026562 0.034722
0 0.093750 0.185417 0.014063 0.026389
0 0.318359 0.193056 0.016406 0.030556
0 0.929688 0.490972 0.026562 0.048611
0 0.533594 0.664583 0.015625 0.043056
0 0.371484 0.702778 0.021094 0.030556
0 0.508203 0.843750 0.022656 0.045833
0 0.526953 0.090972 0.024219 0.043056
0 0.532031 0.588889 0.018750 0.025000
0 0.512500 0.736806 0.015625 0.045833
0 0.475000 0.875000 0.023438 0.038889
0 0.123438 0.745139 0.017188 0.045833
0 0.121094 0.438194 0.026562 0.026389
0 0.065234 0.886806 0.027344 0.034722
0 0.241797 0.647222 0.027344 0.047222
0 0.891016 0.698611 0.019531 0.047222
0 0.485547 0.140972 0.025781 0.037500
0 0.982812 0.904861 0.014063 0.043056
0 0.372266 0.881944 0.016406 0.027778
0 0.399609 0.958333 0.016406 0.036111
0 0.734766 0.538889 0.021094 0.038889
0 0.410156 0.163889 0.026562 0.038889
0 0.767188 0.679167 0.015625 0.050000
0 0.360938 0.192361 0.018750 0.034722
0 0.146094 0.332639 0.025000 0.026389
0 0.626953 0.100694 0.022656 0.034722
0 0.471484 0.727778 0.022656 0.044444
0 0.432812 0.786806 0.026562 0.026389
0 0.365234 0.267361 0.025781 0.040278
0 0.762891 0.510417 0.019531 0.026389
0 0.870703 0.841667 0.016406 0.036111
0 0.599219 0.335417 0.025000 0.031944
0 0.055078 0.204861 0.027344 0.026389
0 0.973437 0.587500 0.018750 0.030556
0 0.697266 0.565278 0.027344 0.038889
0 0.497656 0.590278 0.018750 0.025000
0 0.153906 0.645833 0.028125 0.027778
0 0.876172 0.490278 0.016406 0.036111
0 0.359766 0.831250 0.016406 0.048611
0 0.023828 0.327083 0.022656 0.031944
0 0.257031 0.450694 0.014063 0.037500
0 0.488281 0.943056 0.015625 0.050000
0 0.089453 0.250694 0.021094 0.029167
0 0.745703 0.614583 0.027344 0.034722
0 0.332813 0.801389 0.014063 0.041667
0 0.105469 0.482639 0.015625 0.031944
0 0.624219 0.191667 0.020313 0.041667
0 0.817578 0.765278 0.021094 0.038889
0 0.946094 0.919444 0.021875 0.033333
0 0.607031 0.277778 0.025000 0.030556
0 0.914844 0.715278 0.018750 0.044444
0 0.078906 0.751389 0.020313 0.033333
0 0.598047 0.885417 0.025781 0.029167
0 0.900781 0.554167 0.017188 0.050000
0 0.454297 0.948611 0.014844 0.025000
0 0.090625 0.530556 0.021875 0.027778
0 0.060156 0.378472 0.023438 0.048611
0 0.484766 0.197917 0.016406 0.026389
0 0.883203 0.957639 0.017969 0.043056
0 0.829297 0.860417 0.025781 0.045833
0 0.616016 0.954167 0.016406 0.050000
1 0.614453 0.688889 0.105469 0.177778
1 0.723047 0.182639 0.102344 0.259722
1 0.356250 0.512500 0.104688 0.216667
1 0.484375 0.414583 0.107813 0.284722
1 0.212109 0.814583 0.146094 0.226389
1 0.214062 0.170833 0.135937 0.247222
1 0.911719 0.141667 0.101562 0.166667