0 0.526367 0.722656 0.033203 0.046875
0 0.762695 0.040039 0.044922 0.033203
0 0.470703 0.742188 0.046875 0.039062
0 0.700195 0.835938 0.037109 0.042969
0 0.721680 0.097656 0.044922 0.046875
0 0.547852 0.865234 0.033203 0.031250
0 0.064453 0.197266 0.031250 0.039062
0 0.658203 0.417969 0.050781 0.031250
0 0.935547 0.750000 0.058594 0.050781
0 0.564453 0.226562 0.046875 0.042969
0 0.856445 0.473633 0.037109 0.037109
0 0.658203 0.249023 0.042969 0.041016
0 0.563477 0.130859 0.056641 0.046875
0 0.550781 0.359375 0.031250 0.050781
0 0.460938 0.121094 0.058594 0.050781
0 0.608398 0.820312 0.048828 0.050781
0 0.086914 0.087891 0.033203 0.046875
0 0.417969 0.751953 0.031250 0.046875
0 0.885742 0.532227 0.056641 0.044922
0 0.557617 0.065430 0.037109 0.033203
0 0.046875 0.411133 0.042969 0.048828
0 0.939453 0.460938 0.050781 0.050781
0 0.467773 0.246094 0.056641 0.039062
0 0.863281 0.669922 0.050781 0.039062
0 0.843750 0.736328 0.042969 0.042969
0 0.053711 0.643555 0.044922 0.052734
0 0.717773 0.446289 0.041016 0.052734
0 0.381836 0.697266 0.056641 0.031250
0 0.779297 0.411133 0.058594 0.037109
0 0.105469 0.270508 0.046875 0.048828
0 0.060547 0.525391 0.042969 0.039062
0 0.701172 0.359375 0.054688 0.039062
0 0.210938 0.688477 0.031250 0.048828
0 0.151367 0.659180 0.052734 0.037109
0 0.285156 0.663086 0.054688 0.056641
0 0.684570 0.202148 0.052734 0.033203
0 0.695312 0.152344 0.031250 0.039062
0 0.850586 0.579102 0.052734 0.033203
0 0.329102 0.765625 0.033203 0.042969
0 0.377930 0.073242 0.052734 0.048828
0 0.935547 0.603516 0.054688 0.058594
0 0.866211 0.083008 0.048828 0.033203
0 0.907227 0.374023 0.052734 0.041016
0 0.494141 0.197266 0.054688 0.042969
0 0.386719 0.633789 0.039062 0.041016
0 0.967773 0.676758 0.033203 0.041016
0 0.163086 0.271484 0.052734 0.039062
0 0.538086 0.280273 0.037109 0.048828
0 0.177734 0.613281 0.050781 0.039062
1 0.678711 0.634766 0.228516 0.261719
1 0.408203 0.451172 0.214844 0.226562
1 0.855469 0.881836 0.156250 0.173828
1 0.325195 0.190430 0.169922 0.154297
1 0.149414 0.853516 0.244141 0.195312
1 0.173828 0.403320 0.136719 0.193359
1 0.863281 0.232422 0.214844 0.207031
1 0.425781 0.887695 0.167969 0.146484