0 0.479687 0.367361 0.015625 0.043056
0 0.864062 0.884722 0.014063 0.038889
0 0.073047 0.065972 0.017969 0.043056
0 0.262109 0.954167 0.016406 0.033333
0 0.032813 0.118750 0.023438 0.048611
0 0.355859 0.121528 0.016406 0.045833
0 0.322656 0.908333 0.025000 0.038889
0 0.018359 0.861111 0.017969 0.041667
0 0.191797 0.189583 0.019531 0.034722
0 0.219922 0.946528 0.025781 0.026389
0 0.893359 0.441667 0.017969 0.044444
0 0.576953 0.279861 0.024219 0.043056
0 0.930859 0.278472 0.014844 0.048611
0 0.449219 0.415972 0.025000 0.040278
0 0.300000 0.403472 0.020313 0.040278
0 0.978125 0.831250 0.014063 0.045833
0 0.362109 0.908333 0.022656 0.027778
0 0.392188 0.391667 0.018750 0.033333
0 0.045703 0.169444 0.027344 0.038889
0 0.715234 0.438194 0.016406 0.029167
0 0.196875 0.394444 0.017188 0.041667
0 0.778516 0.284028 0.017969 0.029167
0 0.299219 0.547917 0.018750 0.040278
0 0.197266 0.857639 0.021094 0.037500
0 0.457031 0.544444 0.014063 0.027778
0 0.679688 0.106250 0.018750 0.034722
0 0.331641 0.445833 0.014844 0.047222
0 0.559375 0.927778 0.021875 0.047222
0 0.685156 0.420139 0.026562 0.037500
0 0.950391 0.497222 0.014844 0.050000
0 0.358203 0.281944 0.025781 0.041667
0 0.410156 0.460417 0.026562 0.045833
0 0.758594 0.936111 0.018750 0.044444
0 0.962109 0.581250 0.019531 0.045833
0 0.962500 0.081944 0.028125 0.047222
0 0.337500 0.046528 0.025000 0.026389
0 0.507812 0.914583 0.021875 0.034722
0 0.714453 0.719444 0.027344 0.030556
0 0.816406 0.275000 0.015625 0.033333
0 0.264453 0.870139 0.019531 0.034722
0 0.201563 0.318750 0.018750 0.040278
0 0.826953 0.915972 0.025781 0.029167
0 0.912891 0.546528 0.019531 0.043056
0 0.684766 0.511111 0.019531 0.050000
0 0.369922 0.170833 0.019531 0.033333
0 0.769922 0.837500 0.021094 0.027778
0 0.437891 0.928472 0.021094 0.048611
0 0.509766 0.716667 0.022656 0.050000
0 0.094922 0.405556 0.025781 0.036111
0 0.529687 0.376389 0.017188 0.027778
0 0.814063 0.329167 0.025000 0.033333
0 0.806250 0.815972 0.014063 0.031944
0 0.751953 0.464583 0.027344 0.040278
0 0.480078 0.570833 0.017969 0.027778
0 0.789453 0.427083 0.014844 0.048611
0 0.159766 0.097222 0.014844 0.047222
0 0.607031 0.873611 0.015625 0.047222
0 0.652734 0.946528 0.022656 0.045833
0 0.707812 0.109028 0.025000 0.048611
0 0.512891 0.772917 0.025781 0.045833
0 0.109375 0.445139 0.014063 0.029167
0 0.183594 0.138889 0.020313 0.030556
0 0.071484 0.951389 0.016406 0.050000
0 0.138281 0.279167 0.015625 0.038889
0 0.885938 0.311806 0.026562 0.048611
0 0.455469 0.484722 0.023438 0.030556
0 0.201172 0.820139 0.014844 0.026389
0 0.114453 0.144444 0.017969 0.047222
0 0.910156 0.881944 0.021875 0.030556
0 0.037109 0.957639 0.021094 0.043056
0 0.103125 0.328472 0.017188 0.029167
0 0.266406 0.356250 0.014063 0.026389
0 0.626172 0.479167 0.025781 0.044444
0 0.664062 0.889583 0.017188 0.040278
0 0.072266 0.776389 0.024219 0.044444
0 0.653906 0.075000 0.021875 0.036111
0 0.803516 0.940972 0.014844 0.037500
0 0.831641 0.968056 0.017969 0.027778
0 0.403906 0.902083 0.023438 0.045833
0 0.362891 0.829861 0.021094 0.029167
0 0.064062 0.902778 0.021875 0.025000
0 0.966797 0.670139 0.021094 0.037500
0 0.864453 0.389583 0.016406 0.043056
0 0.978516 0.225000 0.019531 0.038889
0 0.495703 0.493056 0.024219 0.036111
0 0.730078 0.651389 0.024219 0.030556
0 0.548047 0.044444 0.027344 0.030556
0 0.476953 0.724306 0.025781 0.037500
0 0.709375 0.934722 0.023438 0.038889
0 0.573047 0.531944 0.019531 0.038889
0 0.207031 0.909722 0.014063 0.027778
0 0.346875 0.363194 0.018750 0.031944
0 0.539062 0.491667 0.014063 0.047222
0 0.164062 0.186111 0.020313 0.025000
0 0.939453 0.193750 0.016406 0.045833
0 0.071875 0.121528 0.014063 0.029167
0 0.034375 0.586111 0.017188 0.025000
0 0.212500 0.177083 0.014063 0.034722
0 0.164453 0.807639 0.022656 0.031944
0 0.628516 0.081250 0.021094 0.031944
0 0.840234 0.313194 0.021094 0.045833
0 0.794531 0.875694 0.014063 0.037500
0 0.678906 0.062500 0.018750 0.025000
1 0.280859 0.214583 0.105469 0.204167
1 0.603906 0.700694 0.128125 0.270833
1 0.653516 0.281944 0.100781 0.197222
1 0.132031 0.597222 0.160938 0.247222
1 0.834375 0.626389 0.115625 0.269444
1 0.471094 0.193750 0.154688 0.251389
1 0.305469 0.694444 0.140625 0.225000