0 0.321289 0.283203 0.056641 0.039062
0 0.569336 0.105469 0.048828 0.050781
0 0.910156 0.695312 0.035156 0.042969
0 0.284180 0.081055 0.052734 0.048828
0 0.162109 0.502930 0.042969 0.056641
0 0.535156 0.502930 0.042969 0.056641
0 0.058594 0.673828 0.058594 0.054688
0 0.939453 0.363281 0.042969 0.035156
0 0.045898 0.073242 0.056641 0.048828
0 0.093750 0.820312 0.050781 0.054688
0 0.658203 0.371094 0.054688 0.054688
0 0.295898 0.229492 0.037109 0.044922
0 0.665039 0.871094 0.056641 0.050781
0 0.137695 0.945312 0.037109 0.054688
0 0.300781 0.808594 0.058594 0.042969
0 0.854492 0.053711 0.044922 0.048828
0 0.260742 0.676758 0.048828 0.037109
0 0.540039 0.396484 0.048828 0.050781
0 0.270508 0.879883 0.037109 0.041016
0 0.083008 0.556641 0.033203 0.050781
0 0.177734 0.848633 0.039062 0.041016
0 0.339844 0.614258 0.054688 0.033203
0 0.874023 0.447266 0.056641 0.042969
0 0.658203 0.065430 0.046875 0.056641
0 0.132812 0.616211 0.046875 0.041016
0 0.675781 0.796875 0.042969 0.031250
0 0.758789 0.684570 0.037109 0.037109
0 0.867188 0.389648 0.050781 0.048828
0 0.156250 0.442383 0.046875 0.044922
0 0.320312 0.924805 0.050781 0.033203
0 0.365234 0.808594 0.035156 0.050781
0 0.391602 0.291992 0.041016 0.037109
0 0.609375 0.647461 0.058594 0.056641
0 0.613281 0.477539 0.039062 0.052734
0 0.856445 0.698242 0.056641 0.041016
0 0.069336 0.450195 0.056641 0.041016
0 0.263672 0.964844 0.046875 0.035156
0 0.660156 0.744141 0.042969 0.050781
0 0.324219 0.688477 0.035156 0.052734
0 0.040039 0.857422 0.037109 0.054688
0 0.764648 0.351562 0.052734 0.035156
1 0.363281 0.427734 0.234375 0.207031
1 0.429688 0.122070 0.160156 0.212891
1 0.805664 0.571289 0.212891 0.146484
1 0.509766 0.833984 0.226562 0.265625
1 0.834961 0.829102 0.248047 0.193359
1 0.111328 0.241211 0.187500 0.267578
1 0.648438 0.224609 0.164062 0.152344
1 0.881836 0.203125 0.177734 0.199219