0 0.314453 0.495117 0.035156 0.044922
0 0.920898 0.426758 0.044922 0.044922
0 0.291016 0.379883 0.042969 0.048828
0 0.093750 0.480469 0.058594 0.039062
0 0.880859 0.757812 0.050781 0.050781
0 0.901367 0.892578 0.033203 0.035156
0 0.096680 0.124023 0.052734 0.041016
0 0.649414 0.048828 0.041016 0.054688
0 0.531250 0.539062 0.058594 0.058594
0 0.500977 0.650391 0.056641 0.039062
0 0.142578 0.649414 0.058594 0.052734
0 0.080078 0.653320 0.042969 0.037109
0 0.135742 0.330078 0.056641 0.054688
0 0.843750 0.609375 0.039062 0.039062
0 0.345703 0.846680 0.031250 0.052734
0 0.928711 0.631836 0.037109 0.052734
0 0.829102 0.345703 0.056641 0.054688
0 0.898438 0.107422 0.046875 0.058594
0 0.106445 0.262695 0.048828 0.044922
0 0.586914 0.594727 0.041016 0.037109
0 0.348633 0.397461 0.041016 0.044922
0 0.861328 0.179688 0.046875 0.054688
0 0.956055 0.755859 0.037109 0.058594
0 0.186523 0.469727 0.037109 0.033203
0 0.728516 0.492188 0.046875 0.035156
0 0.260742 0.475586 0.041016 0.044922
0 0.949219 0.822266 0.042969 0.058594
0 0.897461 0.338867 0.041016 0.037109
0 0.353516 0.941406 0.031250 0.054688
0 0.770508 0.639648 0.048828 0.037109
1 0.610352 0.330078 0.189453 0.265625
1 0.136719 0.857422 0.175781 0.234375
1 0.276367 0.609375 0.189453 0.136719
1 0.330078 0.175781 0.230469 0.222656
1 0.454102 0.777344 0.138672 0.152344
1 0.680664 0.801758 0.248047 0.263672