0 0.104492 0.843750 0.033203 0.046875
0 0.518555 0.620117 0.048828 0.041016
0 0.634766 0.415039 0.058594 0.041016
0 0.337891 0.091797 0.046875 0.050781
0 0.805664 0.713867 0.048828 0.048828
0 0.088867 0.072266 0.056641 0.046875
0 0.153320 0.936523 0.033203 0.044922
0 0.560547 0.922852 0.031250 0.033203
0 0.775391 0.280273 0.050781 0.041016
0 0.564453 0.858398 0.035156 0.056641
0 0.570312 0.416016 0.039062 0.039062
0 0.428711 0.508789 0.048828 0.056641
0 0.426758 0.108398 0.037109 0.044922
0 0.217773 0.119141 0.041016 0.039062
0 0.656250 0.960938 0.039062 0.042969
0 0.699219 0.863281 0.042969 0.031250
0 0.760742 0.353516 0.044922 0.050781
0 0.836914 0.113281 0.052734 0.042969
0 0.866211 0.258789 0.048828 0.041016
0 0.765625 0.056641 0.054688 0.039062
0 0.499023 0.804688 0.033203 0.031250
0 0.413086 0.587891 0.044922 0.050781
0 0.238281 0.953125 0.039062 0.058594
0 0.196289 0.060547 0.048828 0.058594
0 0.742188 0.226562 0.054688 0.050781
0 0.086914 0.701172 0.052734 0.054688
0 0.343750 0.658203 0.054688 0.046875
0 0.787109 0.862305 0.031250 0.048828
0 0.862305 0.900391 0.041016 0.050781
0 0.037109 0.861328 0.035156 0.046875
0 0.896484 0.068359 0.046875 0.039062
0 0.924805 0.876953 0.041016 0.050781
0 0.920898 0.782227 0.052734 0.044922
0 0.509766 0.161133 0.058594 0.048828
0 0.333008 0.901367 0.052734 0.044922
0 0.461914 0.907227 0.048828 0.037109
0 0.903320 0.363281 0.041016 0.046875
0 0.761719 0.115234 0.035156 0.058594
0 0.160156 0.679688 0.050781 0.042969
0 0.754883 0.953125 0.033203 0.039062
0 0.946289 0.110352 0.037109 0.037109
0 0.040039 0.524414 0.048828 0.037109
0 0.597656 0.532227 0.046875 0.033203
0 0.534180 0.509766 0.041016 0.039062
0 0.806641 0.188477 0.050781 0.048828
0 0.852539 0.832031 0.052734 0.058594
0 0.389648 0.958008 0.052734 0.048828
1 0.414062 0.340820 0.179688 0.251953
1 0.192383 0.538086 0.212891 0.189453
1 0.633789 0.232422 0.146484 0.226562
1 0.175781 0.305664 0.234375 0.228516
1 0.678711 0.694336 0.150391 0.259766
1 0.324219 0.772461 0.246094 0.158203
1 0.875977 0.512695 0.146484 0.224609