0 0.807813 0.846528 0.028125 0.034722
0 0.262109 0.870139 0.022656 0.037500
0 0.377344 0.442361 0.026562 0.037500
0 0.716797 0.797222 0.024219 0.044444
0 0.102344 0.905556 0.025000 0.050000
0 0.744141 0.906250 0.022656 0.026389
0 0.419531 0.327083 0.015625 0.031944
0 0.590625 0.603472 0.015625 0.029167
0 0.481641 0.515278 0.027344 0.025000
0 0.325000 0.243056 0.028125 0.050000
0 0.041406 0.127083 0.017188 0.043056
0 0.702344 0.210417 0.020313 0.029167
0 0.344531 0.829167 0.018750 0.030556
0 0.969922 0.688889 0.025781 0.044444
0 0.878906 0.847222 0.023438 0.033333
0 0.952734 0.926389 0.017969 0.041667
0 0.928125 0.858333 0.014063 0.027778
0 0.440234 0.913194 0.027344 0.034722
0 0.190625 0.064583 0.021875 0.040278
0 0.550781 0.720139 0.014063 0.045833
0 0.831641 0.713889 0.016406 0.044444
0 0.190234 0.133333 0.027344 0.041667
0 0.478516 0.084028 0.027344 0.029167
0 0.657813 0.743056 0.025000 0.038889
0 0.235937 0.845139 0.015625 0.040278
0 0.542578 0.415972 0.017969 0.043056
0 0.348047 0.522917 0.014844 0.031944
0 0.426172 0.492361 0.025781 0.048611
0 0.551953 0.615278 0.016406 0.050000
0 0.437891 0.395139 0.024219 0.026389
0 0.062500 0.427778 0.018750 0.047222
0 0.045703 0.303472 0.019531 0.029167
0 0.612500 0.834028 0.026562 0.040278
0 0.269141 0.296528 0.025781 0.045833
0 0.619531 0.700694 0.028125 0.034722
0 0.651953 0.925694 0.021094 0.029167
0 0.206641 0.825000 0.024219 0.036111
0 0.290625 0.786111 0.014063 0.050000
0 0.487500 0.157639 0.025000 0.045833
0 0.068750 0.641667 0.020313 0.025000
0 0.528516 0.890972 0.021094 0.040278
0 0.224609 0.779861 0.022656 0.029167
0 0.392188 0.329861 0.017188 0.048611
0 0.382812 0.386111 0.028125 0.047222
0 0.478906 0.414583 0.026562 0.045833
0 0.219141 0.123611 0.017969 0.038889
0 0.837891 0.964583 0.016406 0.031944
0 0.806250 0.679167 0.025000 0.025000
0 0.878125 0.766667 0.015625 0.025000
0 0.034766 0.562500 0.017969 0.050000
0 0.928516 0.722222 0.019531 0.044444
0 0.062891 0.239583 0.014844 0.034722
0 0.738281 0.331944 0.015625 0.038889
0 0.727734 0.145139 0.025781 0.026389
0 0.479297 0.261111 0.021094 0.036111
0 0.141406 0.724306 0.023438 0.034722
0 0.057813 0.829167 0.014063 0.027778
0 0.974219 0.075694 0.014063 0.034722
0 0.705469 0.325694 0.014063 0.037500
0 0.389844 0.650000 0.014063 0.041667
0 0.526563 0.958333 0.020313 0.027778
0 0.033594 0.940972 0.026562 0.026389
0 0.521875 0.520139 0.020313 0.045833
0 0.691406 0.715972 0.014063 0.026389
0 0.723828 0.969444 0.025781 0.027778
0 0.084375 0.415278 0.017188 0.025000
0 0.028516 0.859722 0.025781 0.025000
0 0.797266 0.743750 0.017969 0.037500
0 0.307812 0.327778 0.018750 0.041667
0 0.473047 0.961806 0.024219 0.034722
0 0.764453 0.040972 0.024219 0.031944
0 0.082031 0.336111 0.021875 0.030556
0 0.117578 0.484722 0.019531 0.030556
0 0.728125 0.193056 0.023438 0.038889
0 0.381250 0.953472 0.025000 0.048611
0 0.076172 0.594444 0.021094 0.033333
0 0.064062 0.378472 0.028125 0.031944
0 0.906250 0.663194 0.025000 0.029167
0 0.583594 0.534028 0.018750 0.040278
0 0.066406 0.040972 0.021875 0.045833
0 0.102344 0.784722 0.017188 0.044444
0 0.463672 0.565972 0.016406 0.029167
0 0.330078 0.784722 0.019531 0.033333
0 0.905859 0.884722 0.019531 0.038889
0 0.585938 0.376389 0.018750 0.044444
0 0.076172 0.299306 0.014844 0.029167
0 0.257812 0.229861 0.018750 0.029167
0 0.853906 0.725694 0.015625 0.040278
0 0.371875 0.795139 0.028125 0.045833
0 0.117188 0.088194 0.025000 0.040278
0 0.976562 0.958333 0.021875 0.041667
0 0.169922 0.813194 0.027344 0.034722
0 0.041406 0.683333 0.017188 0.027778
0 0.256250 0.075694 0.023438 0.043056
0 0.753516 0.245139 0.027344 0.026389
0 0.444922 0.547917 0.014844 0.029167
1 0.231250 0.577778 0.145313 0.211111
1 0.925391 0.550000 0.099219 0.166667
1 0.410938 0.161806 0.098437 0.234722
1 0.665234 0.461806 0.100781 0.170833
1 0.186719 0.309722 0.104688 0.225000
1 0.588281 0.174306 0.140625 0.206944
1 0.857031 0.247917 0.135937 0.290278