0 0.551172 0.947917 0.024219 0.037500
0 0.709375 0.259028 0.023438 0.034722
0 0.808203 0.390278 0.014844 0.030556
0 0.145703 0.420833 0.021094 0.050000
0 0.768750 0.861111 0.018750 0.036111
0 0.868750 0.131250 0.018750 0.043056
0 0.815234 0.780556 0.027344 0.030556
0 0.109766 0.856250 0.024219 0.029167
0 0.801172 0.527083 0.022656 0.026389
0 0.773438 0.270139 0.020313 0.026389
0 0.524609 0.647917 0.019531 0.043056
0 0.504687 0.570833 0.023438 0.038889
0 0.657031 0.129167 0.023438 0.036111
0 0.767969 0.693056 0.015625 0.041667
0 0.982422 0.329861 0.016406 0.031944
0 0.969531 0.883333 0.021875 0.044444
0 0.921094 0.118056 0.023438 0.041667
0 0.146094 0.341667 0.023438 0.047222
0 0.593750 0.907639 0.028125 0.045833
0 0.840625 0.844444 0.014063 0.044444
0 0.528125 0.550694 0.017188 0.043056
0 0.271875 0.708333 0.028125 0.025000
0 0.367188 0.125000 0.020313 0.036111
0 0.523828 0.040278 0.017969 0.033333
0 0.111719 0.337500 0.023438 0.044444
0 0.521875 0.172917 0.014063 0.037500
0 0.267578 0.865972 0.027344 0.034722
0 0.209375 0.851389 0.025000 0.050000
0 0.520312 0.899306 0.025000 0.034722
0 0.328906 0.320139 0.018750 0.026389
0 0.426563 0.145833 0.025000 0.033333
0 0.184375 0.704167 0.015625 0.038889
0 0.754687 0.575000 0.014063 0.038889
0 0.943359 0.834028 0.021094 0.026389
0 0.458984 0.070833 0.016406 0.033333
0 0.923828 0.392361 0.022656 0.026389
0 0.177344 0.548611 0.020313 0.033333
0 0.694531 0.153472 0.017188 0.048611
0 0.772656 0.156944 0.028125 0.047222
0 0.818750 0.263889 0.026562 0.050000
0 0.585547 0.100694 0.014844 0.031944
0 0.867969 0.855556 0.017188 0.041667
0 0.181250 0.409722 0.017188 0.047222
0 0.404297 0.260417 0.025781 0.031944
0 0.685156 0.852778 0.017188 0.033333
0 0.403125 0.065278 0.014063 0.033333
0 0.076563 0.430556 0.014063 0.025000
0 0.805469 0.427778 0.028125 0.030556
0 0.971094 0.520833 0.017188 0.033333
0 0.025000 0.333333 0.020313 0.050000
0 0.661328 0.856250 0.021094 0.026389
0 0.492969 0.198611 0.023438 0.041667
0 0.269531 0.667361 0.026562 0.040278
0 0.201172 0.348611 0.022656 0.027778
0 0.826172 0.964583 0.022656 0.031944
0 0.934766 0.203472 0.022656 0.037500
0 0.794531 0.893056 0.018750 0.025000
0 0.615625 0.840972 0.028125 0.029167
0 0.492969 0.774306 0.020313 0.034722
0 0.860938 0.195833 0.025000 0.033333
0 0.742188 0.061806 0.020313 0.048611
0 0.743750 0.844444 0.018750 0.025000
0 0.721094 0.883333 0.018750 0.033333
0 0.680078 0.084028 0.014844 0.026389
0 0.805469 0.068750 0.017188 0.031944
0 0.165234 0.957639 0.019531 0.029167
0 0.835938 0.377083 0.018750 0.029167
0 0.561328 0.858333 0.027344 0.047222
0 0.639844 0.894444 0.028125 0.025000
0 0.089844 0.548611 0.023438 0.027778
0 0.027344 0.074306 0.021875 0.043056
0 0.954688 0.285417 0.015625 0.037500
0 0.544922 0.688889 0.019531 0.027778
0 0.368750 0.042361 0.026562 0.040278
0 0.876953 0.947222 0.024219 0.038889
0 0.032422 0.209722 0.024219 0.044444
0 0.549219 0.776389 0.020313 0.033333
0 0.962500 0.176389 0.021875 0.050000
0 0.191406 0.482639 0.014063 0.037500
0 0.403125 0.217361 0.028125 0.026389
0 0.198437 0.654167 0.021875 0.033333
0 0.776563 0.065972 0.018750 0.029167
0 0.821484 0.897222 0.014844 0.038889
0 0.518359 0.255556 0.014844 0.033333
0 0.189453 0.968750 0.014844 0.026389
0 0.024609 0.827083 0.022656 0.034722
0 0.448828 0.248611 0.016406 0.050000
0 0.899219 0.168750 0.026562 0.040278
0 0.794531 0.700000 0.026562 0.033333
0 0.478906 0.104861 0.014063 0.029167
0 0.732812 0.206944 0.028125 0.033333
1 0.092188 0.699306 0.128125 0.170833
1 0.112109 0.179861 0.110156 0.254167
1 0.564844 0.398611 0.164062 0.233333
1 0.265625 0.517361 0.117188 0.220833
1 0.888281 0.581944 0.115625 0.280556
1 0.717187 0.411111 0.109375 0.230556
1 0.653125 0.700000 0.150000 0.205556
1 0.407422 0.436111 0.122656 0.286111
1 0.417187 0.765278 0.110937 0.286111
1 0.271094 0.178472 0.103125 0.190278