0 0.539062 0.487305 0.054688 0.033203
0 0.151367 0.948242 0.044922 0.033203
0 0.071289 0.828125 0.048828 0.050781
0 0.804688 0.166992 0.035156 0.037109
0 0.744141 0.766602 0.039062 0.056641
0 0.285156 0.549805 0.031250 0.037109
0 0.188477 0.283203 0.056641 0.058594
0 0.503906 0.735352 0.054688 0.056641
0 0.551758 0.063477 0.052734 0.041016
0 0.304688 0.910156 0.050781 0.042969
0 0.327148 0.506836 0.037109 0.048828
0 0.123047 0.274414 0.035156 0.044922
0 0.656250 0.181641 0.031250 0.054688
0 0.666992 0.471680 0.052734 0.041016
0 0.837891 0.928711 0.054688 0.041016
0 0.603516 0.208008 0.054688 0.056641
0 0.705078 0.890625 0.058594 0.039062
0 0.586914 0.566406 0.048828 0.046875
0 0.162109 0.197266 0.058594 0.050781
0 0.876953 0.425781 0.039062 0.058594
0 0.903320 0.076172 0.041016 0.039062
0 0.397461 0.795898 0.041016 0.044922
0 0.091797 0.194336 0.035156 0.041016
0 0.583008 0.121094 0.041016 0.046875
0 0.654297 0.112305 0.035156 0.041016
0 0.170898 0.800781 0.048828 0.031250
0 0.114258 0.894531 0.041016 0.039062
0 0.207031 0.898438 0.046875 0.046875
0 0.931641 0.830078 0.039062 0.058594
0 0.100586 0.061523 0.048828 0.056641
0 0.805664 0.467773 0.041016 0.041016
0 0.367188 0.891602 0.054688 0.037109
0 0.936523 0.934570 0.056641 0.033203
0 0.316406 0.829102 0.042969 0.041016
0 0.128906 0.728516 0.058594 0.031250
0 0.746094 0.484375 0.039062 0.046875
0 0.304688 0.425781 0.035156 0.031250
1 0.093750 0.471680 0.152344 0.232422
1 0.269531 0.698242 0.175781 0.146484
1 0.818359 0.299805 0.179688 0.146484
1 0.310547 0.308594 0.164062 0.171875
1 0.548828 0.335938 0.203125 0.140625
1 0.307617 0.109375 0.201172 0.167969
1 0.829102 0.647461 0.169922 0.154297
1 0.516602 0.900391 0.181641 0.136719