0 0.826172 0.287109 0.035156 0.039062
0 0.332031 0.939453 0.046875 0.050781
0 0.935547 0.387695 0.035156 0.041016
0 0.453125 0.886719 0.046875 0.050781
0 0.126953 0.196289 0.042969 0.048828
0 0.123047 0.087891 0.058594 0.058594
0 0.915039 0.057617 0.056641 0.052734
0 0.765625 0.380859 0.050781 0.054688
0 0.884766 0.168945 0.031250 0.044922
0 0.350586 0.348633 0.048828 0.056641
0 0.381836 0.437500 0.037109 0.035156
0 0.247070 0.857422 0.048828 0.050781
0 0.465820 0.062500 0.037109 0.042969
0 0.807617 0.446289 0.048828 0.044922
0 0.068359 0.838867 0.046875 0.037109
0 0.154297 0.805664 0.031250 0.052734
0 0.309570 0.416016 0.048828 0.054688
0 0.453125 0.210938 0.031250 0.046875
0 0.266602 0.178711 0.044922 0.041016
0 0.941406 0.132812 0.031250 0.054688
0 0.760742 0.930664 0.048828 0.041016
0 0.891602 0.314453 0.048828 0.054688
0 0.687500 0.323242 0.031250 0.033203
0 0.898438 0.785156 0.039062 0.046875
0 0.281250 0.243164 0.058594 0.056641
0 0.796875 0.035156 0.042969 0.031250
0 0.406250 0.786133 0.058594 0.041016
0 0.093750 0.265625 0.031250 0.054688
0 0.197266 0.154297 0.050781 0.046875
0 0.734375 0.804688 0.035156 0.035156
0 0.681641 0.388672 0.039062 0.042969
0 0.640625 0.887695 0.039062 0.056641
0 0.759766 0.275391 0.058594 0.058594
0 0.872070 0.721680 0.044922 0.033203
0 0.100586 0.372070 0.037109 0.041016
0 0.215820 0.928711 0.041016 0.052734
0 0.381836 0.083008 0.048828 0.041016
0 0.397461 0.215820 0.033203 0.041016
0 0.205078 0.744141 0.050781 0.042969
0 0.235352 0.340820 0.048828 0.041016
0 0.364258 0.136719 0.044922 0.042969
0 0.332031 0.876953 0.050781 0.058594
0 0.713867 0.437500 0.044922 0.035156
0 0.857422 0.874023 0.042969 0.044922
0 0.047852 0.208008 0.037109 0.044922
0 0.305664 0.113281 0.048828 0.050781
0 0.864258 0.433594 0.044922 0.031250
1 0.321289 0.651367 0.146484 0.185547
1 0.670898 0.146484 0.267578 0.164062
1 0.109375 0.567383 0.167969 0.212891
1 0.844727 0.584961 0.244141 0.208984
1 0.536133 0.358398 0.232422 0.197266
1 0.575195 0.620117 0.248047 0.248047