0 0.952344 0.634028 0.014063 0.043056
0 0.461328 0.711111 0.017969 0.047222
0 0.187109 0.612500 0.016406 0.036111
0 0.722656 0.642361 0.015625 0.031944
0 0.043750 0.734028 0.014063 0.031944
0 0.867188 0.959028 0.018750 0.029167
0 0.028906 0.419444 0.023438 0.047222
0 0.362891 0.451389 0.021094 0.025000
0 0.903516 0.847917 0.017969 0.031944
0 0.552734 0.880556 0.022656 0.044444
0 0.066797 0.431250 0.025781 0.026389
0 0.612500 0.184722 0.025000 0.041667
0 0.045312 0.173611 0.028125 0.041667
0 0.334766 0.618056 0.019531 0.027778
0 0.876172 0.904167 0.019531 0.050000
0 0.144141 0.602778 0.014844 0.025000
0 0.200000 0.077778 0.021875 0.036111
0 0.908984 0.037500 0.022656 0.027778
0 0.493359 0.558333 0.017969 0.033333
0 0.835547 0.164583 0.022656 0.045833
0 0.537109 0.773611 0.019531 0.038889
0 0.651563 0.834028 0.017188 0.043056
0 0.854688 0.857639 0.017188 0.040278
0 0.450781 0.887500 0.014063 0.036111
0 0.510938 0.640278 0.017188 0.041667
0 0.728906 0.040972 0.028125 0.040278
0 0.903906 0.797917 0.015625 0.034722
0 0.438672 0.781944 0.025781 0.044444
0 0.482422 0.893750 0.014844 0.031944
0 0.032813 0.336111 0.014063 0.030556
0 0.867969 0.136111 0.025000 0.041667
0 0.841797 0.941667 0.025781 0.047222
0 0.027344 0.054861 0.017188 0.045833
0 0.650781 0.525000 0.015625 0.036111
0 0.162891 0.064583 0.025781 0.048611
0 0.957031 0.518056 0.023438 0.027778
0 0.103516 0.096528 0.021094 0.048611
0 0.626563 0.402778 0.025000 0.036111
0 0.358594 0.506944 0.023438 0.033333
0 0.057031 0.518750 0.014063 0.026389
0 0.080469 0.213889 0.014063 0.027778
0 0.322656 0.536806 0.014063 0.043056
0 0.247656 0.491667 0.028125 0.030556
0 0.299609 0.067361 0.024219 0.031944
0 0.808984 0.255556 0.016406 0.033333
0 0.662891 0.954861 0.021094 0.031944
0 0.978125 0.677778 0.020313 0.036111
0 0.326953 0.484722 0.019531 0.027778
0 0.734375 0.919444 0.026562 0.025000
0 0.748828 0.637500 0.024219 0.041667
0 0.427734 0.519444 0.014844 0.038889
0 0.626953 0.448611 0.014844 0.044444
0 0.941406 0.063889 0.018750 0.041667
0 0.260547 0.440972 0.022656 0.043056
0 0.296094 0.603472 0.014063 0.037500
0 0.680469 0.359722 0.023438 0.027778
0 0.180469 0.947917 0.025000 0.037500
0 0.964844 0.801389 0.028125 0.041667
0 0.914453 0.754167 0.017969 0.038889
0 0.276953 0.535417 0.017969 0.048611
0 0.844531 0.285417 0.020313 0.043056
0 0.533594 0.931944 0.017188 0.036111
0 0.931641 0.825694 0.027344 0.045833
0 0.350781 0.081944 0.017188 0.047222
0 0.243750 0.603472 0.021875 0.026389
0 0.187500 0.124306 0.026562 0.040278
0 0.056250 0.229167 0.026562 0.038889
0 0.203516 0.456944 0.016406 0.047222
0 0.603516 0.847917 0.024219 0.040278
0 0.851562 0.389583 0.018750 0.026389
0 0.156250 0.715972 0.023438 0.029167
0 0.040234 0.654861 0.016406 0.034722
0 0.471094 0.484722 0.021875 0.047222
0 0.076563 0.068750 0.020313 0.031944
0 0.800391 0.673611 0.021094 0.038889
0 0.199609 0.536806 0.019531 0.031944
0 0.186719 0.688194 0.014063 0.040278
0 0.601953 0.287500 0.017969 0.025000
0 0.461328 0.040972 0.024219 0.029167
0 0.687109 0.545139 0.014844 0.026389
0 0.106641 0.203472 0.027344 0.043056
0 0.168359 0.198611 0.014844 0.050000
0 0.614062 0.038889 0.017188 0.025000
0 0.096484 0.620139 0.021094 0.045833
0 0.980859 0.109722 0.016406 0.050000
0 0.121875 0.620139 0.020313 0.029167
0 0.037109 0.493056 0.016406 0.036111
0 0.932813 0.910417 0.026562 0.048611
0 0.468750 0.813889 0.025000 0.036111
0 0.901172 0.615972 0.022656 0.048611
1 0.766406 0.470139 0.118750 0.270833
1 0.133984 0.413889 0.097656 0.300000
1 0.498047 0.302778 0.149219 0.277778
1 0.609766 0.670139 0.108594 0.209722
1 0.291797 0.266667 0.163281 0.288889
1 0.300000 0.776389 0.165625 0.230556
1 0.763281 0.796528 0.143750 0.184722
1 0.696094 0.173611 0.126562 0.205556
1 0.919531 0.361111 0.096875 0.266667
1 0.100391 0.849306 0.121094 0.168056