0 0.446875 0.401389 0.017188 0.047222
0 0.796875 0.752083 0.018750 0.037500
0 0.240625 0.559028 0.026562 0.037500
0 0.085156 0.281250 0.026562 0.043056
0 0.087109 0.930556 0.022656 0.030556
0 0.358203 0.591667 0.027344 0.027778
0 0.167969 0.203472 0.014063 0.037500
0 0.707422 0.592361 0.022656 0.037500
0 0.825781 0.295833 0.014063 0.025000
0 0.213672 0.670139 0.019531 0.031944
0 0.565234 0.130556 0.027344 0.044444
0 0.896875 0.512500 0.018750 0.050000
0 0.517969 0.947917 0.025000 0.029167
0 0.204687 0.826389 0.020313 0.047222
0 0.872656 0.123611 0.018750 0.033333
0 0.178906 0.036111 0.015625 0.027778
0 0.825391 0.365278 0.022656 0.027778
0 0.152344 0.278472 0.018750 0.048611
0 0.954688 0.594444 0.028125 0.038889
0 0.206641 0.945833 0.027344 0.050000
0 0.416797 0.513194 0.027344 0.045833
0 0.668750 0.653472 0.015625 0.037500
0 0.758984 0.547222 0.021094 0.044444
0 0.380859 0.520139 0.027344 0.029167
0 0.258594 0.059028 0.020313 0.040278
0 0.576562 0.617361 0.023438 0.026389
0 0.584766 0.245833 0.017969 0.025000
0 0.545312 0.875694 0.025000 0.043056
0 0.745703 0.131944 0.016406 0.047222
0 0.287500 0.197917 0.020313 0.037500
0 0.241406 0.929861 0.014063 0.037500
0 0.622656 0.144444 0.015625 0.036111
0 0.385156 0.420833 0.021875 0.025000
0 0.442969 0.825694 0.025000 0.040278
0 0.640625 0.956250 0.025000 0.026389
0 0.796875 0.586111 0.026562 0.038889
0 0.386719 0.567361 0.018750 0.043056
0 0.116406 0.956250 0.014063 0.029167
0 0.528125 0.437500 0.021875 0.030556
0 0.169531 0.590972 0.021875 0.029167
0 0.678906 0.054861 0.025000 0.048611
0 0.810547 0.688194 0.027344 0.029167
0 0.469922 0.861111 0.021094 0.025000
0 0.317969 0.299306 0.026562 0.040278
0 0.026562 0.644444 0.020313 0.036111
0 0.557422 0.339583 0.017969 0.040278
0 0.932031 0.138889 0.014063 0.047222
0 0.361719 0.210417 0.026562 0.026389
0 0.555078 0.493056 0.027344 0.044444
0 0.424609 0.051389 0.022656 0.025000
0 0.021875 0.069444 0.020313 0.025000
0 0.846094 0.101389 0.023438 0.033333
0 0.791016 0.127778 0.019531 0.044444
0 0.623047 0.071528 0.021094 0.029167
0 0.053125 0.176389 0.017188 0.038889
0 0.595703 0.400000 0.022656 0.041667
0 0.600391 0.039583 0.014844 0.040278
0 0.539062 0.076389 0.018750 0.044444
0 0.044922 0.329167 0.027344 0.044444
0 0.062891 0.084722 0.016406 0.030556
0 0.552734 0.631250 0.016406 0.037500
0 0.044141 0.952778 0.022656 0.030556
0 0.231250 0.187500 0.018750 0.027778
0 0.864844 0.511806 0.021875 0.045833
0 0.495703 0.777083 0.022656 0.037500
0 0.801172 0.527083 0.025781 0.043056
0 0.208984 0.135417 0.014844 0.029167
0 0.623828 0.559028 0.025781 0.037500
0 0.198047 0.614583 0.025781 0.043056
0 0.965625 0.486806 0.018750 0.045833
0 0.413281 0.743056 0.014063 0.036111
0 0.034375 0.119444 0.018750 0.047222
0 0.713672 0.171528 0.022656 0.043056
0 0.023438 0.711111 0.017188 0.033333
0 0.808984 0.069444 0.021094 0.041667
0 0.779687 0.843750 0.020313 0.037500
0 0.463281 0.080556 0.021875 0.030556
0 0.229687 0.133333 0.020313 0.033333
1 0.261719 0.422917 0.150000 0.170833
1 0.484766 0.591667 0.099219 0.241667
1 0.692578 0.365278 0.157031 0.300000
1 0.669531 0.810417 0.165625 0.223611
1 0.089844 0.486806 0.126562 0.243056
1 0.105859 0.759028 0.122656 0.251389
1 0.457422 0.214583 0.147656 0.184722
1 0.904297 0.802778 0.124219 0.302778