0 0.368750 0.581250 0.014063 0.040278
0 0.894531 0.227778 0.017188 0.027778
0 0.763672 0.079861 0.014844 0.037500
0 0.967187 0.960417 0.025000 0.034722
0 0.098437 0.465972 0.014063 0.037500
0 0.905078 0.956250 0.014844 0.045833
0 0.057031 0.122222 0.020313 0.038889
0 0.137500 0.233333 0.014063 0.044444
0 0.079297 0.816667 0.022656 0.027778
0 0.719141 0.264583 0.017969 0.029167
0 0.620703 0.075000 0.019531 0.050000
0 0.732031 0.954861 0.026562 0.029167
0 0.428516 0.534028 0.016406 0.029167
0 0.972656 0.609722 0.020313 0.044444
0 0.701953 0.059722 0.021094 0.044444
0 0.511719 0.492361 0.020313 0.045833
0 0.299219 0.577083 0.014063 0.048611
0 0.924219 0.857639 0.025000 0.031944
0 0.273047 0.875694 0.019531 0.026389
0 0.440625 0.061806 0.015625 0.026389
0 0.076953 0.557639 0.017969 0.029167
0 0.690234 0.220139 0.017969 0.048611
0 0.302734 0.433333 0.016406 0.047222
0 0.739453 0.088194 0.027344 0.040278
0 0.664453 0.115278 0.019531 0.030556
0 0.109766 0.889583 0.022656 0.037500
0 0.028516 0.628472 0.017969 0.045833
0 0.741016 0.601389 0.027344 0.030556
0 0.127734 0.070139 0.016406 0.043056
0 0.235937 0.887500 0.015625 0.036111
0 0.963672 0.329167 0.027344 0.047222
0 0.045703 0.684722 0.014844 0.030556
0 0.502344 0.598611 0.026562 0.041667
0 0.154297 0.079167 0.027344 0.050000
0 0.189062 0.322917 0.023438 0.031944
0 0.051172 0.633333 0.014844 0.044444
0 0.080859 0.876389 0.019531 0.030556
0 0.899219 0.095139 0.025000 0.026389
0 0.956641 0.243056 0.021094 0.030556
0 0.777344 0.507639 0.018750 0.048611
0 0.238281 0.299306 0.026562 0.034722
0 0.398047 0.047917 0.022656 0.031944
0 0.343750 0.621528 0.028125 0.034722
0 0.280469 0.625000 0.018750 0.027778
0 0.705078 0.107639 0.019531 0.040278
0 0.539062 0.096528 0.028125 0.037500
0 0.710938 0.692361 0.028125 0.045833
0 0.600391 0.221528 0.019531 0.037500
0 0.683594 0.318056 0.015625 0.033333
0 0.106250 0.183333 0.028125 0.050000
0 0.842187 0.853472 0.023438 0.029167
0 0.408203 0.449306 0.017969 0.031944
0 0.749219 0.138194 0.015625 0.026389
0 0.696094 0.777778 0.014063 0.044444
0 0.324609 0.538194 0.024219 0.029167
0 0.047656 0.863889 0.015625 0.036111
0 0.043750 0.071528 0.015625 0.026389
0 0.066406 0.371528 0.023438 0.043056
0 0.112500 0.544444 0.017188 0.041667
0 0.860156 0.178472 0.026562 0.031944
0 0.180859 0.051389 0.016406 0.041667
0 0.150000 0.129861 0.025000 0.040278
0 0.284375 0.723611 0.026562 0.033333
0 0.030078 0.389583 0.027344 0.031944
0 0.707422 0.383333 0.027344 0.025000
0 0.428906 0.434028 0.014063 0.034722
0 0.735156 0.313194 0.018750 0.029167
0 0.712500 0.508333 0.018750 0.047222
0 0.785156 0.275694 0.023438 0.048611
0 0.456250 0.540278 0.021875 0.044444
0 0.947266 0.051389 0.017969 0.047222
0 0.025781 0.565278 0.023438 0.038889
0 0.548438 0.055556 0.014063 0.033333
0 0.767188 0.425694 0.015625 0.037500
0 0.173047 0.912500 0.017969 0.038889
0 0.539453 0.668750 0.014844 0.045833
0 0.651953 0.223611 0.021094 0.030556
0 0.737891 0.380556 0.027344 0.027778
0 0.546094 0.509722 0.018750 0.027778
0 0.748437 0.728472 0.018750 0.040278
0 0.775391 0.929861 0.024219 0.037500
0 0.262891 0.936806 0.014844 0.040278
0 0.792969 0.220139 0.020313 0.031944
0 0.610156 0.446528 0.018750 0.026389
1 0.474609 0.292361 0.127344 0.195833
1 0.461328 0.789583 0.130469 0.284722
1 0.846094 0.683333 0.146875 0.286111
1 0.192969 0.486806 0.132812 0.229167
1 0.617578 0.340972 0.094531 0.168056
1 0.863281 0.386111 0.117188 0.255556
1 0.230078 0.180556 0.102344 0.186111
1 0.631250 0.590278 0.096875 0.238889
1 0.173437 0.743750 0.148438 0.195833
1 0.601172 0.858333 0.103906 0.194444