0 0.070312 0.532227 0.058594 0.056641
0 0.858398 0.046875 0.048828 0.058594
0 0.611328 0.839844 0.035156 0.058594
0 0.722656 0.909180 0.046875 0.044922
0 0.166992 0.456055 0.056641 0.033203
0 0.618164 0.565430 0.056641 0.056641
0 0.494141 0.374023 0.054688 0.044922
0 0.964844 0.140625 0.039062 0.031250
0 0.836914 0.212891 0.048828 0.039062
0 0.673828 0.088867 0.042969 0.037109
0 0.774414 0.818359 0.044922 0.050781
0 0.760742 0.961914 0.037109 0.033203
0 0.758789 0.423828 0.056641 0.050781
0 0.880859 0.268555 0.054688 0.033203
0 0.051758 0.104492 0.041016 0.044922
0 0.285156 0.377930 0.054688 0.041016
0 0.072266 0.644531 0.039062 0.031250
0 0.336914 0.443359 0.037109 0.039062
0 0.152344 0.677734 0.050781 0.046875
0 0.687500 0.960938 0.042969 0.035156
0 0.547852 0.860352 0.052734 0.037109
0 0.556641 0.728516 0.058594 0.035156
0 0.343750 0.346680 0.042969 0.033203
0 0.074219 0.217773 0.031250 0.056641
0 0.540039 0.770508 0.048828 0.033203
0 0.650391 0.496094 0.042969 0.050781
0 0.166016 0.122070 0.039062 0.037109
0 0.677734 0.842773 0.039062 0.041016
0 0.046875 0.880859 0.046875 0.054688
0 0.616211 0.650391 0.048828 0.039062
0 0.923828 0.487305 0.058594 0.056641
0 0.661133 0.420898 0.048828 0.037109
0 0.093750 0.781250 0.035156 0.042969
0 0.789062 0.104492 0.046875 0.033203
0 0.957031 0.303711 0.042969 0.033203
0 0.836914 0.372070 0.048828 0.041016
0 0.082031 0.437500 0.058594 0.050781
1 0.246094 0.563477 0.171875 0.142578
1 0.297852 0.176758 0.138672 0.255859
1 0.692383 0.259766 0.224609 0.203125
1 0.794922 0.649414 0.246094 0.232422
1 0.355469 0.840820 0.199219 0.216797
1 0.474609 0.224609 0.140625 0.175781
1 0.464844 0.557617 0.191406 0.251953
1 0.896484 0.882812 0.160156 0.171875
1 0.113281 0.326172 0.183594 0.136719