0 0.548828 0.943359 0.050781 0.035156
0 0.352539 0.230469 0.041016 0.039062
0 0.286133 0.242188 0.041016 0.042969
0 0.862305 0.559570 0.041016 0.048828
0 0.822266 0.378906 0.058594 0.031250
0 0.911133 0.355469 0.037109 0.054688
0 0.914062 0.777344 0.039062 0.058594
0 0.340820 0.934570 0.041016 0.044922
0 0.540039 0.387695 0.041016 0.056641
0 0.458008 0.132812 0.056641 0.035156
0 0.123047 0.588867 0.050781 0.041016
0 0.865234 0.945312 0.046875 0.042969
0 0.248047 0.919922 0.050781 0.058594
0 0.162109 0.688477 0.031250 0.052734
0 0.603516 0.360352 0.035156 0.037109
0 0.402344 0.446289 0.042969 0.037109
0 0.718750 0.259766 0.035156 0.054688
0 0.622070 0.761719 0.044922 0.058594
0 0.066406 0.699219 0.050781 0.035156
0 0.086914 0.111328 0.037109 0.039062
0 0.918945 0.250000 0.037109 0.054688
0 0.822266 0.249023 0.054688 0.052734
0 0.332031 0.117188 0.058594 0.035156
0 0.216797 0.055664 0.054688 0.044922
0 0.873047 0.442383 0.035156 0.056641
0 0.636719 0.248047 0.058594 0.031250
0 0.482422 0.940430 0.039062 0.044922
0 0.457031 0.892578 0.046875 0.031250
0 0.692383 0.424805 0.044922 0.033203
0 0.465820 0.208008 0.044922 0.044922
0 0.934570 0.869141 0.037109 0.046875
0 0.224609 0.185547 0.054688 0.039062
0 0.770508 0.322266 0.044922 0.058594
0 0.047852 0.189453 0.044922 0.039062
0 0.174805 0.257812 0.033203 0.054688
0 0.947266 0.472656 0.042969 0.054688
0 0.208984 0.723633 0.042969 0.033203
0 0.367188 0.055664 0.046875 0.044922
0 0.053711 0.250977 0.033203 0.052734
0 0.043945 0.489258 0.048828 0.052734
0 0.258789 0.679688 0.048828 0.031250
0 0.467773 0.559570 0.052734 0.037109
0 0.055664 0.374023 0.033203 0.048828
0 0.052734 0.625000 0.042969 0.046875
0 0.237305 0.811523 0.033203 0.052734
0 0.041992 0.046875 0.041016 0.031250
1 0.868164 0.107422 0.216797 0.179688
1 0.668945 0.585938 0.169922 0.191406
1 0.619141 0.118164 0.234375 0.197266
1 0.096680 0.851562 0.142578 0.238281
1 0.428711 0.725586 0.263672 0.271484
1 0.745117 0.872070 0.154297 0.158203
1 0.257812 0.452148 0.191406 0.201172