0 0.698047 0.436111 0.019531 0.038889
0 0.549609 0.507639 0.014844 0.029167
0 0.394531 0.170139 0.020313 0.037500
0 0.750781 0.956250 0.023438 0.043056
0 0.248828 0.672222 0.027344 0.038889
0 0.178125 0.929861 0.021875 0.045833
0 0.392578 0.231944 0.014844 0.025000
0 0.470313 0.829861 0.028125 0.045833
0 0.451562 0.942361 0.020313 0.029167
0 0.546484 0.837500 0.017969 0.038889
0 0.963281 0.587500 0.020313 0.050000
0 0.976562 0.449306 0.028125 0.048611
0 0.684375 0.356250 0.023438 0.026389
0 0.344531 0.472222 0.017188 0.030556
0 0.981641 0.128472 0.017969 0.034722
0 0.060937 0.102778 0.014063 0.027778
0 0.380859 0.090278 0.014844 0.047222
0 0.889062 0.900694 0.014063 0.034722
0 0.958203 0.127778 0.014844 0.030556
0 0.122656 0.189583 0.026562 0.026389
0 0.790234 0.917361 0.016406 0.043056
0 0.317969 0.610417 0.017188 0.031944
0 0.159766 0.069444 0.022656 0.044444
0 0.931641 0.952083 0.014844 0.031944
0 0.184766 0.843750 0.016406 0.034722
0 0.030078 0.321528 0.017969 0.031944
0 0.707031 0.268056 0.018750 0.025000
0 0.242578 0.821528 0.025781 0.026389
0 0.906641 0.874306 0.014844 0.031944
0 0.954297 0.223611 0.022656 0.038889
0 0.586719 0.429167 0.018750 0.038889
0 0.424219 0.109028 0.015625 0.034722
0 0.614453 0.106944 0.016406 0.033333
0 0.426172 0.881944 0.024219 0.027778
0 0.298828 0.552083 0.019531 0.043056
0 0.116406 0.336111 0.020313 0.030556
0 0.505469 0.043750 0.026562 0.040278
0 0.390625 0.318056 0.018750 0.041667
0 0.317188 0.429167 0.021875 0.047222
0 0.606250 0.535417 0.020313 0.034722
0 0.662891 0.520833 0.017969 0.044444
0 0.080859 0.315972 0.024219 0.043056
0 0.901563 0.061111 0.014063 0.041667
0 0.664844 0.859722 0.014063 0.033333
0 0.353125 0.650694 0.028125 0.043056
0 0.680078 0.303472 0.021094 0.043056
0 0.875391 0.097222 0.027344 0.027778
0 0.961328 0.847222 0.019531 0.036111
0 0.651953 0.173611 0.025781 0.036111
0 0.939844 0.304861 0.017188 0.043056
0 0.835938 0.874306 0.025000 0.026389
0 0.178516 0.222917 0.024219 0.037500
0 0.871875 0.476389 0.028125 0.030556
0 0.313672 0.687500 0.016406 0.027778
0 0.961719 0.740278 0.025000 0.047222
0 0.532031 0.064583 0.017188 0.031944
0 0.530859 0.707639 0.027344 0.034722
0 0.632422 0.542361 0.021094 0.031944
0 0.126953 0.150000 0.019531 0.027778
0 0.555469 0.915972 0.025000 0.029167
0 0.931250 0.050000 0.015625 0.036111
0 0.357812 0.699306 0.018750 0.037500
0 0.039453 0.439583 0.021094 0.034722
0 0.975781 0.175694 0.021875 0.026389
0 0.074219 0.061111 0.015625 0.027778
0 0.648047 0.063889 0.024219 0.033333
0 0.972656 0.317361 0.020313 0.045833
0 0.509375 0.949306 0.023438 0.048611
0 0.637500 0.406250 0.021875 0.031944
0 0.292187 0.381944 0.023438 0.025000
0 0.686328 0.097222 0.022656 0.036111
0 0.915625 0.190972 0.023438 0.040278
0 0.755078 0.884028 0.021094 0.040278
0 0.064453 0.254167 0.019531 0.044444
0 0.618750 0.361111 0.015625 0.030556
0 0.458594 0.043056 0.020313 0.025000
0 0.583203 0.386806 0.021094 0.034722
0 0.982031 0.370833 0.017188 0.044444
0 0.279297 0.611111 0.021094 0.027778
0 0.858984 0.158333 0.016406 0.036111
0 0.912891 0.450694 0.014844 0.045833
0 0.683984 0.952083 0.027344 0.031944
0 0.637109 0.242361 0.024219 0.043056
0 0.347656 0.260417 0.028125 0.043056
0 0.153125 0.172222 0.020313 0.050000
0 0.216406 0.695139 0.026562 0.043056
0 0.264453 0.034722 0.014844 0.027778
0 0.546094 0.586111 0.018750 0.027778
0 0.883203 0.177083 0.017969 0.043056
0 0.381641 0.413194 0.017969 0.048611
0 0.357812 0.175694 0.023438 0.043056
1 0.140234 0.502083 0.169531 0.206944
1 0.262109 0.209722 0.097656 0.291667
1 0.093359 0.827083 0.130469 0.234722
1 0.647656 0.693056 0.148438 0.247222
1 0.450391 0.641667 0.113281 0.255556
1 0.830078 0.699306 0.155469 0.245833
1 0.525000 0.222917 0.135937 0.240278
1 0.323047 0.853472 0.100781 0.201389
1 0.775781 0.293750 0.106250 0.276389