0 0.964844 0.929688 0.039062 0.035156
0 0.928711 0.504883 0.048828 0.052734
0 0.564453 0.282227 0.054688 0.056641
0 0.166016 0.386719 0.050781 0.054688
0 0.127930 0.841797 0.044922 0.035156
0 0.928711 0.683594 0.037109 0.054688
0 0.531250 0.954102 0.031250 0.044922
0 0.535156 0.031250 0.050781 0.031250
0 0.255859 0.245117 0.058594 0.041016
0 0.632812 0.935547 0.058594 0.058594
0 0.837891 0.948242 0.039062 0.033203
0 0.571289 0.849609 0.041016 0.050781
0 0.705078 0.377930 0.031250 0.044922
0 0.550781 0.157227 0.054688 0.037109
0 0.321289 0.968750 0.037109 0.031250
0 0.361328 0.053711 0.042969 0.048828
0 0.593750 0.060547 0.046875 0.031250
0 0.460938 0.097656 0.058594 0.050781
0 0.951172 0.157227 0.031250 0.056641
0 0.219727 0.132812 0.044922 0.054688
0 0.738281 0.938477 0.058594 0.041016
0 0.863281 0.143555 0.046875 0.033203
0 0.085938 0.702148 0.031250 0.037109
0 0.083984 0.911133 0.050781 0.041016
0 0.955078 0.368164 0.042969 0.037109
0 0.114258 0.511719 0.037109 0.058594
0 0.669922 0.124023 0.031250 0.037109
0 0.469727 0.589844 0.044922 0.046875
0 0.598633 0.735352 0.037109 0.037109
0 0.299805 0.873047 0.033203 0.058594
0 0.208984 0.545898 0.050781 0.033203
0 0.793945 0.095703 0.033203 0.058594
0 0.189453 0.834961 0.031250 0.048828
0 0.220703 0.187500 0.031250 0.035156
0 0.541016 0.683594 0.031250 0.054688
0 0.960938 0.442383 0.042969 0.052734
0 0.838867 0.080078 0.041016 0.058594
0 0.875977 0.360352 0.033203 0.033203
0 0.392578 0.480469 0.054688 0.039062
0 0.269531 0.303711 0.046875 0.033203
1 0.229492 0.692383 0.193359 0.208984
1 0.689453 0.539062 0.253906 0.199219
1 0.427734 0.761719 0.136719 0.222656
1 0.791992 0.265625 0.263672 0.136719
1 0.408203 0.298828 0.179688 0.253906
1 0.787109 0.785156 0.226562 0.203125
1 0.108398 0.165039 0.158203 0.271484