0 0.431250 0.632639 0.025000 0.029167
0 0.473438 0.595833 0.017188 0.033333
0 0.743750 0.151389 0.021875 0.025000
0 0.444531 0.561806 0.018750 0.029167
0 0.379297 0.038194 0.027344 0.040278
0 0.785937 0.969444 0.014063 0.027778
0 0.563672 0.665972 0.021094 0.048611
0 0.280859 0.807639 0.017969 0.045833
0 0.601953 0.434722 0.017969 0.047222
0 0.891016 0.520833 0.025781 0.030556
0 0.226953 0.741667 0.022656 0.033333
0 0.762500 0.189583 0.021875 0.029167
0 0.069531 0.525000 0.021875 0.038889
0 0.942187 0.327778 0.015625 0.025000
0 0.803125 0.434028 0.028125 0.040278
0 0.033203 0.744444 0.022656 0.027778
0 0.028906 0.583333 0.014063 0.044444
0 0.942187 0.098611 0.020313 0.044444
0 0.535156 0.474306 0.017188 0.045833
0 0.907813 0.453472 0.025000 0.040278
0 0.448047 0.043056 0.024219 0.033333
0 0.877344 0.045833 0.020313 0.038889
0 0.932031 0.559028 0.018750 0.040278
0 0.965234 0.524306 0.024219 0.031944
0 0.163672 0.069444 0.022656 0.038889
0 0.462500 0.908333 0.021875 0.038889
0 0.734766 0.285417 0.027344 0.029167
0 0.697266 0.145139 0.017969 0.029167
0 0.062109 0.222222 0.016406 0.036111
0 0.938281 0.468750 0.021875 0.037500
0 0.460938 0.768750 0.015625 0.026389
0 0.032031 0.887500 0.023438 0.030556
0 0.274219 0.432639 0.021875 0.048611
0 0.567187 0.473611 0.025000 0.041667
0 0.084375 0.054167 0.026562 0.041667
0 0.032813 0.420139 0.025000 0.045833
0 0.332031 0.406944 0.014063 0.025000
0 0.257812 0.204861 0.020313 0.048611
0 0.057813 0.305556 0.015625 0.050000
0 0.949219 0.970833 0.018750 0.025000
0 0.746094 0.243750 0.025000 0.043056
0 0.529297 0.753472 0.014844 0.031944
0 0.967187 0.179167 0.025000 0.036111
0 0.608984 0.949306 0.016406 0.026389
0 0.475000 0.717361 0.014063 0.040278
0 0.488281 0.340972 0.020313 0.045833
0 0.823438 0.537500 0.017188 0.036111
0 0.647656 0.593056 0.015625 0.033333
0 0.494922 0.583333 0.019531 0.050000
0 0.050391 0.186111 0.022656 0.025000
0 0.466797 0.474306 0.025781 0.026389
0 0.587891 0.548611 0.021094 0.038889
0 0.462500 0.399306 0.026562 0.040278
0 0.495703 0.772917 0.024219 0.045833
0 0.589844 0.647222 0.017188 0.041667
0 0.413281 0.049306 0.023438 0.026389
0 0.452734 0.361111 0.025781 0.025000
0 0.248438 0.945833 0.021875 0.047222
0 0.275391 0.263194 0.024219 0.034722
0 0.521484 0.691667 0.017969 0.025000
0 0.939063 0.638194 0.018750 0.037500
0 0.531641 0.627083 0.025781 0.048611
0 0.561719 0.838889 0.023438 0.050000
0 0.517969 0.857639 0.015625 0.048611
0 0.123828 0.050000 0.024219 0.025000
0 0.075000 0.569444 0.015625 0.038889
0 0.157812 0.379167 0.015625 0.025000
0 0.763281 0.904861 0.025000 0.031944
0 0.672266 0.065972 0.016406 0.040278
0 0.423438 0.448611 0.017188 0.047222
0 0.759375 0.109722 0.015625 0.038889
0 0.134766 0.104167 0.027344 0.027778
0 0.412500 0.368056 0.015625 0.025000
0 0.189844 0.924306 0.020313 0.048611
0 0.267969 0.100694 0.015625 0.029167
0 0.816797 0.963194 0.022656 0.034722
0 0.562500 0.417361 0.026562 0.034722
0 0.204687 0.066667 0.026562 0.027778
0 0.240625 0.072222 0.015625 0.036111
0 0.959375 0.853472 0.025000 0.031944
0 0.967187 0.113194 0.014063 0.048611
0 0.493750 0.395833 0.021875 0.027778
0 0.235547 0.874306 0.014844 0.045833
0 0.977734 0.740972 0.017969 0.029167
0 0.292578 0.958333 0.016406 0.038889
0 0.330078 0.952778 0.022656 0.041667
0 0.965625 0.256250 0.014063 0.026389
0 0.194531 0.853472 0.017188 0.031944
1 0.605078 0.218056 0.155469 0.241667
1 0.676562 0.776389 0.115625 0.288889
1 0.164844 0.231944 0.134375 0.197222
1 0.348047 0.792361 0.102344 0.237500
1 0.393750 0.198611 0.140625 0.247222
1 0.177344 0.554861 0.151562 0.301389
1 0.851562 0.238889 0.139063 0.275000
1 0.112109 0.822222 0.103906 0.177778
1 0.684766 0.463194 0.116406 0.193056