0 0.052734 0.057617 0.046875 0.041016
0 0.651367 0.913086 0.037109 0.052734
0 0.244141 0.116211 0.031250 0.044922
0 0.338867 0.166016 0.033203 0.031250
0 0.666016 0.754883 0.050781 0.044922
0 0.417969 0.933594 0.050781 0.054688
0 0.573242 0.138672 0.044922 0.039062
0 0.306641 0.917969 0.039062 0.054688
0 0.926758 0.523438 0.041016 0.046875
0 0.067383 0.636719 0.052734 0.054688
0 0.874023 0.178711 0.041016 0.044922
0 0.610352 0.064453 0.044922 0.031250
0 0.609375 0.291992 0.058594 0.056641
0 0.120117 0.710938 0.041016 0.042969
0 0.449219 0.059570 0.058594 0.037109
0 0.528320 0.852539 0.037109 0.044922
0 0.896484 0.333008 0.042969 0.048828
0 0.958008 0.099609 0.041016 0.050781
0 0.407227 0.852539 0.044922 0.037109
0 0.941406 0.216797 0.035156 0.039062
0 0.198242 0.331055 0.037109 0.052734
0 0.413086 0.473633 0.041016 0.041016
0 0.838867 0.951172 0.037109 0.050781
0 0.130859 0.343750 0.054688 0.046875
0 0.885742 0.104492 0.044922 0.044922
0 0.385742 0.584961 0.041016 0.041016
0 0.529297 0.938477 0.046875 0.056641
0 0.100586 0.116211 0.052734 0.033203
0 0.067383 0.957031 0.033203 0.035156
0 0.602539 0.891602 0.041016 0.033203
0 0.039062 0.909180 0.031250 0.033203
0 0.806641 0.112305 0.058594 0.056641
0 0.068359 0.783203 0.050781 0.031250
0 0.179688 0.855469 0.039062 0.031250
0 0.312500 0.847656 0.058594 0.035156
0 0.333984 0.099609 0.031250 0.046875
0 0.590820 0.230469 0.041016 0.042969
0 0.918945 0.443359 0.056641 0.035156
0 0.417969 0.789062 0.031250 0.050781
1 0.425781 0.322266 0.250000 0.246094
1 0.733398 0.256836 0.173828 0.177734
1 0.535156 0.638672 0.148438 0.269531
1 0.287109 0.700195 0.152344 0.158203
1 0.756836 0.511719 0.158203 0.218750
1 0.153320 0.224609 0.240234 0.136719
1 0.852539 0.814453 0.162109 0.207031
1 0.148438 0.495117 0.156250 0.205078