0 0.285156 0.680556 0.021875 0.044444
0 0.445312 0.109722 0.017188 0.033333
0 0.812500 0.722222 0.026562 0.038889
0 0.665625 0.734722 0.023438 0.044444
0 0.244531 0.809722 0.025000 0.030556
0 0.692187 0.738889 0.020313 0.038889
0 0.314063 0.680556 0.025000 0.038889
0 0.197266 0.841667 0.021094 0.025000
0 0.796094 0.840278 0.028125 0.050000
0 0.335547 0.584722 0.025781 0.027778
0 0.477344 0.436111 0.021875 0.050000
0 0.614844 0.890972 0.017188 0.048611
0 0.668359 0.927083 0.021094 0.031944
0 0.910547 0.559722 0.016406 0.030556
0 0.721484 0.293056 0.027344 0.038889
0 0.367188 0.393750 0.020313 0.037500
0 0.891406 0.845139 0.025000 0.034722
0 0.354687 0.797222 0.017188 0.050000
0 0.550781 0.697222 0.023438 0.025000
0 0.237891 0.921528 0.014844 0.037500
0 0.783594 0.910417 0.017188 0.037500
0 0.505469 0.951389 0.015625 0.036111
0 0.623047 0.601389 0.025781 0.038889
0 0.941797 0.883333 0.024219 0.030556
0 0.278125 0.048611 0.025000 0.027778
0 0.968750 0.037500 0.015625 0.025000
0 0.635938 0.253472 0.021875 0.034722
0 0.671094 0.230556 0.015625 0.033333
0 0.746094 0.670139 0.015625 0.034722
0 0.324609 0.068056 0.014844 0.038889
0 0.585547 0.708333 0.017969 0.044444
0 0.558203 0.875694 0.014844 0.037500
0 0.327734 0.477778 0.022656 0.041667
0 0.739453 0.212500 0.019531 0.025000
0 0.562109 0.790278 0.027344 0.041667
0 0.325781 0.323611 0.020313 0.050000
0 0.955078 0.716667 0.021094 0.027778
0 0.058594 0.814583 0.021875 0.048611
0 0.447656 0.043750 0.020313 0.040278
0 0.073438 0.424306 0.014063 0.031944
0 0.110547 0.882639 0.014844 0.040278
0 0.362109 0.081250 0.017969 0.034722
0 0.036328 0.443056 0.019531 0.038889
0 0.693359 0.878472 0.022656 0.040278
0 0.751172 0.836111 0.019531 0.027778
0 0.876172 0.630556 0.025781 0.044444
0 0.114062 0.838194 0.020313 0.029167
0 0.955469 0.953472 0.017188 0.031944
0 0.035156 0.942361 0.023438 0.031944
0 0.975391 0.280556 0.017969 0.041667
0 0.914062 0.922222 0.017188 0.044444
0 0.513281 0.836806 0.017188 0.043056
0 0.212891 0.691667 0.022656 0.050000
0 0.162891 0.427778 0.022656 0.033333
0 0.939453 0.561806 0.024219 0.040278
0 0.861328 0.870139 0.021094 0.031944
0 0.187891 0.955556 0.022656 0.047222
0 0.460547 0.199306 0.024219 0.026389
0 0.450391 0.811111 0.016406 0.041667
0 0.626172 0.209028 0.025781 0.034722
0 0.625781 0.646528 0.026562 0.031944
0 0.623437 0.800694 0.028125 0.045833
0 0.537109 0.923611 0.016406 0.038889
0 0.939063 0.795833 0.015625 0.041667
0 0.869531 0.465278 0.015625 0.044444
0 0.473047 0.375000 0.021094 0.038889
0 0.373437 0.546528 0.025000 0.045833
0 0.632031 0.051389 0.025000 0.050000
0 0.252734 0.299306 0.017969 0.048611
0 0.959766 0.406944 0.025781 0.025000
0 0.478125 0.852778 0.028125 0.044444
0 0.760938 0.758333 0.017188 0.036111
0 0.975391 0.226389 0.022656 0.025000
0 0.411719 0.895139 0.026562 0.026389
0 0.591797 0.604861 0.025781 0.040278
0 0.748437 0.275000 0.018750 0.033333
0 0.963672 0.837500 0.021094 0.033333
1 0.774219 0.498611 0.165625 0.269444
1 0.450000 0.625694 0.107813 0.259722
1 0.119141 0.241667 0.164844 0.255556
1 0.081641 0.634028 0.107031 0.234722
1 0.545703 0.153472 0.119531 0.215278
1 0.349219 0.200000 0.118750 0.172222
1 0.603516 0.429861 0.144531 0.248611