0 0.266602 0.413086 0.041016 0.052734
0 0.157227 0.731445 0.044922 0.044922
0 0.269531 0.927734 0.031250 0.042969
0 0.778320 0.089844 0.037109 0.058594
0 0.898438 0.103516 0.042969 0.042969
0 0.722656 0.624023 0.035156 0.044922
0 0.437500 0.319336 0.054688 0.041016
0 0.060547 0.828125 0.054688 0.042969
0 0.100586 0.335938 0.044922 0.039062
0 0.200195 0.354492 0.041016 0.048828
0 0.047852 0.950195 0.052734 0.056641
0 0.282227 0.070312 0.044922 0.031250
0 0.650391 0.873047 0.039062 0.031250
0 0.503906 0.930664 0.058594 0.041016
0 0.727539 0.951172 0.056641 0.058594
0 0.615234 0.756836 0.042969 0.052734
0 0.857422 0.612305 0.050781 0.056641
0 0.929688 0.042969 0.054688 0.042969
0 0.452148 0.407227 0.041016 0.052734
0 0.192383 0.952148 0.052734 0.044922
0 0.041016 0.673828 0.035156 0.031250
0 0.367188 0.296875 0.031250 0.058594
0 0.541992 0.100586 0.033203 0.037109
0 0.704102 0.064453 0.044922 0.035156
0 0.389648 0.217773 0.048828 0.033203
0 0.342773 0.383789 0.056641 0.037109
0 0.150391 0.047852 0.058594 0.052734
0 0.794922 0.382812 0.046875 0.050781
0 0.049805 0.583008 0.048828 0.056641
0 0.530273 0.036133 0.033203 0.041016
0 0.728516 0.878906 0.054688 0.050781
0 0.586914 0.817383 0.052734 0.037109
0 0.044922 0.495117 0.031250 0.056641
0 0.660156 0.685547 0.050781 0.054688
0 0.541992 0.585938 0.048828 0.031250
0 0.146484 0.785156 0.058594 0.046875
0 0.332031 0.909180 0.050781 0.033203
0 0.108398 0.389648 0.044922 0.037109
0 0.650391 0.926758 0.039062 0.041016
0 0.048828 0.724609 0.042969 0.050781
1 0.656250 0.483398 0.164062 0.208984
1 0.666016 0.224609 0.257812 0.195312
1 0.185547 0.183594 0.242188 0.167969
1 0.176758 0.567383 0.158203 0.193359
1 0.350586 0.797852 0.248047 0.142578
1 0.401367 0.561523 0.193359 0.236328
1 0.833984 0.750000 0.257812 0.152344
1 0.904297 0.408203 0.156250 0.250000
1 0.411133 0.089844 0.150391 0.140625