0 0.708984 0.067383 0.054688 0.037109
0 0.938477 0.758789 0.033203 0.056641
0 0.524414 0.442383 0.048828 0.037109
0 0.892578 0.357422 0.058594 0.042969
0 0.955078 0.652344 0.035156 0.042969
0 0.408203 0.712891 0.054688 0.050781
0 0.448242 0.401367 0.052734 0.044922
0 0.449219 0.881836 0.039062 0.048828
0 0.509766 0.832031 0.046875 0.058594
0 0.587891 0.417969 0.050781 0.054688
0 0.432617 0.343750 0.056641 0.054688
0 0.914062 0.541992 0.050781 0.044922
0 0.809570 0.337891 0.033203 0.046875
0 0.183594 0.716797 0.042969 0.031250
0 0.582031 0.832031 0.054688 0.035156
0 0.928711 0.936523 0.041016 0.041016
0 0.067383 0.603516 0.041016 0.046875
0 0.050781 0.332031 0.058594 0.039062
0 0.863281 0.625000 0.046875 0.031250
0 0.379883 0.898438 0.048828 0.050781
0 0.045898 0.532227 0.037109 0.044922
0 0.929688 0.465820 0.031250 0.056641
0 0.955078 0.405273 0.031250 0.048828
0 0.245117 0.646484 0.041016 0.054688
0 0.053711 0.745117 0.037109 0.044922
0 0.501953 0.754883 0.050781 0.044922
0 0.349609 0.688477 0.046875 0.052734
0 0.799805 0.605469 0.041016 0.042969
0 0.567383 0.891602 0.041016 0.037109
0 0.101562 0.669922 0.031250 0.031250
0 0.372070 0.630859 0.037109 0.031250
0 0.040039 0.454102 0.044922 0.037109
0 0.613281 0.097656 0.054688 0.035156
0 0.615234 0.358398 0.031250 0.048828
0 0.057617 0.873047 0.041016 0.058594
0 0.593750 0.702148 0.054688 0.052734
0 0.177734 0.636719 0.042969 0.054688
0 0.438477 0.032227 0.056641 0.033203
0 0.728516 0.656250 0.050781 0.042969
0 0.661133 0.958008 0.048828 0.037109
0 0.263672 0.289062 0.039062 0.046875
0 0.882812 0.436523 0.042969 0.052734
0 0.279297 0.215820 0.039062 0.044922
0 0.784180 0.216797 0.037109 0.042969
0 0.270508 0.152344 0.044922 0.035156
1 0.501953 0.575195 0.183594 0.181641
1 0.759766 0.812500 0.214844 0.214844
1 0.457031 0.193359 0.218750 0.226562
1 0.217773 0.866211 0.201172 0.208984
1 0.249023 0.461914 0.267578 0.255859
1 0.902344 0.176758 0.148438 0.216797
1 0.135742 0.169922 0.201172 0.242188
1 0.679688 0.210938 0.156250 0.175781
1 0.740234 0.480469 0.207031 0.140625