0 0.216016 0.713194 0.024219 0.031944
0 0.851562 0.090278 0.018750 0.025000
0 0.025781 0.513194 0.026562 0.043056
0 0.888281 0.211806 0.028125 0.037500
0 0.089453 0.266667 0.014844 0.036111
0 0.135547 0.390972 0.022656 0.034722
0 0.692578 0.778472 0.021094 0.043056
0 0.199219 0.842361 0.020313 0.037500
0 0.387500 0.871528 0.020313 0.037500
0 0.087891 0.640278 0.024219 0.041667
0 0.915234 0.334028 0.022656 0.029167
0 0.657422 0.127083 0.014844 0.043056
0 0.878906 0.934722 0.015625 0.027778
0 0.883984 0.104861 0.014844 0.034722
0 0.752734 0.173611 0.019531 0.044444
0 0.291016 0.844444 0.019531 0.025000
0 0.814453 0.159722 0.019531 0.027778
0 0.142578 0.499306 0.027344 0.045833
0 0.964063 0.604167 0.021875 0.038889
0 0.116797 0.563889 0.027344 0.036111
0 0.797656 0.318056 0.020313 0.038889
0 0.623437 0.054861 0.025000 0.029167
0 0.572266 0.148611 0.014844 0.050000
0 0.682031 0.280556 0.020313 0.050000
0 0.612500 0.370139 0.021875 0.043056
0 0.614844 0.295833 0.025000 0.030556
0 0.108594 0.163889 0.028125 0.030556
0 0.675391 0.890278 0.021094 0.044444
0 0.977734 0.468056 0.024219 0.050000
0 0.184766 0.668750 0.025781 0.040278
0 0.684375 0.388889 0.015625 0.047222
0 0.065625 0.356250 0.015625 0.040278
0 0.749219 0.325000 0.025000 0.050000
0 0.835938 0.949306 0.017188 0.029167
0 0.691016 0.197222 0.014844 0.025000
0 0.935156 0.513889 0.023438 0.027778
0 0.849219 0.384028 0.017188 0.040278
0 0.799609 0.258333 0.027344 0.033333
0 0.147266 0.309028 0.014844 0.043056
0 0.794922 0.114583 0.024219 0.026389
0 0.127344 0.431250 0.021875 0.031944
0 0.659766 0.362500 0.022656 0.050000
0 0.422266 0.951389 0.022656 0.030556
0 0.888672 0.496528 0.019531 0.034722
0 0.139453 0.256944 0.027344 0.038889
0 0.229297 0.830556 0.021094 0.027778
0 0.625000 0.438889 0.023438 0.036111
0 0.596875 0.962500 0.023438 0.027778
0 0.765625 0.566667 0.018750 0.050000
0 0.886328 0.270139 0.017969 0.048611
0 0.908203 0.584722 0.021094 0.027778
0 0.797656 0.395139 0.025000 0.026389
0 0.339062 0.256944 0.021875 0.033333
0 0.428516 0.891667 0.014844 0.041667
0 0.390625 0.949306 0.023438 0.031944
0 0.747266 0.962500 0.017969 0.027778
0 0.148828 0.170833 0.019531 0.030556
0 0.350781 0.954167 0.015625 0.047222
0 0.379688 0.606250 0.023438 0.026389
0 0.192578 0.907639 0.024219 0.037500
0 0.742969 0.259722 0.021875 0.041667
0 0.426563 0.815278 0.020313 0.027778
0 0.172656 0.586806 0.014063 0.034722
0 0.025000 0.560417 0.015625 0.034722
0 0.596875 0.537500 0.018750 0.038889
0 0.734375 0.068750 0.021875 0.043056
0 0.080859 0.506944 0.016406 0.050000
0 0.965625 0.227778 0.015625 0.036111
0 0.972656 0.275694 0.017188 0.040278
0 0.748047 0.897222 0.016406 0.025000
0 0.780859 0.950694 0.014844 0.029167
0 0.076953 0.081944 0.024219 0.027778
0 0.094922 0.381944 0.027344 0.033333
0 0.115625 0.045833 0.025000 0.027778
0 0.723047 0.911111 0.016406 0.033333
0 0.785547 0.195139 0.022656 0.043056
0 0.375000 0.411806 0.018750 0.031944
0 0.941406 0.052083 0.023438 0.040278
1 0.248047 0.163889 0.135156 0.233333
1 0.296094 0.559722 0.129688 0.250000
1 0.487891 0.482639 0.158594 0.281944
1 0.120703 0.805556 0.110156 0.186111
1 0.836328 0.634722 0.108594 0.211111
1 0.476953 0.194444 0.142969 0.241667
1 0.528906 0.805556 0.145313 0.261111