0 0.538672 0.632639 0.019531 0.043056
0 0.214453 0.763889 0.017969 0.027778
0 0.475781 0.131944 0.018750 0.038889
0 0.685156 0.963889 0.014063 0.030556
0 0.829688 0.946528 0.023438 0.048611
0 0.242188 0.038194 0.023438 0.031944
0 0.184375 0.957639 0.025000 0.045833
0 0.062500 0.102083 0.025000 0.026389
0 0.085938 0.477083 0.023438 0.048611
0 0.053516 0.052778 0.017969 0.047222
0 0.405078 0.942361 0.027344 0.045833
0 0.397656 0.867361 0.021875 0.029167
0 0.772266 0.347222 0.019531 0.050000
0 0.369922 0.069444 0.016406 0.025000
0 0.233203 0.491667 0.024219 0.044444
0 0.583984 0.376389 0.016406 0.025000
0 0.291406 0.438194 0.020313 0.037500
0 0.161328 0.878472 0.017969 0.031944
0 0.877734 0.395139 0.021094 0.037500
0 0.019922 0.378472 0.016406 0.029167
0 0.260156 0.513194 0.017188 0.040278
0 0.842578 0.390972 0.027344 0.045833
0 0.439063 0.825000 0.020313 0.036111
0 0.317188 0.156944 0.014063 0.030556
0 0.764062 0.288194 0.021875 0.045833
0 0.295312 0.246528 0.026562 0.031944
0 0.878906 0.571528 0.014063 0.048611
0 0.571094 0.422917 0.014063 0.037500
0 0.370312 0.896528 0.021875 0.043056
0 0.968750 0.650000 0.025000 0.044444
0 0.385547 0.227083 0.027344 0.037500
0 0.523828 0.070833 0.024219 0.041667
0 0.239063 0.932639 0.025000 0.040278
0 0.166797 0.841667 0.022656 0.030556
0 0.346484 0.328472 0.024219 0.034722
0 0.458594 0.292361 0.023438 0.037500
0 0.230859 0.863889 0.016406 0.030556
0 0.233594 0.076389 0.025000 0.025000
0 0.194531 0.686111 0.028125 0.033333
0 0.476953 0.241667 0.016406 0.038889
0 0.212891 0.821528 0.014844 0.037500
0 0.700781 0.793750 0.028125 0.034722
0 0.183594 0.756944 0.026562 0.050000
0 0.782422 0.053472 0.019531 0.043056
0 0.569531 0.961806 0.014063 0.029167
0 0.448047 0.109722 0.021094 0.027778
0 0.482031 0.846528 0.017188 0.029167
0 0.037891 0.218056 0.016406 0.025000
0 0.926172 0.382639 0.022656 0.034722
0 0.750000 0.826389 0.014063 0.036111
0 0.569922 0.607639 0.021094 0.037500
0 0.934375 0.559722 0.028125 0.044444
0 0.318750 0.065278 0.014063 0.038889
0 0.383594 0.129861 0.014063 0.029167
0 0.658203 0.863889 0.022656 0.025000
0 0.479297 0.790972 0.016406 0.048611
0 0.126953 0.503472 0.027344 0.043056
0 0.900000 0.959028 0.026562 0.045833
0 0.155078 0.797917 0.017969 0.037500
0 0.742969 0.884722 0.015625 0.025000
0 0.691406 0.916667 0.026562 0.033333
0 0.479687 0.395833 0.020313 0.050000
0 0.325000 0.273611 0.017188 0.027778
0 0.152344 0.607639 0.014063 0.034722
0 0.616016 0.047917 0.021094 0.037500
0 0.921875 0.079167 0.026562 0.030556
0 0.746875 0.718056 0.014063 0.025000
0 0.060937 0.319444 0.028125 0.030556
0 0.126172 0.559722 0.017969 0.036111
0 0.778906 0.868056 0.020313 0.047222
0 0.435937 0.406944 0.021875 0.027778
0 0.958203 0.038194 0.021094 0.037500
0 0.662109 0.920139 0.017969 0.048611
0 0.429688 0.312500 0.028125 0.050000
0 0.728906 0.740972 0.014063 0.048611
0 0.309375 0.911806 0.014063 0.026389
0 0.474219 0.728472 0.025000 0.037500
0 0.435547 0.466667 0.019531 0.027778
0 0.454688 0.070833 0.014063 0.038889
0 0.489063 0.629861 0.015625 0.026389
0 0.967969 0.380556 0.028125 0.030556
0 0.775781 0.222222 0.015625 0.041667
0 0.508594 0.238194 0.018750 0.040278
0 0.939844 0.487500 0.014063 0.027778
0 0.390625 0.268056 0.025000 0.025000
0 0.614062 0.864583 0.018750 0.031944
0 0.788281 0.454167 0.017188 0.038889
0 0.881641 0.916667 0.021094 0.027778
0 0.447656 0.890278 0.026562 0.044444
0 0.055078 0.440972 0.021094 0.040278
0 0.437109 0.250694 0.019531 0.034722
0 0.086328 0.372222 0.025781 0.027778
0 0.197266 0.547222 0.021094 0.025000
0 0.462500 0.685417 0.026562 0.031944
0 0.026562 0.465278 0.020313 0.025000
0 0.778906 0.756250 0.021875 0.040278
0 0.155859 0.075000 0.016406 0.050000
0 0.520312 0.537500 0.014063 0.033333
0 0.960938 0.894444 0.026562 0.036111
0 0.125391 0.046528 0.016406 0.031944
0 0.491406 0.188194 0.023438 0.040278
0 0.164453 0.544444 0.025781 0.025000
1 0.330469 0.746528 0.160938 0.187500
1 0.363281 0.497222 0.103125 0.230556
1 0.689844 0.566667 0.110937 0.200000
1 0.086328 0.784028 0.107031 0.298611
1 0.587500 0.226389 0.107813 0.241667
1 0.878906 0.229167 0.168750 0.238889
1 0.548828 0.807639 0.096094 0.254167
1 0.867578 0.746528 0.135156 0.168056
1 0.185156 0.315972 0.157812 0.240278