0 0.770703 0.911806 0.024219 0.043056
0 0.659766 0.943750 0.014844 0.045833
0 0.517969 0.352083 0.014063 0.031944
0 0.682813 0.568056 0.026562 0.036111
0 0.226953 0.217361 0.021094 0.045833
0 0.025000 0.437500 0.014063 0.030556
0 0.285156 0.415278 0.015625 0.033333
0 0.782813 0.303472 0.028125 0.031944
0 0.839453 0.867361 0.025781 0.037500
0 0.463672 0.902778 0.021094 0.038889
0 0.532422 0.852778 0.024219 0.036111
0 0.553125 0.331944 0.025000 0.050000
0 0.964063 0.747917 0.018750 0.029167
0 0.925000 0.349306 0.020313 0.034722
0 0.586719 0.280556 0.028125 0.047222
0 0.566016 0.884722 0.017969 0.036111
0 0.570312 0.706944 0.020313 0.041667
0 0.950391 0.860417 0.024219 0.034722
0 0.250391 0.691667 0.025781 0.025000
0 0.647266 0.109722 0.025781 0.044444
0 0.039844 0.761111 0.023438 0.041667
0 0.597656 0.638889 0.021875 0.041667
0 0.567578 0.045139 0.027344 0.026389
0 0.108594 0.886111 0.025000 0.027778
0 0.957031 0.377083 0.026562 0.034722
0 0.550391 0.645139 0.027344 0.029167
0 0.744141 0.890278 0.017969 0.027778
0 0.200000 0.459028 0.017188 0.034722
0 0.750391 0.458333 0.022656 0.041667
0 0.897656 0.907639 0.017188 0.040278
0 0.582812 0.492361 0.023438 0.026389
0 0.133203 0.445833 0.027344 0.025000
0 0.813672 0.163194 0.027344 0.034722
0 0.185547 0.404861 0.019531 0.034722
0 0.631641 0.518056 0.019531 0.050000
0 0.830469 0.718750 0.015625 0.037500
0 0.971094 0.263889 0.014063 0.033333
0 0.209766 0.281250 0.019531 0.048611
0 0.975781 0.908333 0.023438 0.025000
0 0.124219 0.114583 0.020313 0.040278
0 0.705078 0.932639 0.024219 0.026389
0 0.902344 0.777083 0.018750 0.048611
0 0.946484 0.556250 0.017969 0.048611
0 0.025000 0.918750 0.017188 0.034722
0 0.062109 0.882639 0.014844 0.026389
0 0.453906 0.360417 0.023438 0.034722
0 0.824609 0.250000 0.017969 0.038889
0 0.020313 0.634028 0.015625 0.037500
0 0.031641 0.072222 0.021094 0.044444
0 0.528906 0.711111 0.026562 0.050000
0 0.034375 0.523611 0.021875 0.050000
0 0.867969 0.056944 0.023438 0.036111
0 0.566797 0.942361 0.025781 0.037500
0 0.422656 0.895139 0.028125 0.043056
0 0.513281 0.038194 0.020313 0.040278
0 0.978125 0.315972 0.020313 0.037500
0 0.085938 0.377083 0.014063 0.029167
0 0.946094 0.038889 0.020313 0.041667
0 0.849219 0.799306 0.025000 0.029167
0 0.076953 0.470833 0.021094 0.047222
0 0.164453 0.886806 0.024219 0.026389
0 0.123047 0.945139 0.021094 0.048611
0 0.976953 0.163194 0.024219 0.026389
0 0.040234 0.205556 0.024219 0.036111
0 0.273828 0.101389 0.019531 0.044444
0 0.742188 0.257639 0.017188 0.031944
0 0.934766 0.793750 0.016406 0.026389
0 0.247266 0.523611 0.025781 0.025000
0 0.316406 0.093750 0.025000 0.031944
0 0.037891 0.695139 0.027344 0.034722
0 0.949219 0.697917 0.025000 0.034722
0 0.025391 0.118056 0.022656 0.027778
0 0.030078 0.352778 0.022656 0.044444
0 0.237500 0.443056 0.018750 0.038889
0 0.607422 0.053472 0.014844 0.045833
0 0.602734 0.588194 0.016406 0.029167
0 0.435937 0.074306 0.025000 0.034722
0 0.741797 0.835417 0.021094 0.029167
0 0.802344 0.758333 0.023438 0.041667
0 0.210547 0.081944 0.027344 0.050000
0 0.560156 0.806944 0.020313 0.044444
0 0.550391 0.756944 0.027344 0.025000
0 0.773438 0.262500 0.025000 0.033333
0 0.638281 0.642361 0.028125 0.048611
1 0.121875 0.256944 0.112500 0.177778
1 0.633203 0.793750 0.096094 0.170833
1 0.138281 0.702778 0.148438 0.302778
1 0.667188 0.324306 0.118750 0.254167
1 0.334766 0.599306 0.122656 0.287500
1 0.817187 0.592361 0.167187 0.179167
1 0.459766 0.201389 0.147656 0.200000
1 0.908203 0.198611 0.099219 0.202778
1 0.305078 0.235417 0.114844 0.204167