0 0.396875 0.101389 0.021875 0.025000
0 0.951172 0.613194 0.021094 0.034722
0 0.935547 0.356944 0.014844 0.047222
0 0.833203 0.364583 0.014844 0.034722
0 0.551953 0.148611 0.024219 0.030556
0 0.309766 0.862500 0.017969 0.036111
0 0.836719 0.295139 0.020313 0.048611
0 0.052734 0.574306 0.019531 0.031944
0 0.192578 0.087500 0.016406 0.036111
0 0.796094 0.431944 0.017188 0.033333
0 0.837109 0.579861 0.016406 0.045833
0 0.939844 0.175694 0.025000 0.043056
0 0.971875 0.433333 0.023438 0.036111
0 0.156250 0.906944 0.015625 0.027778
0 0.048438 0.829167 0.017188 0.030556
0 0.227344 0.854861 0.026562 0.029167
0 0.108984 0.671528 0.025781 0.048611
0 0.535156 0.693056 0.028125 0.030556
0 0.953516 0.223611 0.017969 0.025000
0 0.266797 0.820833 0.016406 0.047222
0 0.347656 0.808333 0.020313 0.038889
0 0.524219 0.285417 0.026562 0.026389
0 0.260547 0.506944 0.019531 0.047222
0 0.274219 0.865278 0.017188 0.025000
0 0.731641 0.701389 0.016406 0.050000
0 0.479687 0.095139 0.023438 0.043056
0 0.337891 0.701389 0.025781 0.025000
0 0.710938 0.784722 0.026562 0.027778
0 0.091797 0.627083 0.017969 0.029167
0 0.239453 0.284028 0.027344 0.029167
0 0.783203 0.219444 0.014844 0.041667
0 0.654297 0.902083 0.019531 0.043056
0 0.589063 0.686806 0.026562 0.043056
0 0.453516 0.127778 0.019531 0.041667
0 0.897266 0.527083 0.022656 0.031944
0 0.598047 0.370139 0.027344 0.040278
0 0.904297 0.959028 0.025781 0.034722
0 0.276562 0.160417 0.028125 0.026389
0 0.548438 0.112500 0.015625 0.025000
0 0.260937 0.462500 0.026562 0.027778
0 0.544531 0.195833 0.018750 0.036111
0 0.438281 0.944444 0.018750 0.030556
0 0.626172 0.040972 0.027344 0.034722
0 0.241406 0.039583 0.026562 0.037500
0 0.196875 0.691667 0.025000 0.050000
0 0.332813 0.054861 0.023438 0.040278
0 0.391406 0.683333 0.020313 0.044444
0 0.757812 0.940972 0.025000 0.043056
0 0.866016 0.253472 0.021094 0.037500
0 0.262109 0.615972 0.024219 0.031944
0 0.337109 0.903472 0.017969 0.031944
0 0.085156 0.586806 0.028125 0.029167
0 0.153516 0.109722 0.014844 0.030556
0 0.967578 0.936111 0.025781 0.033333
0 0.515234 0.136806 0.024219 0.043056
0 0.889844 0.398611 0.014063 0.038889
0 0.853516 0.061806 0.016406 0.031944
0 0.099609 0.171528 0.027344 0.043056
0 0.794922 0.148611 0.019531 0.036111
0 0.296484 0.495139 0.027344 0.043056
0 0.404687 0.049306 0.020313 0.045833
0 0.117969 0.590972 0.020313 0.048611
0 0.596875 0.555556 0.014063 0.047222
0 0.780078 0.475694 0.025781 0.026389
0 0.367578 0.927778 0.022656 0.050000
0 0.218750 0.191667 0.025000 0.030556
0 0.026172 0.059722 0.024219 0.033333
0 0.605078 0.938194 0.016406 0.034722
0 0.378906 0.782639 0.020313 0.031944
0 0.635156 0.706944 0.020313 0.044444
0 0.939063 0.276389 0.015625 0.025000
0 0.302344 0.820833 0.015625 0.036111
0 0.848828 0.456250 0.016406 0.040278
0 0.646875 0.820833 0.026562 0.050000
0 0.033594 0.893056 0.026562 0.038889
0 0.679688 0.084028 0.014063 0.029167
0 0.667969 0.751389 0.028125 0.025000
0 0.293359 0.065278 0.014844 0.033333
0 0.280078 0.116667 0.025781 0.044444
0 0.244922 0.102778 0.022656 0.033333
0 0.196875 0.604167 0.023438 0.050000
0 0.797266 0.290278 0.027344 0.050000
0 0.810547 0.597917 0.025781 0.040278
1 0.658203 0.225000 0.147656 0.233333
1 0.417969 0.518750 0.160938 0.229167
1 0.680078 0.524306 0.121094 0.281944
1 0.139844 0.371528 0.159375 0.270833
1 0.360938 0.231944 0.103125 0.177778
1 0.870703 0.772222 0.122656 0.205556
1 0.493359 0.831944 0.161719 0.172222