0 0.900391 0.056641 0.054688 0.050781
0 0.323242 0.912109 0.044922 0.042969
0 0.326172 0.422852 0.031250 0.052734
0 0.531250 0.863281 0.058594 0.042969
0 0.591797 0.115234 0.035156 0.035156
0 0.224609 0.417969 0.039062 0.046875
0 0.946289 0.246094 0.056641 0.058594
0 0.822266 0.679688 0.039062 0.054688
0 0.705078 0.683594 0.050781 0.050781
0 0.621094 0.063477 0.046875 0.044922
0 0.396484 0.603516 0.035156 0.046875
0 0.140625 0.169922 0.039062 0.046875
0 0.263672 0.084961 0.039062 0.037109
0 0.085938 0.492188 0.035156 0.046875
0 0.338867 0.836914 0.056641 0.044922
0 0.508789 0.048828 0.041016 0.054688
0 0.931641 0.317383 0.046875 0.041016
0 0.827148 0.087891 0.041016 0.058594
0 0.093750 0.262695 0.039062 0.048828
0 0.159180 0.073242 0.048828 0.041016
0 0.957031 0.420898 0.054688 0.056641
0 0.408203 0.236328 0.039062 0.035156
0 0.445312 0.612305 0.035156 0.037109
0 0.113281 0.359375 0.046875 0.054688
0 0.597656 0.370117 0.035156 0.056641
0 0.056641 0.796875 0.046875 0.058594
0 0.319336 0.643555 0.041016 0.033203
0 0.470703 0.197266 0.035156 0.046875
0 0.875977 0.249023 0.048828 0.044922
0 0.423828 0.897461 0.035156 0.052734
0 0.311523 0.788086 0.037109 0.033203
0 0.346680 0.078125 0.041016 0.042969
0 0.308594 0.737305 0.050781 0.044922
0 0.041992 0.071289 0.033203 0.037109
0 0.940430 0.748047 0.052734 0.058594
0 0.873047 0.722656 0.035156 0.050781
0 0.043945 0.135742 0.056641 0.041016
0 0.589844 0.164062 0.031250 0.039062
0 0.340820 0.546875 0.048828 0.058594
0 0.628906 0.254883 0.046875 0.037109
0 0.064453 0.424805 0.046875 0.056641
0 0.065430 0.965820 0.044922 0.037109
0 0.055664 0.664062 0.037109 0.031250
0 0.693359 0.940430 0.058594 0.052734
0 0.742188 0.103516 0.042969 0.046875
0 0.069336 0.879883 0.037109 0.041016
1 0.447266 0.443359 0.140625 0.242188
1 0.518555 0.742188 0.240234 0.136719
1 0.166992 0.637695 0.162109 0.181641
1 0.275391 0.274414 0.152344 0.169922
1 0.673828 0.518555 0.183594 0.189453
1 0.763672 0.281250 0.156250 0.179688
1 0.851562 0.874023 0.207031 0.177734
1 0.183594 0.866211 0.175781 0.216797
1 0.875000 0.548828 0.160156 0.183594