0 0.621484 0.943056 0.022656 0.036111
0 0.232422 0.184722 0.022656 0.030556
0 0.065625 0.340278 0.017188 0.025000
0 0.509375 0.088889 0.028125 0.047222
0 0.385547 0.368750 0.027344 0.034722
0 0.080859 0.936111 0.017969 0.038889
0 0.868359 0.072222 0.016406 0.027778
0 0.176953 0.928472 0.022656 0.034722
0 0.127734 0.224306 0.025781 0.037500
0 0.123047 0.304861 0.016406 0.043056
0 0.949609 0.097222 0.021094 0.033333
0 0.020703 0.393750 0.021094 0.034722
0 0.219141 0.727083 0.024219 0.043056
0 0.535156 0.330556 0.028125 0.027778
0 0.946484 0.947222 0.024219 0.027778
0 0.778516 0.506250 0.016406 0.043056
0 0.270313 0.759722 0.021875 0.044444
0 0.481250 0.954861 0.017188 0.029167
0 0.096875 0.891667 0.026562 0.027778
0 0.119922 0.526389 0.019531 0.038889
0 0.289453 0.712500 0.024219 0.036111
0 0.943750 0.695139 0.017188 0.034722
0 0.448437 0.446528 0.025000 0.045833
0 0.936719 0.766667 0.023438 0.025000
0 0.489453 0.245139 0.025781 0.043056
0 0.184766 0.863889 0.027344 0.038889
0 0.263281 0.810417 0.028125 0.029167
0 0.425781 0.399306 0.021875 0.031944
0 0.817578 0.942361 0.027344 0.029167
0 0.379297 0.491667 0.021094 0.050000
0 0.080859 0.069444 0.025781 0.047222
0 0.576953 0.956250 0.024219 0.034722
0 0.899219 0.188889 0.020313 0.033333
0 0.927344 0.200694 0.017188 0.048611
0 0.436328 0.509722 0.016406 0.025000
0 0.341797 0.379861 0.025781 0.034722
0 0.301172 0.768750 0.017969 0.026389
0 0.355078 0.552083 0.014844 0.031944
0 0.605859 0.361806 0.014844 0.029167
0 0.059766 0.255556 0.019531 0.033333
0 0.166797 0.323611 0.019531 0.025000
0 0.154297 0.119444 0.022656 0.047222
0 0.892188 0.959028 0.015625 0.034722
0 0.205078 0.279167 0.025781 0.038889
0 0.963281 0.456944 0.023438 0.050000
0 0.567969 0.334028 0.014063 0.029167
0 0.965234 0.806944 0.017969 0.047222
0 0.241016 0.859722 0.022656 0.047222
0 0.037109 0.059722 0.022656 0.041667
0 0.045312 0.497917 0.018750 0.048611
0 0.876172 0.864583 0.027344 0.043056
0 0.096094 0.170833 0.023438 0.033333
0 0.151562 0.915972 0.015625 0.037500
0 0.671094 0.945139 0.025000 0.043056
0 0.892578 0.140972 0.022656 0.031944
0 0.857031 0.661806 0.017188 0.045833
0 0.078125 0.449306 0.017188 0.043056
0 0.036328 0.145139 0.022656 0.034722
0 0.230469 0.919444 0.023438 0.025000
0 0.918359 0.285417 0.022656 0.029167
0 0.301172 0.956250 0.014844 0.048611
0 0.154297 0.720139 0.017969 0.045833
0 0.072656 0.495833 0.015625 0.030556
0 0.376953 0.072222 0.017969 0.044444
0 0.113672 0.461111 0.017969 0.044444
0 0.511328 0.158333 0.016406 0.041667
0 0.750781 0.286111 0.025000 0.041667
0 0.127734 0.083333 0.016406 0.033333
0 0.248047 0.311111 0.016406 0.041667
0 0.716406 0.297222 0.018750 0.050000
0 0.205859 0.066667 0.017969 0.036111
0 0.974219 0.199306 0.018750 0.037500
0 0.125000 0.125694 0.028125 0.034722
0 0.733594 0.043750 0.018750 0.026389
1 0.735547 0.780556 0.139844 0.219444
1 0.532422 0.513889 0.128906 0.191667
1 0.370703 0.731250 0.111719 0.229167
1 0.366016 0.220139 0.155469 0.184722
1 0.210938 0.499306 0.132812 0.284722
1 0.676172 0.504861 0.114844 0.237500
1 0.510938 0.803472 0.126562 0.248611
1 0.870703 0.440972 0.132031 0.195833
1 0.617188 0.156944 0.121875 0.177778
1 0.782813 0.154861 0.109375 0.173611