0 0.058594 0.190972 0.014063 0.031944
0 0.461719 0.789583 0.014063 0.043056
0 0.092188 0.338194 0.014063 0.026389
0 0.218359 0.960417 0.025781 0.037500
0 0.866016 0.965278 0.027344 0.033333
0 0.671094 0.934028 0.028125 0.031944
0 0.941797 0.949306 0.014844 0.048611
0 0.268750 0.132639 0.026562 0.034722
0 0.601562 0.600000 0.028125 0.036111
0 0.232813 0.152083 0.021875 0.040278
0 0.523438 0.841667 0.028125 0.041667
0 0.317969 0.790278 0.026562 0.027778
0 0.090625 0.509722 0.025000 0.047222
0 0.212500 0.577083 0.025000 0.031944
0 0.101953 0.454167 0.027344 0.044444
0 0.121484 0.608333 0.017969 0.038889
0 0.936719 0.469444 0.028125 0.027778
0 0.446484 0.323611 0.021094 0.050000
0 0.537891 0.924306 0.022656 0.037500
0 0.607812 0.302083 0.025000 0.040278
0 0.326953 0.843056 0.024219 0.027778
0 0.389844 0.302778 0.025000 0.050000
0 0.292187 0.433333 0.017188 0.027778
0 0.398828 0.781944 0.014844 0.044444
0 0.763672 0.915278 0.014844 0.033333
0 0.821094 0.056250 0.028125 0.048611
0 0.722266 0.818056 0.019531 0.025000
0 0.667578 0.439583 0.025781 0.034722
0 0.487109 0.807639 0.024219 0.045833
0 0.280469 0.292361 0.015625 0.031944
0 0.349219 0.090278 0.025000 0.033333
0 0.023438 0.425694 0.021875 0.026389
0 0.031250 0.743056 0.014063 0.041667
0 0.246484 0.076389 0.025781 0.041667
0 0.971484 0.086111 0.027344 0.025000
0 0.331641 0.963194 0.016406 0.026389
0 0.709766 0.582639 0.027344 0.045833
0 0.834375 0.114583 0.028125 0.040278
0 0.405859 0.175694 0.016406 0.040278
0 0.728125 0.738889 0.018750 0.025000
0 0.809766 0.219444 0.021094 0.041667
0 0.295312 0.240972 0.020313 0.048611
0 0.546875 0.122917 0.025000 0.040278
0 0.353125 0.275000 0.026562 0.038889
0 0.476953 0.106944 0.022656 0.027778
0 0.220312 0.210417 0.015625 0.048611
0 0.076563 0.286806 0.025000 0.037500
0 0.702734 0.392361 0.025781 0.026389
0 0.048828 0.601389 0.022656 0.025000
0 0.351953 0.874306 0.014844 0.037500
0 0.720313 0.068750 0.017188 0.034722
0 0.153125 0.590278 0.028125 0.027778
0 0.130859 0.953472 0.014844 0.040278
0 0.282031 0.618750 0.026562 0.034722
0 0.241406 0.725000 0.017188 0.027778
0 0.744531 0.940278 0.015625 0.027778
0 0.203125 0.152778 0.023438 0.025000
0 0.603516 0.536111 0.016406 0.027778
0 0.453125 0.927083 0.018750 0.031944
0 0.030859 0.284028 0.022656 0.034722
0 0.031250 0.178472 0.021875 0.040278
0 0.641406 0.628472 0.014063 0.037500
0 0.657031 0.562500 0.020313 0.030556
0 0.362891 0.770833 0.024219 0.041667
0 0.177734 0.057639 0.014844 0.045833
0 0.606641 0.652083 0.022656 0.029167
0 0.169922 0.261806 0.022656 0.037500
0 0.058594 0.449306 0.023438 0.048611
0 0.289062 0.176389 0.018750 0.030556
0 0.308594 0.297917 0.021875 0.037500
0 0.883984 0.111111 0.019531 0.030556
0 0.642969 0.091667 0.017188 0.038889
0 0.639453 0.504861 0.017969 0.034722
0 0.789062 0.050000 0.028125 0.030556
0 0.417969 0.886806 0.025000 0.031944
0 0.951953 0.432639 0.014844 0.034722
0 0.865234 0.391667 0.025781 0.025000
0 0.461328 0.847222 0.021094 0.030556
0 0.900391 0.953472 0.021094 0.026389
0 0.734375 0.658333 0.014063 0.030556
0 0.896875 0.427083 0.021875 0.031944
0 0.545312 0.781250 0.026562 0.043056
0 0.104688 0.106944 0.028125 0.030556
0 0.448828 0.097222 0.024219 0.044444
0 0.439844 0.195139 0.023438 0.031944
0 0.372656 0.959722 0.026562 0.027778
1 0.705859 0.243750 0.153906 0.240278
1 0.852344 0.786111 0.162500 0.194444
1 0.529687 0.292361 0.120313 0.220833
1 0.201953 0.440972 0.152344 0.212500
1 0.377344 0.531944 0.129688 0.305556
1 0.508984 0.601389 0.097656 0.300000
1 0.151953 0.803472 0.136719 0.240278
1 0.892578 0.256250 0.114844 0.220833