0 0.601953 0.156944 0.017969 0.030556
0 0.533984 0.924306 0.016406 0.040278
0 0.283984 0.348611 0.027344 0.030556
0 0.317969 0.079167 0.014063 0.044444
0 0.166406 0.965278 0.018750 0.030556
0 0.062891 0.203472 0.017969 0.026389
0 0.194922 0.145139 0.014844 0.031944
0 0.300391 0.775000 0.019531 0.033333
0 0.448828 0.154167 0.017969 0.050000
0 0.294922 0.647917 0.025781 0.026389
0 0.923438 0.337500 0.025000 0.027778
0 0.248047 0.602778 0.016406 0.038889
0 0.485156 0.226389 0.015625 0.030556
0 0.937500 0.392361 0.026562 0.034722
0 0.584375 0.054167 0.026562 0.047222
0 0.199219 0.804167 0.025000 0.033333
0 0.167969 0.727083 0.015625 0.029167
0 0.804688 0.048611 0.014063 0.027778
0 0.473438 0.297222 0.017188 0.050000
0 0.303906 0.406944 0.018750 0.027778
0 0.299219 0.874306 0.025000 0.045833
0 0.103516 0.145833 0.025781 0.047222
0 0.896875 0.400694 0.014063 0.040278
0 0.246094 0.394444 0.026562 0.036111
0 0.069922 0.073611 0.024219 0.027778
0 0.068750 0.888194 0.015625 0.029167
0 0.389453 0.152083 0.014844 0.034722
0 0.530078 0.425694 0.017969 0.034722
0 0.167578 0.690278 0.021094 0.025000
0 0.659766 0.134722 0.024219 0.036111
0 0.519141 0.263889 0.019531 0.050000
0 0.975000 0.633333 0.028125 0.027778
0 0.560547 0.483333 0.022656 0.038889
0 0.601172 0.453472 0.025781 0.029167
0 0.048438 0.947222 0.026562 0.027778
0 0.165625 0.111111 0.025000 0.030556
0 0.172266 0.572917 0.016406 0.040278
0 0.308594 0.193750 0.025000 0.043056
0 0.135937 0.505556 0.020313 0.050000
0 0.893750 0.651389 0.018750 0.050000
0 0.094922 0.934028 0.019531 0.026389
0 0.592187 0.925694 0.020313 0.048611
0 0.808203 0.572222 0.016406 0.038889
0 0.836719 0.956944 0.025000 0.041667
0 0.969922 0.061806 0.019531 0.043056
0 0.245312 0.254861 0.025000 0.031944
0 0.635938 0.495833 0.017188 0.038889
0 0.666797 0.844444 0.017969 0.033333
0 0.296875 0.056944 0.014063 0.038889
0 0.856250 0.820833 0.015625 0.038889
0 0.115625 0.879167 0.020313 0.036111
0 0.887109 0.817361 0.024219 0.026389
0 0.399609 0.880556 0.027344 0.050000
0 0.134375 0.150000 0.017188 0.027778
0 0.687109 0.784028 0.014844 0.037500
0 0.255859 0.747917 0.025781 0.031944
0 0.688672 0.046528 0.024219 0.029167
0 0.342187 0.931944 0.021875 0.041667
0 0.243750 0.034028 0.028125 0.026389
0 0.099219 0.550694 0.028125 0.031944
0 0.915234 0.747222 0.021094 0.033333
0 0.034375 0.293750 0.018750 0.045833
0 0.366016 0.863889 0.027344 0.041667
0 0.492188 0.895833 0.020313 0.038889
0 0.589063 0.873611 0.018750 0.038889
0 0.245312 0.447222 0.014063 0.050000
0 0.948828 0.563194 0.016406 0.031944
0 0.432422 0.904861 0.025781 0.045833
0 0.204687 0.054861 0.017188 0.034722
0 0.321484 0.774306 0.014844 0.043056
0 0.280469 0.691667 0.017188 0.044444
0 0.480469 0.080556 0.014063 0.025000
0 0.245703 0.806250 0.024219 0.031944
0 0.889453 0.079167 0.017969 0.027778
0 0.923047 0.580556 0.024219 0.038889
0 0.066016 0.545139 0.024219 0.043056
0 0.057031 0.434722 0.028125 0.038889
0 0.164844 0.788194 0.021875 0.034722
0 0.505859 0.084722 0.016406 0.038889
0 0.246094 0.699306 0.026562 0.029167
0 0.706250 0.715972 0.020313 0.031944
0 0.264062 0.896528 0.020313 0.034722
0 0.632812 0.094444 0.026562 0.025000
0 0.203516 0.652778 0.016406 0.038889
0 0.308594 0.945833 0.026562 0.047222
0 0.108594 0.061111 0.017188 0.038889
0 0.205469 0.447917 0.017188 0.043056
0 0.317578 0.563194 0.019531 0.040278
1 0.077344 0.725694 0.107813 0.193056
1 0.782031 0.753472 0.121875 0.293056
1 0.431250 0.677083 0.156250 0.304167
1 0.807422 0.427778 0.152344 0.230556
1 0.612500 0.678472 0.109375 0.273611
1 0.912500 0.190972 0.109375 0.173611
1 0.152734 0.294444 0.147656 0.208333
1 0.396875 0.304861 0.100000 0.198611
1 0.637109 0.311806 0.141406 0.237500