0 0.539062 0.640625 0.058594 0.050781
0 0.621094 0.320312 0.039062 0.050781
0 0.379883 0.149414 0.041016 0.037109
0 0.088867 0.567383 0.033203 0.033203
0 0.328125 0.483398 0.039062 0.044922
0 0.938477 0.950195 0.033203 0.033203
0 0.535156 0.309570 0.035156 0.044922
0 0.076172 0.146484 0.046875 0.054688
0 0.724609 0.921875 0.039062 0.035156
0 0.406250 0.398438 0.054688 0.039062
0 0.825195 0.887695 0.033203 0.052734
0 0.037109 0.323242 0.039062 0.056641
0 0.541016 0.899414 0.050781 0.033203
0 0.669922 0.210938 0.050781 0.054688
0 0.479492 0.505859 0.033203 0.054688
0 0.328125 0.545898 0.042969 0.056641
0 0.051758 0.499023 0.037109 0.037109
0 0.573242 0.502930 0.041016 0.044922
0 0.602539 0.241211 0.041016 0.056641
0 0.173828 0.913086 0.050781 0.044922
0 0.320312 0.417969 0.035156 0.050781
0 0.906250 0.464844 0.035156 0.046875
0 0.487305 0.102539 0.044922 0.033203
0 0.419922 0.505859 0.058594 0.054688
0 0.367188 0.075195 0.031250 0.056641
0 0.661133 0.866211 0.044922 0.044922
0 0.338867 0.626953 0.052734 0.058594
0 0.645508 0.083008 0.048828 0.044922
0 0.793945 0.419922 0.037109 0.035156
0 0.743164 0.804688 0.041016 0.035156
0 0.552734 0.576172 0.054688 0.035156
0 0.868164 0.360352 0.048828 0.037109
0 0.119141 0.495117 0.046875 0.056641
0 0.625000 0.695312 0.050781 0.042969
0 0.471680 0.609375 0.033203 0.054688
0 0.352539 0.947266 0.033203 0.058594
0 0.105469 0.914062 0.058594 0.050781
0 0.262695 0.910156 0.037109 0.054688
1 0.399414 0.294922 0.166016 0.152344
1 0.795898 0.640625 0.271484 0.214844
1 0.428711 0.772461 0.255859 0.197266
1 0.168945 0.287109 0.162109 0.144531
1 0.846680 0.199219 0.267578 0.261719
1 0.162109 0.726562 0.187500 0.246094
1 0.224609 0.100586 0.195312 0.142578