0 0.362305 0.960938 0.056641 0.039062
0 0.238281 0.932617 0.046875 0.048828
0 0.564453 0.805664 0.042969 0.048828
0 0.570312 0.402344 0.042969 0.046875
0 0.816406 0.235352 0.046875 0.048828
0 0.125977 0.045898 0.037109 0.033203
0 0.428711 0.249023 0.056641 0.052734
0 0.900391 0.426758 0.046875 0.044922
0 0.916016 0.597656 0.046875 0.046875
0 0.436523 0.833984 0.052734 0.031250
0 0.070312 0.600586 0.050781 0.037109
0 0.515625 0.808594 0.031250 0.042969
0 0.103516 0.789062 0.035156 0.058594
0 0.900391 0.954102 0.039062 0.056641
0 0.833008 0.511719 0.044922 0.031250
0 0.495117 0.204102 0.048828 0.037109
0 0.139648 0.936523 0.041016 0.041016
0 0.329102 0.890625 0.041016 0.046875
0 0.834961 0.363281 0.052734 0.039062
0 0.509766 0.945312 0.035156 0.050781
0 0.066406 0.704102 0.039062 0.044922
0 0.171875 0.882812 0.046875 0.042969
0 0.938477 0.272461 0.052734 0.056641
0 0.501953 0.126953 0.050781 0.054688
0 0.166016 0.501953 0.054688 0.039062
0 0.094727 0.289062 0.048828 0.031250
0 0.089844 0.135742 0.039062 0.056641
0 0.110352 0.878906 0.056641 0.039062
0 0.213867 0.762695 0.037109 0.037109
0 0.227539 0.265625 0.052734 0.035156
0 0.502930 0.070312 0.048828 0.035156
0 0.416992 0.487305 0.056641 0.037109
0 0.764648 0.939453 0.041016 0.039062
0 0.380859 0.845703 0.035156 0.046875
0 0.065430 0.537109 0.037109 0.058594
1 0.267578 0.151367 0.175781 0.177734
1 0.373047 0.641602 0.257812 0.240234
1 0.648438 0.169922 0.218750 0.238281
1 0.763672 0.689453 0.230469 0.238281
1 0.429688 0.385742 0.160156 0.138672
1 0.221680 0.378906 0.142578 0.171875
1 0.702148 0.398438 0.197266 0.136719