0 0.355469 0.143056 0.028125 0.044444
0 0.977344 0.300000 0.014063 0.027778
0 0.098047 0.052778 0.021094 0.027778
0 0.537500 0.330556 0.020313 0.033333
0 0.039062 0.750694 0.017188 0.045833
0 0.525000 0.082639 0.028125 0.031944
0 0.486719 0.843750 0.023438 0.043056
0 0.694531 0.302778 0.021875 0.027778
0 0.814844 0.909028 0.026562 0.045833
0 0.585156 0.147917 0.014063 0.029167
0 0.034766 0.680556 0.027344 0.033333
0 0.612500 0.867361 0.025000 0.043056
0 0.271875 0.100000 0.026562 0.036111
0 0.864453 0.036806 0.017969 0.029167
0 0.398047 0.590278 0.021094 0.025000
0 0.662891 0.227083 0.017969 0.029167
0 0.733594 0.103472 0.028125 0.029167
0 0.379297 0.783333 0.019531 0.041667
0 0.653125 0.943056 0.014063 0.030556
0 0.862500 0.496528 0.026562 0.034722
0 0.326562 0.499306 0.021875 0.037500
0 0.606250 0.197222 0.021875 0.038889
0 0.719141 0.521528 0.027344 0.037500
0 0.434766 0.454861 0.025781 0.029167
0 0.544922 0.041667 0.016406 0.038889
0 0.047656 0.343750 0.021875 0.037500
0 0.523828 0.725694 0.017969 0.040278
0 0.336328 0.061806 0.014844 0.037500
0 0.050000 0.927083 0.021875 0.043056
0 0.365234 0.924306 0.022656 0.026389
0 0.044531 0.538889 0.018750 0.036111
0 0.688672 0.168750 0.016406 0.043056
0 0.599219 0.441667 0.028125 0.030556
0 0.369531 0.058333 0.025000 0.047222
0 0.932422 0.168750 0.017969 0.026389
0 0.695312 0.113194 0.026562 0.034722
0 0.281250 0.586806 0.017188 0.048611
0 0.356641 0.654861 0.027344 0.037500
0 0.846875 0.155556 0.018750 0.050000
0 0.633203 0.043056 0.016406 0.030556
0 0.115625 0.312500 0.021875 0.047222
0 0.244922 0.090972 0.021094 0.045833
0 0.787109 0.119444 0.019531 0.041667
0 0.598828 0.086806 0.027344 0.029167
0 0.741797 0.603472 0.024219 0.048611
0 0.461719 0.752778 0.021875 0.050000
0 0.457031 0.555556 0.017188 0.033333
0 0.264062 0.442361 0.021875 0.026389
0 0.264453 0.402083 0.014844 0.043056
0 0.361328 0.602083 0.025781 0.034722
0 0.544531 0.225694 0.028125 0.034722
0 0.907031 0.461806 0.023438 0.040278
0 0.687500 0.470139 0.017188 0.034722
0 0.472266 0.103472 0.025781 0.037500
0 0.246094 0.598611 0.020313 0.047222
0 0.429688 0.120139 0.028125 0.045833
0 0.439453 0.918750 0.021094 0.034722
0 0.535937 0.612500 0.017188 0.050000
0 0.742578 0.447917 0.017969 0.040278
0 0.547656 0.920833 0.021875 0.025000
0 0.483984 0.679861 0.022656 0.040278
0 0.637500 0.329861 0.023438 0.026389
0 0.237109 0.418056 0.021094 0.044444
0 0.181250 0.951389 0.023438 0.047222
0 0.581641 0.330556 0.016406 0.044444
0 0.687891 0.963889 0.014844 0.033333
0 0.733594 0.342361 0.026562 0.045833
0 0.956250 0.218750 0.018750 0.029167
0 0.974219 0.535417 0.020313 0.045833
0 0.415625 0.745139 0.028125 0.031944
0 0.550391 0.515972 0.027344 0.026389
0 0.501563 0.122917 0.015625 0.031944
0 0.970313 0.425000 0.015625 0.044444
0 0.826953 0.036806 0.025781 0.029167
0 0.576953 0.906250 0.025781 0.045833
0 0.609375 0.283333 0.017188 0.036111
0 0.555469 0.438194 0.021875 0.037500
0 0.307812 0.435417 0.028125 0.029167
0 0.294922 0.483333 0.019531 0.030556
0 0.745703 0.652778 0.022656 0.033333
0 0.035547 0.047222 0.027344 0.025000
0 0.965625 0.881250 0.014063 0.040278
0 0.025391 0.184028 0.014844 0.034722
0 0.401172 0.932639 0.022656 0.034722
0 0.937891 0.459722 0.022656 0.025000
0 0.865234 0.878472 0.014844 0.043056
0 0.644141 0.393056 0.019531 0.036111
1 0.709375 0.788194 0.157812 0.206944
1 0.115625 0.178472 0.151562 0.198611
1 0.844531 0.297222 0.137500 0.208333
1 0.234375 0.795139 0.170313 0.229167
1 0.417578 0.304861 0.160156 0.229167
1 0.880078 0.745139 0.152344 0.193056
1 0.131250 0.488194 0.123438 0.281944