0 0.086914 0.132812 0.044922 0.054688
0 0.345703 0.608398 0.039062 0.044922
0 0.887695 0.562500 0.041016 0.042969
0 0.509766 0.495117 0.031250 0.056641
0 0.875000 0.738281 0.035156 0.046875
0 0.109375 0.499023 0.054688 0.052734
0 0.744141 0.396484 0.031250 0.054688
0 0.888672 0.218750 0.054688 0.050781
0 0.118164 0.324219 0.033203 0.042969
0 0.612305 0.046875 0.052734 0.035156
0 0.665039 0.443359 0.056641 0.046875
0 0.836914 0.664062 0.033203 0.050781
0 0.749023 0.289062 0.041016 0.039062
0 0.339844 0.239258 0.031250 0.037109
0 0.089844 0.396484 0.031250 0.050781
0 0.394531 0.043945 0.058594 0.052734
0 0.041992 0.302734 0.037109 0.058594
0 0.750000 0.083984 0.058594 0.039062
0 0.817383 0.166992 0.033203 0.033203
0 0.109375 0.945312 0.058594 0.031250
0 0.477539 0.275391 0.033203 0.046875
0 0.942383 0.609375 0.052734 0.035156
0 0.569336 0.482422 0.044922 0.031250
0 0.862305 0.937500 0.044922 0.031250
0 0.132812 0.078125 0.039062 0.039062
0 0.406250 0.660156 0.039062 0.050781
0 0.268555 0.630859 0.048828 0.035156
0 0.240234 0.875000 0.050781 0.039062
0 0.144531 0.864258 0.039062 0.056641
0 0.235352 0.227539 0.056641 0.044922
0 0.812500 0.041016 0.035156 0.046875
1 0.708984 0.667969 0.207031 0.195312
1 0.333008 0.450195 0.205078 0.224609
1 0.134766 0.687500 0.144531 0.230469
1 0.381836 0.825195 0.205078 0.251953
1 0.654297 0.893555 0.136719 0.138672
1 0.875977 0.392578 0.197266 0.273438
1 0.627930 0.280273 0.150391 0.220703