0 0.803711 0.127930 0.052734 0.041016
0 0.948242 0.333984 0.056641 0.031250
0 0.419922 0.935547 0.035156 0.050781
0 0.953125 0.613281 0.046875 0.058594
0 0.118164 0.622070 0.044922 0.033203
0 0.547852 0.357422 0.041016 0.042969
0 0.556641 0.579102 0.054688 0.056641
0 0.814453 0.680664 0.046875 0.048828
0 0.046875 0.700195 0.039062 0.041016
0 0.934570 0.105469 0.056641 0.050781
0 0.453125 0.459961 0.050781 0.033203
0 0.477539 0.363281 0.056641 0.058594
0 0.932617 0.429688 0.044922 0.035156
0 0.932617 0.233398 0.048828 0.033203
0 0.486328 0.736328 0.031250 0.050781
0 0.123047 0.679688 0.046875 0.042969
0 0.584961 0.697266 0.044922 0.042969
0 0.501953 0.464844 0.031250 0.050781
0 0.180664 0.432617 0.033203 0.044922
0 0.570312 0.488281 0.050781 0.039062
0 0.083008 0.318359 0.048828 0.050781
0 0.923828 0.708008 0.035156 0.048828
0 0.729492 0.102539 0.048828 0.041016
0 0.810547 0.330078 0.039062 0.054688
0 0.870117 0.064453 0.037109 0.031250
0 0.658203 0.708984 0.039062 0.058594
0 0.489258 0.541016 0.048828 0.046875
0 0.959961 0.916016 0.048828 0.039062
0 0.812500 0.194336 0.039062 0.048828
0 0.810547 0.055664 0.039062 0.048828
0 0.050781 0.625000 0.039062 0.031250
0 0.334961 0.464844 0.048828 0.050781
0 0.383789 0.479492 0.033203 0.052734
0 0.137695 0.912109 0.052734 0.046875
0 0.083984 0.071289 0.050781 0.056641
0 0.375000 0.248047 0.035156 0.031250
0 0.044922 0.846680 0.050781 0.052734
0 0.608398 0.047852 0.044922 0.037109
0 0.440430 0.724609 0.041016 0.058594
0 0.943359 0.800781 0.054688 0.031250
0 0.086914 0.375000 0.033203 0.046875
0 0.118164 0.738281 0.044922 0.042969
0 0.695312 0.933594 0.031250 0.042969
0 0.523438 0.681641 0.042969 0.031250
0 0.865234 0.248047 0.046875 0.031250
1 0.686523 0.256836 0.142578 0.244141
1 0.557617 0.884766 0.205078 0.156250
1 0.730469 0.538086 0.253906 0.220703
1 0.305664 0.598633 0.248047 0.169922
1 0.233398 0.197266 0.212891 0.253906
1 0.270508 0.827148 0.154297 0.220703
1 0.486328 0.190430 0.144531 0.212891
1 0.803711 0.832031 0.150391 0.214844