0 0.111719 0.640278 0.026562 0.041667
0 0.035156 0.909722 0.021875 0.047222
0 0.806250 0.553472 0.026562 0.040278
0 0.796484 0.639583 0.014844 0.037500
0 0.364063 0.930556 0.015625 0.038889
0 0.035547 0.590278 0.022656 0.041667
0 0.698828 0.222917 0.021094 0.037500
0 0.334375 0.773611 0.026562 0.027778
0 0.733594 0.601389 0.014063 0.044444
0 0.055469 0.072222 0.026562 0.033333
0 0.947656 0.836806 0.025000 0.037500
0 0.892969 0.138889 0.026562 0.047222
0 0.928516 0.731250 0.016406 0.048611
0 0.489844 0.072222 0.023438 0.041667
0 0.298438 0.085417 0.025000 0.040278
0 0.773828 0.384722 0.021094 0.044444
0 0.041797 0.509722 0.017969 0.025000
0 0.430859 0.866667 0.022656 0.050000
0 0.083203 0.466667 0.024219 0.030556
0 0.457031 0.820833 0.023438 0.027778
0 0.325391 0.529861 0.017969 0.045833
0 0.659375 0.593056 0.023438 0.025000
0 0.558594 0.059028 0.015625 0.031944
0 0.273438 0.903472 0.021875 0.037500
0 0.226953 0.962500 0.025781 0.033333
0 0.108594 0.054861 0.015625 0.029167
0 0.645312 0.054167 0.021875 0.030556
0 0.524609 0.216667 0.014844 0.041667
0 0.218359 0.409722 0.022656 0.025000
0 0.478516 0.208333 0.014844 0.044444
0 0.509766 0.368750 0.021094 0.026389
0 0.392969 0.068750 0.023438 0.045833
0 0.966016 0.291667 0.019531 0.027778
0 0.689063 0.398611 0.021875 0.044444
0 0.927734 0.941667 0.025781 0.033333
0 0.690234 0.499306 0.022656 0.045833
0 0.903516 0.778472 0.021094 0.034722
0 0.544141 0.169444 0.014844 0.041667
0 0.237891 0.902778 0.014844 0.038889
0 0.756250 0.722222 0.014063 0.044444
0 0.347656 0.706250 0.023438 0.034722
0 0.535547 0.873611 0.019531 0.047222
0 0.434375 0.190972 0.018750 0.037500
0 0.651563 0.125694 0.028125 0.037500
0 0.325781 0.954861 0.018750 0.045833
0 0.232813 0.201389 0.014063 0.025000
0 0.545703 0.755556 0.025781 0.041667
0 0.452734 0.073611 0.021094 0.038889
0 0.974219 0.240278 0.021875 0.041667
0 0.554688 0.693750 0.023438 0.034722
0 0.257031 0.660417 0.026562 0.026389
0 0.576953 0.630556 0.016406 0.033333
0 0.047266 0.257639 0.014844 0.045833
0 0.918359 0.266667 0.017969 0.044444
0 0.689063 0.106250 0.020313 0.045833
0 0.456250 0.297917 0.021875 0.040278
0 0.158203 0.095833 0.021094 0.047222
0 0.425781 0.951389 0.026562 0.050000
0 0.362891 0.652083 0.016406 0.037500
0 0.660156 0.210417 0.017188 0.026389
0 0.347266 0.038194 0.017969 0.037500
0 0.309766 0.442361 0.014844 0.031944
0 0.914453 0.195139 0.017969 0.045833
0 0.376172 0.879167 0.022656 0.025000
0 0.735547 0.914583 0.027344 0.048611
0 0.522266 0.940972 0.016406 0.045833
0 0.751563 0.515278 0.018750 0.036111
0 0.508594 0.130556 0.021875 0.044444
0 0.930078 0.036806 0.025781 0.040278
0 0.184375 0.400694 0.020313 0.037500
0 0.393359 0.377083 0.017969 0.031944
0 0.926562 0.083333 0.023438 0.038889
0 0.947656 0.696528 0.015625 0.045833
0 0.281250 0.765972 0.025000 0.037500
1 0.225000 0.531944 0.118750 0.175000
1 0.792969 0.189583 0.137500 0.290278
1 0.455859 0.525000 0.135156 0.236111
1 0.127734 0.256250 0.116406 0.229167
1 0.335156 0.225000 0.120313 0.194444
1 0.653125 0.774306 0.112500 0.220833
1 0.148438 0.800000 0.107813 0.222222
1 0.900391 0.504167 0.147656 0.286111
1 0.823438 0.838194 0.107813 0.234722
1 0.609766 0.411111 0.113281 0.272222