0 0.257812 0.493164 0.042969 0.033203
0 0.123047 0.529297 0.058594 0.042969
0 0.073242 0.128906 0.033203 0.054688
0 0.517578 0.611328 0.046875 0.039062
0 0.631836 0.816406 0.037109 0.035156
0 0.333984 0.820312 0.031250 0.035156
0 0.901367 0.544922 0.033203 0.046875
0 0.152344 0.297852 0.042969 0.044922
0 0.614258 0.077148 0.056641 0.041016
0 0.287109 0.912109 0.046875 0.042969
0 0.150391 0.157227 0.031250 0.044922
0 0.095703 0.381836 0.046875 0.033203
0 0.952148 0.497070 0.048828 0.044922
0 0.937500 0.056641 0.039062 0.035156
0 0.311523 0.960938 0.033203 0.035156
0 0.928711 0.374023 0.041016 0.044922
0 0.866211 0.695312 0.041016 0.039062
0 0.762695 0.664062 0.052734 0.058594
0 0.035156 0.733398 0.031250 0.052734
0 0.962891 0.726562 0.042969 0.050781
0 0.560547 0.375000 0.054688 0.031250
0 0.826172 0.537109 0.035156 0.035156
0 0.581055 0.504883 0.037109 0.048828
0 0.860352 0.401367 0.052734 0.056641
0 0.237305 0.375977 0.033203 0.044922
0 0.274414 0.552734 0.033203 0.054688
0 0.437500 0.046875 0.031250 0.031250
0 0.415039 0.592773 0.041016 0.044922
0 0.480469 0.272461 0.035156 0.037109
0 0.479492 0.157227 0.033203 0.037109
0 0.955078 0.790039 0.058594 0.041016
0 0.926758 0.887695 0.037109 0.056641
0 0.267578 0.833984 0.054688 0.031250
0 0.056641 0.641602 0.050781 0.044922
0 0.175781 0.434570 0.039062 0.033203
0 0.163086 0.373047 0.037109 0.054688
0 0.311523 0.417969 0.052734 0.042969
1 0.612305 0.215820 0.205078 0.216797
1 0.308594 0.164062 0.183594 0.246094
1 0.702148 0.493164 0.150391 0.228516
1 0.433594 0.448242 0.152344 0.158203
1 0.195312 0.693359 0.175781 0.203125
1 0.769531 0.858398 0.207031 0.228516
1 0.479492 0.800781 0.236328 0.230469
1 0.136719 0.909180 0.140625 0.138672
1 0.852539 0.214844 0.201172 0.257812