0 0.794922 0.668945 0.050781 0.048828
0 0.256836 0.241211 0.048828 0.037109
0 0.893555 0.272461 0.037109 0.037109
0 0.575195 0.887695 0.052734 0.033203
0 0.209961 0.087891 0.048828 0.054688
0 0.331055 0.508789 0.056641 0.052734
0 0.703125 0.313477 0.039062 0.033203
0 0.894531 0.790039 0.031250 0.052734
0 0.085938 0.124023 0.050781 0.037109
0 0.611328 0.430664 0.035156 0.041016
0 0.506836 0.678711 0.048828 0.033203
0 0.343750 0.081055 0.058594 0.052734
0 0.072266 0.053711 0.050781 0.052734
0 0.426758 0.110352 0.048828 0.033203
0 0.637695 0.384766 0.044922 0.031250
0 0.507812 0.142578 0.050781 0.039062
0 0.573242 0.590820 0.052734 0.056641
0 0.552734 0.217773 0.031250 0.041016
0 0.949219 0.770508 0.050781 0.052734
0 0.773438 0.376953 0.035156 0.054688
0 0.345703 0.181641 0.031250 0.035156
0 0.128906 0.212891 0.054688 0.039062
0 0.833008 0.419922 0.041016 0.031250
0 0.785156 0.769531 0.058594 0.054688
0 0.370117 0.586914 0.052734 0.044922
0 0.474609 0.561523 0.046875 0.041016
0 0.042969 0.444336 0.046875 0.041016
0 0.804688 0.276367 0.046875 0.037109
0 0.068359 0.385742 0.046875 0.033203
0 0.122070 0.263672 0.056641 0.035156
0 0.943359 0.716797 0.035156 0.039062
0 0.240234 0.172852 0.031250 0.056641
0 0.079102 0.638672 0.037109 0.046875
0 0.902344 0.382812 0.031250 0.058594
0 0.623047 0.615234 0.031250 0.050781
0 0.425781 0.945312 0.031250 0.054688
0 0.521484 0.066406 0.031250 0.046875
0 0.076172 0.321289 0.035156 0.033203
0 0.802734 0.893555 0.054688 0.037109
0 0.746094 0.224609 0.031250 0.039062
0 0.062500 0.846680 0.046875 0.041016
0 0.649414 0.233398 0.037109 0.033203
0 0.419922 0.660156 0.039062 0.058594
0 0.599609 0.291992 0.058594 0.044922
0 0.481445 0.770508 0.052734 0.056641
0 0.243164 0.298828 0.033203 0.042969
0 0.678711 0.514648 0.048828 0.052734
0 0.873047 0.842773 0.042969 0.037109
0 0.963867 0.163086 0.037109 0.052734
1 0.216797 0.818359 0.230469 0.250000
1 0.778320 0.103516 0.255859 0.136719
1 0.843750 0.553711 0.265625 0.154297
1 0.467773 0.380859 0.169922 0.203125
1 0.645508 0.764648 0.169922 0.189453
1 0.201172 0.501953 0.175781 0.222656