0 0.289062 0.479492 0.039062 0.033203
0 0.271484 0.132812 0.042969 0.054688
0 0.375977 0.938477 0.056641 0.041016
0 0.703125 0.893555 0.039062 0.052734
0 0.704102 0.169922 0.052734 0.050781
0 0.855469 0.756836 0.039062 0.044922
0 0.666016 0.650391 0.042969 0.035156
0 0.447266 0.106445 0.039062 0.048828
0 0.533203 0.708984 0.050781 0.035156
0 0.135742 0.326172 0.044922 0.039062
0 0.153320 0.231445 0.044922 0.041016
0 0.856445 0.130859 0.048828 0.054688
0 0.744141 0.605469 0.046875 0.058594
0 0.062500 0.491211 0.058594 0.044922
0 0.657227 0.930664 0.033203 0.033203
0 0.045898 0.658203 0.048828 0.050781
0 0.072266 0.347656 0.042969 0.050781
0 0.511719 0.501953 0.058594 0.058594
0 0.653320 0.034180 0.052734 0.037109
0 0.482422 0.360352 0.039062 0.033203
0 0.079102 0.183594 0.048828 0.039062
0 0.483398 0.251953 0.033203 0.046875
0 0.955078 0.162109 0.031250 0.050781
0 0.229492 0.208008 0.052734 0.048828
0 0.066406 0.777344 0.031250 0.046875
0 0.178711 0.584961 0.044922 0.041016
0 0.818359 0.696289 0.035156 0.044922
0 0.718750 0.664062 0.031250 0.035156
0 0.580078 0.657227 0.046875 0.052734
0 0.151367 0.154297 0.033203 0.058594
0 0.761719 0.313477 0.035156 0.033203
0 0.320312 0.790039 0.031250 0.033203
0 0.324219 0.039062 0.050781 0.042969
0 0.191406 0.951172 0.058594 0.039062
0 0.214844 0.284180 0.042969 0.041016
0 0.754883 0.082031 0.056641 0.050781
0 0.256836 0.546875 0.037109 0.031250
0 0.053711 0.547852 0.037109 0.052734
0 0.750977 0.376953 0.033203 0.054688
0 0.232422 0.469727 0.050781 0.037109
0 0.198242 0.061523 0.044922 0.056641
0 0.754883 0.489258 0.056641 0.048828
0 0.151367 0.430664 0.052734 0.044922
0 0.510742 0.439453 0.048828 0.050781
0 0.140625 0.533203 0.058594 0.031250
0 0.543945 0.562500 0.033203 0.046875
0 0.349609 0.393555 0.046875 0.037109
0 0.908203 0.770508 0.039062 0.041016
0 0.770508 0.244141 0.041016 0.039062
0 0.845703 0.055664 0.042969 0.044922
1 0.390625 0.572266 0.140625 0.269531
1 0.598633 0.179688 0.138672 0.234375
1 0.822266 0.902344 0.136719 0.164062
1 0.507812 0.806641 0.273438 0.136719
1 0.887695 0.312500 0.146484 0.156250
1 0.644531 0.462891 0.144531 0.210938
1 0.888672 0.553711 0.167969 0.216797
1 0.367188 0.281250 0.167969 0.171875
1 0.191406 0.759766 0.171875 0.273438