0 0.535156 0.060547 0.031250 0.042969
0 0.884766 0.102539 0.050781 0.044922
0 0.441406 0.042969 0.046875 0.054688
0 0.834961 0.951172 0.041016 0.042969
0 0.682617 0.704102 0.052734 0.033203
0 0.204102 0.481445 0.033203 0.041016
0 0.369141 0.353516 0.046875 0.035156
0 0.937500 0.951172 0.031250 0.058594
0 0.523438 0.352539 0.031250 0.033203
0 0.447266 0.442383 0.042969 0.048828
0 0.048828 0.670898 0.039062 0.041016
0 0.322266 0.529297 0.039062 0.031250
0 0.785156 0.356445 0.050781 0.037109
0 0.423828 0.754883 0.031250 0.041016
0 0.545898 0.249023 0.056641 0.033203
0 0.676758 0.429688 0.056641 0.042969
0 0.926758 0.461914 0.048828 0.052734
0 0.779297 0.256836 0.039062 0.033203
0 0.076172 0.947266 0.042969 0.042969
0 0.069336 0.294922 0.052734 0.054688
0 0.396484 0.108398 0.058594 0.041016
0 0.791992 0.088867 0.033203 0.037109
0 0.451172 0.166992 0.039062 0.048828
0 0.566406 0.343750 0.035156 0.039062
0 0.211914 0.533203 0.041016 0.042969
0 0.866211 0.828125 0.052734 0.054688
0 0.294922 0.303711 0.058594 0.056641
0 0.952148 0.772461 0.052734 0.041016
0 0.062500 0.465820 0.042969 0.056641
0 0.730469 0.346680 0.039062 0.041016
0 0.668945 0.493164 0.048828 0.037109
0 0.234375 0.296875 0.035156 0.054688
0 0.576172 0.439453 0.039062 0.054688
0 0.171875 0.403320 0.050781 0.033203
0 0.104492 0.588867 0.041016 0.056641
0 0.040039 0.562500 0.037109 0.058594
0 0.603516 0.523438 0.031250 0.035156
0 0.286133 0.884766 0.044922 0.046875
0 0.127930 0.886719 0.056641 0.035156
0 0.798828 0.470703 0.046875 0.046875
0 0.955078 0.206055 0.046875 0.033203
0 0.284180 0.455078 0.044922 0.054688
0 0.416992 0.299805 0.052734 0.052734
0 0.578125 0.684570 0.035156 0.033203
0 0.384766 0.891602 0.039062 0.056641
0 0.851562 0.165039 0.050781 0.044922
0 0.558594 0.186523 0.039062 0.044922
0 0.525391 0.770508 0.058594 0.048828
1 0.665039 0.113281 0.150391 0.191406
1 0.204102 0.143555 0.216797 0.208984
1 0.849609 0.617188 0.230469 0.183594
1 0.207031 0.737305 0.207031 0.220703
1 0.447266 0.572266 0.175781 0.175781
1 0.536133 0.892578 0.216797 0.152344