0 0.446289 0.093750 0.048828 0.058594
0 0.324219 0.124023 0.042969 0.041016
0 0.655273 0.692383 0.033203 0.037109
0 0.677734 0.056641 0.031250 0.042969
0 0.930664 0.574219 0.037109 0.054688
0 0.942383 0.049805 0.056641 0.041016
0 0.246094 0.852539 0.042969 0.044922
0 0.741211 0.616211 0.041016 0.044922
0 0.339844 0.054688 0.031250 0.046875
0 0.059570 0.122070 0.037109 0.048828
0 0.519531 0.900391 0.054688 0.054688
0 0.355469 0.898438 0.031250 0.054688
0 0.440430 0.325195 0.048828 0.037109
0 0.233398 0.598633 0.044922 0.033203
0 0.959961 0.125000 0.037109 0.046875
0 0.431641 0.818359 0.054688 0.058594
0 0.334961 0.520508 0.048828 0.037109
0 0.954102 0.687500 0.037109 0.046875
0 0.047852 0.895508 0.048828 0.033203
0 0.629883 0.867188 0.052734 0.054688
0 0.133789 0.103516 0.048828 0.050781
0 0.659180 0.430664 0.041016 0.041016
0 0.072266 0.798828 0.054688 0.042969
0 0.255859 0.931641 0.042969 0.054688
0 0.098633 0.577148 0.041016 0.037109
0 0.503906 0.084961 0.039062 0.052734
0 0.566406 0.407227 0.039062 0.052734
0 0.132812 0.909180 0.054688 0.044922
0 0.940430 0.868164 0.056641 0.037109
0 0.609375 0.784180 0.058594 0.044922
0 0.681641 0.207031 0.031250 0.058594
0 0.902344 0.631836 0.046875 0.037109
0 0.697266 0.292969 0.042969 0.054688
0 0.515625 0.323242 0.042969 0.048828
0 0.762695 0.726562 0.033203 0.042969
0 0.595703 0.718750 0.046875 0.046875
0 0.844727 0.810547 0.052734 0.054688
0 0.616211 0.338867 0.052734 0.033203
0 0.858398 0.052734 0.056641 0.054688
0 0.863281 0.917969 0.046875 0.031250
0 0.414062 0.957031 0.054688 0.042969
0 0.379883 0.217773 0.041016 0.052734
1 0.835938 0.181641 0.156250 0.183594
1 0.737305 0.865234 0.142578 0.214844
1 0.267578 0.725586 0.242188 0.162109
1 0.534180 0.211914 0.232422 0.146484
1 0.559570 0.548828 0.248047 0.167969
1 0.842773 0.415039 0.228516 0.205078
1 0.207031 0.244141 0.242188 0.148438
1 0.167969 0.441406 0.250000 0.191406