0 0.560937 0.681944 0.025000 0.036111
0 0.655469 0.538889 0.023438 0.038889
0 0.330859 0.347222 0.017969 0.050000
0 0.064844 0.274306 0.028125 0.040278
0 0.473828 0.139583 0.017969 0.029167
0 0.945312 0.150694 0.020313 0.048611
0 0.685547 0.594444 0.025781 0.050000
0 0.978125 0.524306 0.023438 0.040278
0 0.849219 0.091667 0.021875 0.027778
0 0.032031 0.297222 0.017188 0.044444
0 0.757031 0.332639 0.017188 0.034722
0 0.150781 0.068056 0.028125 0.033333
0 0.600391 0.600694 0.024219 0.048611
0 0.235937 0.919444 0.018750 0.036111
0 0.930078 0.961111 0.017969 0.025000
0 0.286328 0.586111 0.021094 0.044444
0 0.502734 0.111806 0.014844 0.040278
0 0.193750 0.138194 0.021875 0.026389
0 0.273828 0.532639 0.017969 0.029167
0 0.523047 0.810417 0.021094 0.026389
0 0.493359 0.838194 0.021094 0.031944
0 0.667969 0.403472 0.021875 0.037500
0 0.028125 0.557639 0.026562 0.029167
0 0.070703 0.488889 0.022656 0.030556
0 0.935156 0.918056 0.026562 0.025000
0 0.169922 0.706944 0.027344 0.041667
0 0.254688 0.460417 0.021875 0.040278
0 0.741797 0.084722 0.025781 0.033333
0 0.325000 0.426389 0.026562 0.044444
0 0.228516 0.357639 0.025781 0.031944
0 0.875781 0.161806 0.023438 0.048611
0 0.296484 0.947917 0.025781 0.034722
0 0.661719 0.670139 0.017188 0.045833
0 0.218750 0.863194 0.017188 0.037500
0 0.369141 0.560417 0.024219 0.031944
0 0.245703 0.520139 0.017969 0.031944
0 0.038672 0.853472 0.022656 0.040278
0 0.979297 0.286111 0.021094 0.038889
0 0.107422 0.172917 0.016406 0.045833
0 0.969531 0.654167 0.020313 0.050000
0 0.950391 0.513194 0.021094 0.029167
0 0.203125 0.936806 0.014063 0.040278
0 0.240625 0.179167 0.025000 0.044444
0 0.903906 0.178472 0.020313 0.048611
0 0.282031 0.263194 0.020313 0.045833
0 0.131641 0.829167 0.017969 0.027778
0 0.332031 0.543056 0.015625 0.047222
0 0.551562 0.522917 0.020313 0.029167
0 0.060156 0.715278 0.026562 0.047222
0 0.564063 0.373611 0.025000 0.036111
0 0.519141 0.043750 0.022656 0.040278
0 0.516406 0.234028 0.028125 0.045833
0 0.247656 0.666667 0.018750 0.038889
0 0.732812 0.356944 0.018750 0.025000
0 0.249609 0.405556 0.027344 0.047222
0 0.610547 0.429167 0.021094 0.030556
0 0.451562 0.579861 0.018750 0.045833
0 0.278125 0.638889 0.017188 0.038889
0 0.921875 0.458333 0.017188 0.030556
0 0.488281 0.474306 0.014063 0.031944
0 0.279297 0.820139 0.014844 0.043056
0 0.553516 0.234028 0.027344 0.040278
0 0.502344 0.567361 0.014063 0.043056
0 0.097266 0.256944 0.017969 0.044444
0 0.155469 0.655556 0.014063 0.041667
0 0.845313 0.045139 0.028125 0.043056
0 0.626172 0.094444 0.022656 0.047222
0 0.342969 0.049306 0.014063 0.026389
0 0.399219 0.553472 0.021875 0.034722
0 0.182422 0.185417 0.021094 0.040278
0 0.575391 0.317361 0.016406 0.048611
0 0.070703 0.427778 0.024219 0.027778
0 0.512891 0.936806 0.016406 0.040278
0 0.594922 0.146528 0.024219 0.045833
0 0.281250 0.108333 0.025000 0.041667
0 0.050000 0.954861 0.028125 0.031944
0 0.283984 0.706250 0.022656 0.043056
0 0.614062 0.517361 0.015625 0.048611
0 0.767578 0.122222 0.016406 0.044444
0 0.033203 0.140278 0.014844 0.050000
0 0.373828 0.040278 0.024219 0.038889
0 0.767969 0.229167 0.021875 0.041667
0 0.512500 0.361806 0.025000 0.040278
0 0.245312 0.245139 0.018750 0.031944
0 0.939844 0.735417 0.018750 0.040278
0 0.970703 0.409722 0.025781 0.041667
0 0.973437 0.341667 0.014063 0.036111
0 0.119922 0.900000 0.024219 0.038889
1 0.669531 0.836111 0.115625 0.241667
1 0.693750 0.217361 0.095312 0.187500
1 0.392969 0.818750 0.168750 0.198611
1 0.417578 0.347917 0.125781 0.198611
1 0.867969 0.330556 0.167187 0.208333
1 0.139453 0.509028 0.100781 0.231944
1 0.810547 0.771528 0.103906 0.259722