0 0.894531 0.692383 0.046875 0.041016
0 0.158203 0.107422 0.046875 0.046875
0 0.755859 0.721680 0.031250 0.052734
0 0.448242 0.822266 0.048828 0.050781
0 0.561523 0.899414 0.048828 0.044922
0 0.621094 0.820312 0.031250 0.050781
0 0.345703 0.431641 0.031250 0.042969
0 0.484375 0.214844 0.035156 0.046875
0 0.964844 0.187500 0.035156 0.035156
0 0.586914 0.670898 0.044922 0.037109
0 0.119141 0.717773 0.046875 0.048828
0 0.129883 0.557617 0.048828 0.056641
0 0.876953 0.480469 0.035156 0.058594
0 0.782227 0.070312 0.056641 0.046875
0 0.052734 0.373047 0.035156 0.031250
0 0.927734 0.335938 0.054688 0.050781
0 0.930664 0.106445 0.052734 0.048828
0 0.872070 0.586914 0.033203 0.044922
0 0.943359 0.603516 0.031250 0.035156
0 0.958984 0.861328 0.039062 0.039062
0 0.797852 0.572266 0.052734 0.039062
0 0.540039 0.128906 0.056641 0.054688
0 0.127930 0.437500 0.044922 0.046875
0 0.730469 0.418945 0.035156 0.056641
0 0.636719 0.068359 0.035156 0.039062
0 0.759766 0.306641 0.042969 0.042969
0 0.449219 0.120117 0.031250 0.041016
0 0.964844 0.507812 0.035156 0.058594
0 0.368164 0.915039 0.048828 0.052734
0 0.781250 0.649414 0.058594 0.056641
0 0.962891 0.698242 0.039062 0.037109
0 0.592773 0.717773 0.044922 0.033203
0 0.750977 0.483398 0.037109 0.033203
0 0.130859 0.947266 0.042969 0.039062
0 0.061523 0.046875 0.052734 0.054688
0 0.318359 0.095703 0.042969 0.035156
0 0.455078 0.708008 0.050781 0.033203
0 0.811523 0.513672 0.037109 0.035156
0 0.427734 0.212891 0.031250 0.042969
0 0.808594 0.368164 0.058594 0.033203
0 0.841797 0.682617 0.035156 0.048828
0 0.529297 0.787109 0.058594 0.039062
0 0.650391 0.884766 0.054688 0.035156
0 0.865234 0.766602 0.054688 0.056641
0 0.917969 0.274414 0.058594 0.044922
0 0.541016 0.199219 0.058594 0.046875
0 0.198242 0.407227 0.033203 0.041016
0 0.696289 0.057617 0.044922 0.048828
0 0.729492 0.564453 0.033203 0.058594
0 0.145508 0.640625 0.033203 0.035156
1 0.563477 0.442383 0.271484 0.271484
1 0.293945 0.591797 0.205078 0.242188
1 0.704102 0.192383 0.251953 0.146484
1 0.806641 0.898438 0.164062 0.152344
1 0.257812 0.866211 0.152344 0.224609
1 0.224609 0.262695 0.261719 0.185547