0 0.917969 0.600000 0.021875 0.041667
0 0.708594 0.511806 0.021875 0.045833
0 0.050000 0.555556 0.015625 0.047222
0 0.824219 0.481944 0.021875 0.036111
0 0.313672 0.250694 0.022656 0.040278
0 0.878906 0.455556 0.014063 0.050000
0 0.968359 0.840972 0.017969 0.040278
0 0.902734 0.823611 0.016406 0.041667
0 0.121484 0.370833 0.019531 0.025000
0 0.737500 0.052083 0.021875 0.034722
0 0.925781 0.867361 0.015625 0.045833
0 0.111719 0.797222 0.025000 0.041667
0 0.339453 0.803472 0.021094 0.037500
0 0.439063 0.840972 0.025000 0.037500
0 0.670703 0.869444 0.025781 0.027778
0 0.687500 0.311111 0.018750 0.030556
0 0.187891 0.425000 0.024219 0.027778
0 0.348828 0.928472 0.024219 0.031944
0 0.400391 0.293750 0.017969 0.048611
0 0.653906 0.094444 0.020313 0.030556
0 0.061719 0.372222 0.023438 0.047222
0 0.383203 0.852778 0.027344 0.025000
0 0.156250 0.661111 0.014063 0.027778
0 0.722656 0.752778 0.028125 0.027778
0 0.314844 0.187500 0.020313 0.038889
0 0.929297 0.431250 0.027344 0.034722
0 0.768359 0.493750 0.024219 0.029167
0 0.178516 0.612500 0.024219 0.041667
0 0.358984 0.289583 0.027344 0.029167
0 0.738672 0.520833 0.024219 0.038889
0 0.375000 0.227083 0.020313 0.031944
0 0.075781 0.896528 0.026562 0.034722
0 0.777344 0.079861 0.017188 0.040278
0 0.057031 0.729861 0.017188 0.045833
0 0.714453 0.956250 0.024219 0.037500
0 0.978125 0.468056 0.021875 0.038889
0 0.387500 0.434722 0.026562 0.033333
0 0.631641 0.111111 0.017969 0.041667
0 0.961719 0.385417 0.014063 0.037500
0 0.262109 0.275000 0.024219 0.038889
0 0.199609 0.725000 0.027344 0.044444
0 0.971875 0.527778 0.028125 0.027778
0 0.228906 0.525000 0.014063 0.047222
0 0.486328 0.059722 0.024219 0.025000
0 0.123438 0.532639 0.020313 0.045833
0 0.677734 0.355556 0.024219 0.041667
0 0.616406 0.925000 0.018750 0.025000
0 0.279687 0.030556 0.020313 0.025000
0 0.545312 0.931944 0.017188 0.047222
0 0.662500 0.766667 0.028125 0.030556
0 0.398828 0.247917 0.017969 0.029167
0 0.876953 0.568056 0.024219 0.027778
0 0.094531 0.941667 0.026562 0.038889
0 0.337500 0.418750 0.020313 0.048611
0 0.576953 0.423611 0.027344 0.027778
0 0.924609 0.680556 0.025781 0.050000
0 0.803906 0.567361 0.018750 0.040278
0 0.775391 0.953472 0.014844 0.026389
0 0.751563 0.289583 0.028125 0.029167
0 0.030859 0.618750 0.027344 0.045833
0 0.420312 0.795833 0.021875 0.030556
0 0.957812 0.050694 0.021875 0.026389
0 0.079687 0.317361 0.015625 0.026389
0 0.813281 0.154167 0.020313 0.027778
0 0.950781 0.479167 0.015625 0.047222
0 0.105078 0.736806 0.016406 0.031944
0 0.423438 0.070139 0.015625 0.029167
0 0.672656 0.161111 0.023438 0.038889
0 0.036328 0.664583 0.025781 0.034722
0 0.428125 0.413889 0.026562 0.036111
0 0.773828 0.152083 0.021094 0.037500
0 0.100781 0.642361 0.026562 0.045833
0 0.039062 0.509722 0.025000 0.030556
0 0.715234 0.184028 0.027344 0.031944
0 0.632031 0.449306 0.020313 0.029167
0 0.225000 0.390278 0.015625 0.025000
0 0.663281 0.643056 0.026562 0.025000
0 0.630859 0.316667 0.017969 0.038889
0 0.161719 0.516667 0.018750 0.030556
0 0.098828 0.056250 0.027344 0.031944
0 0.678906 0.084722 0.018750 0.044444
0 0.027344 0.875694 0.018750 0.040278
0 0.496094 0.859028 0.017188 0.031944
0 0.269922 0.547917 0.014844 0.045833
0 0.749219 0.375694 0.018750 0.026389
0 0.562109 0.060417 0.021094 0.029167
0 0.634766 0.230556 0.027344 0.050000
0 0.537109 0.442361 0.022656 0.043056
0 0.401562 0.913889 0.014063 0.036111
0 0.757031 0.770139 0.021875 0.048611
0 0.343359 0.153472 0.014844 0.040278
0 0.264844 0.437500 0.028125 0.025000
0 0.314063 0.938889 0.023438 0.027778
0 0.342578 0.852778 0.024219 0.038889
0 0.794531 0.288194 0.023438 0.037500
0 0.133594 0.048611 0.026562 0.030556
0 0.381641 0.062500 0.025781 0.030556
0 0.707422 0.854167 0.021094 0.044444
0 0.036328 0.441667 0.025781 0.033333
0 0.688672 0.616667 0.014844 0.033333
0 0.166406 0.466667 0.015625 0.030556
0 0.232813 0.731944 0.021875 0.050000
1 0.535547 0.609028 0.135156 0.212500
1 0.212500 0.854861 0.165625 0.179167
1 0.527734 0.244444 0.169531 0.286111
1 0.366406 0.605556 0.167187 0.247222
1 0.835938 0.742361 0.095312 0.279167
1 0.235156 0.140972 0.121875 0.173611
1 0.911328 0.197222 0.116406 0.180556