0 0.815430 0.555664 0.041016 0.052734
0 0.412109 0.078125 0.050781 0.046875
0 0.722656 0.258789 0.042969 0.041016
0 0.240234 0.589844 0.050781 0.058594
0 0.958008 0.688477 0.052734 0.041016
0 0.609375 0.476562 0.050781 0.050781
0 0.161133 0.678711 0.033203 0.056641
0 0.375977 0.870117 0.056641 0.052734
0 0.134766 0.217773 0.050781 0.056641
0 0.865234 0.658203 0.058594 0.058594
0 0.271484 0.849609 0.035156 0.039062
0 0.044922 0.182617 0.039062 0.056641
0 0.062500 0.386719 0.035156 0.035156
0 0.395508 0.376953 0.048828 0.050781
0 0.513672 0.809570 0.046875 0.056641
0 0.590820 0.541992 0.048828 0.041016
0 0.303711 0.044922 0.037109 0.046875
0 0.961914 0.816406 0.041016 0.039062
0 0.400391 0.440430 0.050781 0.037109
0 0.781250 0.093750 0.031250 0.050781
0 0.463867 0.433594 0.056641 0.054688
0 0.518555 0.385742 0.033203 0.048828
0 0.842773 0.150391 0.037109 0.050781
0 0.685547 0.348633 0.039062 0.056641
0 0.288086 0.928711 0.056641 0.056641
0 0.052734 0.298828 0.042969 0.031250
0 0.354492 0.049805 0.041016 0.056641
0 0.950195 0.949219 0.052734 0.054688
0 0.062500 0.052734 0.054688 0.035156
0 0.459961 0.378906 0.044922 0.031250
0 0.391602 0.201172 0.048828 0.035156
0 0.286133 0.126953 0.056641 0.046875
1 0.402344 0.649414 0.234375 0.201172
1 0.565430 0.221680 0.177734 0.263672
1 0.250977 0.342773 0.224609 0.177734
1 0.796875 0.826172 0.195312 0.242188
1 0.853516 0.421875 0.242188 0.191406
1 0.129883 0.854492 0.220703 0.259766