0 0.520312 0.447917 0.026562 0.040278
0 0.355859 0.595833 0.019531 0.050000
0 0.494531 0.959028 0.018750 0.031944
0 0.348438 0.137500 0.015625 0.030556
0 0.406641 0.068750 0.027344 0.043056
0 0.022266 0.515972 0.016406 0.045833
0 0.924609 0.437500 0.017969 0.038889
0 0.392969 0.904167 0.015625 0.036111
0 0.111328 0.958333 0.019531 0.036111
0 0.133984 0.559722 0.017969 0.041667
0 0.638672 0.086111 0.016406 0.033333
0 0.297656 0.783333 0.025000 0.047222
0 0.283594 0.209028 0.025000 0.048611
0 0.017188 0.781944 0.014063 0.050000
0 0.334375 0.684722 0.026562 0.033333
0 0.886719 0.623611 0.020313 0.030556
0 0.211719 0.037500 0.014063 0.025000
0 0.162891 0.130556 0.019531 0.047222
0 0.069141 0.486111 0.021094 0.030556
0 0.632422 0.275000 0.021094 0.027778
0 0.468359 0.494444 0.027344 0.036111
0 0.450000 0.897917 0.025000 0.034722
0 0.659766 0.406944 0.021094 0.036111
0 0.223047 0.565972 0.016406 0.040278
0 0.569922 0.463889 0.017969 0.041667
0 0.603125 0.087500 0.026562 0.038889
0 0.047266 0.562500 0.027344 0.041667
0 0.264844 0.127778 0.015625 0.038889
0 0.092188 0.106250 0.021875 0.031944
0 0.083984 0.686111 0.024219 0.038889
0 0.455078 0.372917 0.014844 0.026389
0 0.227734 0.924306 0.022656 0.026389
0 0.101953 0.167361 0.016406 0.034722
0 0.404687 0.485417 0.015625 0.029167
0 0.850781 0.040278 0.023438 0.047222
0 0.033203 0.862500 0.024219 0.036111
0 0.819141 0.624306 0.025781 0.040278
0 0.592578 0.288194 0.022656 0.037500
0 0.824609 0.542361 0.021094 0.031944
0 0.297266 0.921528 0.025781 0.029167
0 0.541016 0.935417 0.022656 0.048611
0 0.237891 0.165278 0.016406 0.025000
0 0.314063 0.197222 0.021875 0.041667
0 0.150391 0.488194 0.017969 0.048611
0 0.647266 0.204167 0.014844 0.036111
0 0.433594 0.497222 0.015625 0.044444
0 0.723047 0.936806 0.019531 0.043056
0 0.032422 0.069444 0.022656 0.044444
0 0.526172 0.050694 0.027344 0.034722
0 0.376563 0.194444 0.021875 0.025000
0 0.641016 0.122222 0.016406 0.027778
0 0.343750 0.729861 0.018750 0.026389
0 0.366406 0.387500 0.026562 0.036111
0 0.181641 0.947917 0.014844 0.034722
0 0.165234 0.285417 0.017969 0.031944
0 0.516406 0.895139 0.014063 0.037500
0 0.973828 0.952778 0.025781 0.038889
0 0.116797 0.729861 0.014844 0.029167
0 0.148438 0.644444 0.025000 0.030556
0 0.309766 0.587500 0.017969 0.030556
0 0.287891 0.668750 0.025781 0.026389
0 0.282813 0.600000 0.018750 0.036111
0 0.071875 0.863889 0.018750 0.047222
0 0.310937 0.866667 0.020313 0.036111
0 0.635938 0.450000 0.028125 0.030556
0 0.517578 0.554861 0.014844 0.045833
0 0.105859 0.577778 0.014844 0.027778
0 0.615625 0.133333 0.026562 0.036111
0 0.404687 0.427083 0.014063 0.037500
0 0.140625 0.863889 0.014063 0.030556
0 0.846484 0.457639 0.016406 0.037500
0 0.084375 0.542361 0.023438 0.029167
0 0.895703 0.414583 0.027344 0.048611
0 0.348438 0.218750 0.023438 0.031944
0 0.960156 0.061806 0.018750 0.026389
0 0.198828 0.583333 0.019531 0.050000
0 0.629687 0.381944 0.017188 0.036111
0 0.081641 0.586111 0.021094 0.044444
0 0.507031 0.615972 0.014063 0.026389
0 0.588672 0.397917 0.022656 0.045833
0 0.383203 0.527083 0.019531 0.029167
0 0.546484 0.344444 0.025781 0.030556
0 0.054297 0.788889 0.022656 0.030556
0 0.137500 0.091667 0.018750 0.050000
0 0.727344 0.841667 0.021875 0.027778
0 0.182031 0.229861 0.017188 0.034722
0 0.634766 0.336806 0.017969 0.037500
0 0.721875 0.734722 0.017188 0.050000
0 0.344531 0.790278 0.025000 0.025000
0 0.974219 0.439583 0.023438 0.029167
0 0.542188 0.718056 0.028125 0.047222
1 0.615625 0.583333 0.143750 0.180556
1 0.265234 0.393750 0.124219 0.279167
1 0.088672 0.317361 0.103906 0.229167
1 0.479297 0.188194 0.171094 0.179167
1 0.436719 0.708333 0.107813 0.280556
1 0.210156 0.786111 0.115625 0.213889
1 0.885156 0.225694 0.156250 0.262500
1 0.725781 0.202083 0.109375 0.279167