0 0.929688 0.920139 0.015625 0.037500
0 0.486719 0.791667 0.018750 0.027778
0 0.148438 0.375694 0.015625 0.026389
0 0.805859 0.754167 0.025781 0.050000
0 0.094531 0.367361 0.015625 0.034722
0 0.380859 0.174306 0.024219 0.040278
0 0.034766 0.084028 0.017969 0.037500
0 0.587891 0.847917 0.025781 0.037500
0 0.947656 0.865972 0.028125 0.045833
0 0.726172 0.945139 0.022656 0.040278
0 0.294531 0.928472 0.018750 0.045833
0 0.969922 0.952778 0.017969 0.036111
0 0.930078 0.213194 0.025781 0.026389
0 0.608203 0.681944 0.014844 0.036111
0 0.856641 0.254167 0.024219 0.033333
0 0.682422 0.396528 0.022656 0.040278
0 0.607422 0.450694 0.019531 0.034722
0 0.908984 0.349306 0.027344 0.043056
0 0.876953 0.522222 0.019531 0.047222
0 0.846484 0.069444 0.027344 0.036111
0 0.880078 0.284722 0.016406 0.030556
0 0.122266 0.279167 0.019531 0.033333
0 0.555859 0.806944 0.027344 0.025000
0 0.023438 0.229167 0.023438 0.033333
0 0.070703 0.891667 0.016406 0.025000
0 0.041016 0.740278 0.022656 0.050000
0 0.098437 0.775694 0.020313 0.043056
0 0.549609 0.934722 0.017969 0.047222
0 0.222266 0.386806 0.016406 0.048611
0 0.398438 0.630556 0.020313 0.038889
0 0.617578 0.583333 0.027344 0.030556
0 0.980469 0.693750 0.020313 0.029167
0 0.276172 0.545139 0.019531 0.026389
0 0.349219 0.580556 0.026562 0.030556
0 0.219922 0.633333 0.019531 0.047222
0 0.881250 0.758333 0.025000 0.038889
0 0.826172 0.298611 0.017969 0.044444
0 0.467969 0.945139 0.021875 0.040278
0 0.457031 0.056944 0.017188 0.033333
0 0.638672 0.626389 0.022656 0.036111
0 0.911328 0.500000 0.027344 0.027778
0 0.067187 0.084028 0.014063 0.029167
0 0.340234 0.120833 0.016406 0.050000
0 0.644141 0.407639 0.024219 0.026389
0 0.911719 0.797222 0.018750 0.033333
0 0.746875 0.305556 0.020313 0.041667
0 0.962109 0.344444 0.022656 0.044444
0 0.642969 0.140972 0.026562 0.034722
0 0.797266 0.950000 0.025781 0.047222
0 0.454297 0.765278 0.016406 0.041667
0 0.317969 0.594444 0.018750 0.041667
0 0.944531 0.806250 0.026562 0.048611
0 0.310547 0.062500 0.025781 0.036111
0 0.824219 0.890278 0.017188 0.050000
0 0.018750 0.543750 0.018750 0.034722
0 0.923438 0.107639 0.020313 0.048611
0 0.496094 0.964583 0.020313 0.031944
0 0.097266 0.277083 0.016406 0.034722
0 0.185938 0.377778 0.025000 0.050000
0 0.453516 0.851389 0.014844 0.041667
0 0.256641 0.482639 0.022656 0.040278
0 0.975000 0.447917 0.014063 0.045833
0 0.948438 0.515972 0.020313 0.043056
0 0.842187 0.723611 0.025000 0.030556
0 0.804688 0.052778 0.021875 0.030556
0 0.956641 0.250694 0.025781 0.037500
0 0.041016 0.304167 0.022656 0.025000
0 0.029687 0.845833 0.018750 0.027778
0 0.421875 0.127778 0.025000 0.038889
0 0.123438 0.063194 0.026562 0.048611
0 0.087500 0.229861 0.021875 0.048611
0 0.057031 0.195139 0.026562 0.045833
0 0.917969 0.456250 0.017188 0.026389
0 0.294141 0.152083 0.019531 0.031944
0 0.826562 0.115972 0.017188 0.045833
0 0.286328 0.468056 0.022656 0.025000
0 0.631250 0.470833 0.014063 0.047222
0 0.953125 0.747917 0.026562 0.026389
0 0.086719 0.139583 0.023438 0.031944
0 0.966016 0.105556 0.022656 0.027778
0 0.961328 0.915278 0.016406 0.027778
0 0.305078 0.652778 0.021094 0.041667
1 0.720313 0.163194 0.115625 0.223611
1 0.375391 0.368750 0.146094 0.237500
1 0.554297 0.243750 0.110156 0.179167
1 0.534375 0.545139 0.096875 0.290278
1 0.375391 0.827083 0.113281 0.234722
1 0.774219 0.509722 0.112500 0.286111
1 0.131641 0.567361 0.147656 0.259722
1 0.202734 0.202083 0.116406 0.245833
1 0.204297 0.834028 0.146094 0.170833
1 0.703516 0.818750 0.125781 0.187500