0 0.267578 0.536133 0.031250 0.056641
0 0.351562 0.107422 0.035156 0.039062
0 0.545898 0.455078 0.033203 0.031250
0 0.887695 0.549805 0.048828 0.041016
0 0.846680 0.893555 0.048828 0.041016
0 0.173828 0.942383 0.050781 0.037109
0 0.075195 0.661133 0.052734 0.056641
0 0.569336 0.942383 0.044922 0.044922
0 0.304688 0.591797 0.039062 0.035156
0 0.785156 0.102539 0.039062 0.048828
0 0.541992 0.412109 0.037109 0.039062
0 0.938477 0.235352 0.052734 0.033203
0 0.920898 0.775391 0.041016 0.046875
0 0.244141 0.355469 0.054688 0.039062
0 0.958984 0.369141 0.042969 0.042969
0 0.829102 0.749023 0.037109 0.052734
0 0.086914 0.756836 0.052734 0.041016
0 0.444336 0.939453 0.037109 0.031250
0 0.839844 0.052734 0.054688 0.039062
0 0.484375 0.590820 0.046875 0.037109
0 0.664062 0.102539 0.042969 0.044922
0 0.247070 0.897461 0.041016 0.033203
0 0.945312 0.913086 0.046875 0.041016
0 0.067383 0.246094 0.037109 0.031250
0 0.252930 0.720703 0.044922 0.046875
0 0.237305 0.778320 0.056641 0.052734
0 0.326172 0.952148 0.039062 0.041016
0 0.594727 0.833984 0.048828 0.031250
0 0.576172 0.509766 0.031250 0.046875
0 0.377930 0.932617 0.044922 0.048828
0 0.083984 0.062500 0.042969 0.031250
0 0.277344 0.448242 0.031250 0.037109
0 0.183594 0.673828 0.042969 0.058594
1 0.394531 0.449219 0.140625 0.199219
1 0.398438 0.781250 0.207031 0.234375
1 0.707031 0.749023 0.136719 0.224609
1 0.717773 0.532227 0.181641 0.154297
1 0.140625 0.497070 0.179688 0.185547
1 0.725586 0.325195 0.251953 0.185547
1 0.453125 0.246094 0.230469 0.148438
1 0.216797 0.150391 0.183594 0.230469