0 0.394531 0.601562 0.058594 0.054688
0 0.313477 0.086914 0.033203 0.037109
0 0.507812 0.750000 0.042969 0.042969
0 0.839844 0.619141 0.031250 0.042969
0 0.229492 0.105469 0.041016 0.039062
0 0.854492 0.694336 0.037109 0.033203
0 0.203125 0.402344 0.054688 0.054688
0 0.867188 0.952148 0.050781 0.056641
0 0.512695 0.109375 0.037109 0.039062
0 0.536133 0.288086 0.044922 0.048828
0 0.879883 0.433594 0.044922 0.058594
0 0.441406 0.701172 0.054688 0.039062
0 0.804688 0.692383 0.039062 0.048828
0 0.510742 0.960938 0.052734 0.039062
0 0.883789 0.045898 0.037109 0.056641
0 0.460938 0.953125 0.031250 0.042969
0 0.131836 0.438477 0.056641 0.037109
0 0.054688 0.098633 0.031250 0.048828
0 0.954102 0.547852 0.033203 0.048828
0 0.470703 0.623047 0.039062 0.058594
0 0.419922 0.845703 0.058594 0.058594
0 0.157227 0.079102 0.056641 0.041016
0 0.499023 0.041992 0.033203 0.052734
0 0.632812 0.946289 0.050781 0.052734
0 0.439453 0.761719 0.031250 0.058594
0 0.037109 0.530273 0.035156 0.056641
0 0.521484 0.814453 0.035156 0.058594
0 0.361328 0.669922 0.039062 0.058594
0 0.824219 0.064453 0.039062 0.031250
0 0.922852 0.598633 0.044922 0.033203
0 0.650391 0.309570 0.031250 0.056641
0 0.440430 0.044922 0.044922 0.058594
0 0.501953 0.226562 0.035156 0.050781
0 0.377930 0.085938 0.033203 0.046875
0 0.408203 0.404297 0.039062 0.058594
0 0.400391 0.491211 0.031250 0.033203
0 0.511719 0.343750 0.058594 0.039062
0 0.747070 0.342773 0.056641 0.052734
0 0.042969 0.257812 0.035156 0.035156
0 0.939453 0.929688 0.054688 0.058594
0 0.222656 0.050781 0.039062 0.054688
0 0.068359 0.654297 0.035156 0.050781
0 0.099609 0.230469 0.050781 0.039062
0 0.437500 0.240234 0.039062 0.039062
0 0.601562 0.341797 0.050781 0.050781
0 0.437500 0.342773 0.054688 0.044922
0 0.869141 0.509766 0.031250 0.054688
0 0.935547 0.398438 0.042969 0.050781
0 0.331055 0.424805 0.052734 0.037109
0 0.542969 0.916016 0.058594 0.031250
1 0.180664 0.820312 0.267578 0.261719
1 0.681641 0.781250 0.175781 0.261719
1 0.758789 0.479492 0.169922 0.185547
1 0.884766 0.243164 0.175781 0.201172
1 0.207031 0.556641 0.226562 0.175781
1 0.529297 0.491211 0.187500 0.173828
1 0.269531 0.234375 0.257812 0.199219
1 0.650391 0.141602 0.214844 0.212891
1 0.908203 0.790039 0.144531 0.142578