0 0.037891 0.950000 0.025781 0.025000
0 0.120313 0.697222 0.017188 0.044444
0 0.509766 0.172917 0.024219 0.026389
0 0.046875 0.461806 0.026562 0.045833
0 0.821875 0.892361 0.025000 0.029167
0 0.861719 0.457639 0.017188 0.048611
0 0.937500 0.245833 0.015625 0.027778
0 0.251172 0.564583 0.027344 0.040278
0 0.919141 0.884028 0.016406 0.037500
0 0.961719 0.886111 0.028125 0.047222
0 0.343359 0.497917 0.021094 0.040278
0 0.081641 0.601389 0.022656 0.025000
0 0.023438 0.557639 0.023438 0.026389
0 0.578906 0.411806 0.015625 0.045833
0 0.076953 0.846528 0.022656 0.029167
0 0.055469 0.297222 0.015625 0.047222
0 0.501953 0.864583 0.019531 0.040278
0 0.540625 0.324306 0.028125 0.048611
0 0.941797 0.950000 0.021094 0.047222
0 0.048828 0.034722 0.021094 0.027778
0 0.776172 0.456944 0.014844 0.036111
0 0.151953 0.621528 0.024219 0.029167
0 0.594141 0.077083 0.017969 0.040278
0 0.532813 0.850694 0.015625 0.048611
0 0.720703 0.445139 0.014844 0.037500
0 0.551953 0.921528 0.021094 0.048611
0 0.019141 0.136111 0.014844 0.047222
0 0.885938 0.401389 0.015625 0.050000
0 0.055859 0.220139 0.024219 0.026389
0 0.548828 0.394444 0.021094 0.044444
0 0.031250 0.809028 0.021875 0.029167
0 0.035156 0.754861 0.023438 0.043056
0 0.568359 0.859722 0.021094 0.050000
0 0.257031 0.386806 0.021875 0.045833
0 0.922266 0.525694 0.017969 0.034722
0 0.338281 0.942361 0.023438 0.037500
0 0.658203 0.417361 0.022656 0.043056
0 0.953906 0.532639 0.021875 0.031944
0 0.498437 0.221528 0.017188 0.031944
0 0.958984 0.640972 0.025781 0.031944
0 0.944531 0.044444 0.028125 0.036111
0 0.959375 0.240972 0.017188 0.037500
0 0.034766 0.377083 0.014844 0.043056
0 0.680078 0.453472 0.014844 0.026389
0 0.547656 0.196528 0.028125 0.043056
0 0.850391 0.358333 0.016406 0.033333
0 0.807422 0.537500 0.019531 0.041667
0 0.395313 0.488194 0.021875 0.040278
0 0.967187 0.597917 0.028125 0.026389
0 0.899609 0.572917 0.014844 0.034722
0 0.337109 0.059028 0.025781 0.037500
0 0.700781 0.102778 0.025000 0.033333
0 0.652344 0.479861 0.025000 0.040278
0 0.805469 0.959722 0.026562 0.047222
0 0.589063 0.787500 0.015625 0.030556
0 0.339062 0.569444 0.026562 0.050000
0 0.448437 0.881250 0.020313 0.040278
0 0.037891 0.875000 0.027344 0.033333
0 0.943750 0.450694 0.021875 0.034722
0 0.969922 0.103472 0.022656 0.029167
0 0.085156 0.289583 0.018750 0.043056
0 0.183594 0.640278 0.015625 0.038889
0 0.082031 0.470139 0.018750 0.040278
0 0.854688 0.919444 0.023438 0.027778
0 0.905469 0.451389 0.023438 0.038889
0 0.502344 0.117361 0.028125 0.029167
0 0.910156 0.724306 0.017188 0.034722
0 0.258594 0.491667 0.020313 0.050000
0 0.925391 0.777778 0.019531 0.041667
0 0.365234 0.948611 0.024219 0.033333
0 0.855469 0.049306 0.025000 0.048611
0 0.421875 0.765278 0.017188 0.050000
0 0.979297 0.413889 0.016406 0.027778
0 0.317969 0.312500 0.021875 0.025000
1 0.160156 0.438889 0.117188 0.216667
1 0.178516 0.870139 0.108594 0.173611
1 0.353125 0.726389 0.106250 0.180556
1 0.835938 0.713889 0.103125 0.247222
1 0.602734 0.632639 0.160156 0.201389
1 0.655859 0.254861 0.105469 0.243056
1 0.798828 0.225694 0.127344 0.168056
1 0.416797 0.348611 0.146094 0.175000
1 0.219141 0.209028 0.157031 0.179167