0 0.656250 0.272461 0.054688 0.041016
0 0.083008 0.328125 0.041016 0.039062
0 0.349609 0.265625 0.054688 0.058594
0 0.832031 0.135742 0.039062 0.048828
0 0.135742 0.433594 0.041016 0.039062
0 0.642578 0.583008 0.058594 0.037109
0 0.095703 0.800781 0.058594 0.054688
0 0.458984 0.390625 0.039062 0.031250
0 0.640625 0.682617 0.042969 0.033203
0 0.123047 0.934570 0.039062 0.048828
0 0.106445 0.628906 0.052734 0.039062
0 0.441406 0.595703 0.054688 0.035156
0 0.114258 0.162109 0.056641 0.054688
0 0.785156 0.078125 0.039062 0.031250
0 0.168945 0.284180 0.044922 0.033203
0 0.925781 0.767578 0.050781 0.031250
0 0.758789 0.625977 0.037109 0.037109
0 0.041992 0.782227 0.033203 0.052734
0 0.408203 0.337891 0.035156 0.039062
0 0.072266 0.500977 0.031250 0.048828
0 0.952148 0.808594 0.037109 0.031250
0 0.880859 0.879883 0.035156 0.052734
0 0.798828 0.250000 0.031250 0.042969
0 0.955078 0.067383 0.054688 0.052734
0 0.696289 0.716797 0.033203 0.042969
0 0.472656 0.536133 0.050781 0.037109
0 0.236328 0.284180 0.046875 0.037109
0 0.420898 0.643555 0.041016 0.044922
0 0.087891 0.870117 0.050781 0.037109
0 0.763672 0.691406 0.035156 0.035156
0 0.892578 0.203125 0.039062 0.039062
0 0.562500 0.727539 0.054688 0.044922
0 0.836914 0.829102 0.033203 0.052734
0 0.208984 0.589844 0.035156 0.031250
0 0.534180 0.623047 0.033203 0.046875
0 0.783203 0.949219 0.039062 0.050781
1 0.653320 0.441406 0.267578 0.152344
1 0.886719 0.634766 0.144531 0.207031
1 0.285156 0.812500 0.265625 0.222656
1 0.304688 0.437500 0.144531 0.230469
1 0.612305 0.854492 0.271484 0.158203
1 0.646484 0.104492 0.222656 0.173828
1 0.901367 0.354492 0.138672 0.212891
1 0.427734 0.134766 0.144531 0.183594
1 0.233398 0.159180 0.142578 0.142578