0 0.970313 0.724306 0.015625 0.043056
0 0.798047 0.936806 0.014844 0.026389
0 0.440625 0.121528 0.023438 0.037500
0 0.867578 0.083333 0.022656 0.041667
0 0.939844 0.667361 0.025000 0.029167
0 0.804297 0.381944 0.021094 0.038889
0 0.023438 0.844444 0.018750 0.041667
0 0.290625 0.713889 0.028125 0.050000
0 0.463672 0.766667 0.016406 0.038889
0 0.607031 0.940278 0.014063 0.036111
0 0.038672 0.345833 0.027344 0.038889
0 0.963672 0.796528 0.027344 0.045833
0 0.309375 0.949306 0.014063 0.037500
0 0.921484 0.486111 0.019531 0.030556
0 0.864453 0.915278 0.024219 0.038889
0 0.314063 0.880556 0.025000 0.050000
0 0.437109 0.264583 0.017969 0.037500
0 0.794531 0.045139 0.020313 0.043056
0 0.072266 0.486111 0.022656 0.050000
0 0.517969 0.845139 0.026562 0.045833
0 0.221875 0.933333 0.028125 0.030556
0 0.413281 0.254861 0.015625 0.034722
0 0.502344 0.147222 0.028125 0.033333
0 0.390234 0.137500 0.022656 0.025000
0 0.561719 0.884028 0.021875 0.048611
0 0.482812 0.698611 0.023438 0.050000
0 0.095703 0.106944 0.027344 0.050000
0 0.956250 0.598611 0.021875 0.038889
0 0.677344 0.812500 0.014063 0.047222
0 0.658984 0.900000 0.014844 0.044444
0 0.506250 0.242361 0.018750 0.045833
0 0.445703 0.338889 0.019531 0.041667
0 0.752734 0.159722 0.022656 0.036111
0 0.299219 0.363194 0.020313 0.045833
0 0.905469 0.140972 0.018750 0.045833
0 0.803516 0.177778 0.016406 0.027778
0 0.512109 0.887500 0.017969 0.025000
0 0.951562 0.202778 0.023438 0.047222
0 0.268359 0.408333 0.019531 0.050000
0 0.391406 0.282639 0.021875 0.029167
0 0.470703 0.923611 0.016406 0.041667
0 0.962891 0.539583 0.025781 0.026389
0 0.627344 0.902778 0.021875 0.025000
0 0.025781 0.688889 0.028125 0.025000
0 0.488672 0.800694 0.014844 0.034722
0 0.373437 0.347917 0.020313 0.043056
0 0.348828 0.949306 0.024219 0.026389
0 0.903125 0.941667 0.015625 0.041667
0 0.249219 0.954861 0.020313 0.031944
0 0.948828 0.366667 0.027344 0.025000
0 0.561328 0.711806 0.019531 0.031944
0 0.966797 0.061806 0.017969 0.037500
0 0.952734 0.459722 0.025781 0.025000
0 0.720313 0.942361 0.028125 0.029167
0 0.614844 0.822222 0.025000 0.044444
0 0.715625 0.047222 0.023438 0.025000
0 0.344141 0.427083 0.027344 0.034722
0 0.555078 0.553472 0.022656 0.026389
0 0.876563 0.174306 0.018750 0.031944
0 0.914062 0.871528 0.014063 0.043056
0 0.855078 0.127083 0.025781 0.026389
0 0.946484 0.270139 0.024219 0.026389
0 0.044922 0.905556 0.025781 0.050000
0 0.136719 0.929861 0.021875 0.031944
0 0.805078 0.267361 0.019531 0.040278
0 0.178516 0.086111 0.017969 0.044444
0 0.206641 0.105556 0.024219 0.047222
0 0.473047 0.056250 0.016406 0.037500
0 0.555078 0.479861 0.027344 0.037500
0 0.051953 0.770833 0.019531 0.027778
0 0.474219 0.376389 0.025000 0.033333
0 0.769922 0.454167 0.014844 0.044444
0 0.671094 0.098611 0.021875 0.030556
0 0.747266 0.097222 0.022656 0.047222
0 0.946094 0.114583 0.025000 0.034722
0 0.078906 0.600000 0.020313 0.044444
0 0.484375 0.188194 0.018750 0.029167
0 0.771094 0.540278 0.014063 0.047222
0 0.768359 0.227778 0.019531 0.036111
0 0.032031 0.463194 0.020313 0.040278
0 0.612500 0.079167 0.023438 0.050000
0 0.763672 0.397222 0.021094 0.047222
0 0.308594 0.800000 0.020313 0.041667
0 0.758984 0.768056 0.022656 0.044444
0 0.531641 0.386806 0.021094 0.043056
0 0.834375 0.890972 0.020313 0.031944
0 0.937891 0.919444 0.019531 0.041667
0 0.525000 0.067361 0.014063 0.040278
0 0.091016 0.436806 0.019531 0.026389
0 0.761328 0.277083 0.014844 0.031944
0 0.048828 0.274306 0.022656 0.034722
1 0.391797 0.813889 0.105469 0.213889
1 0.450781 0.546528 0.154688 0.212500
1 0.619922 0.280556 0.141406 0.288889
1 0.855078 0.690278 0.117969 0.275000
1 0.311328 0.173611 0.121094 0.241667
1 0.284766 0.567361 0.142969 0.206944
1 0.647266 0.658333 0.130469 0.236111
1 0.874609 0.320833 0.100781 0.211111
1 0.146094 0.277083 0.162500 0.259722
1 0.135937 0.754167 0.114062 0.200000