0 0.850000 0.042361 0.026562 0.034722
0 0.544141 0.569444 0.025781 0.030556
0 0.542188 0.502083 0.015625 0.045833
0 0.082812 0.081250 0.026562 0.029167
0 0.808594 0.395139 0.023438 0.026389
0 0.732812 0.442361 0.023438 0.037500
0 0.687500 0.365972 0.028125 0.037500
0 0.726172 0.381944 0.024219 0.050000
0 0.855469 0.355556 0.028125 0.041667
0 0.822656 0.777778 0.014063 0.036111
0 0.199609 0.581250 0.024219 0.029167
0 0.966797 0.234028 0.022656 0.031944
0 0.946875 0.350694 0.028125 0.043056
0 0.606250 0.702083 0.025000 0.026389
0 0.239453 0.079861 0.025781 0.043056
0 0.742578 0.696528 0.019531 0.043056
0 0.108203 0.806250 0.016406 0.026389
0 0.083594 0.896528 0.026562 0.043056
0 0.104297 0.504861 0.014844 0.048611
0 0.574219 0.766667 0.015625 0.036111
0 0.956250 0.622222 0.026562 0.050000
0 0.814453 0.704861 0.025781 0.031944
0 0.330859 0.849306 0.019531 0.029167
0 0.419922 0.903472 0.025781 0.026389
0 0.353906 0.295139 0.014063 0.034722
0 0.551953 0.920833 0.019531 0.041667
0 0.536328 0.852083 0.017969 0.048611
0 0.215234 0.889583 0.017969 0.029167
0 0.786719 0.295139 0.023438 0.045833
0 0.725781 0.156250 0.026562 0.040278
0 0.535547 0.698611 0.025781 0.047222
0 0.102734 0.654167 0.019531 0.033333
0 0.222656 0.529167 0.025000 0.030556
0 0.908594 0.084028 0.025000 0.029167
0 0.057813 0.550694 0.018750 0.026389
0 0.462500 0.895139 0.023438 0.045833
0 0.310156 0.716667 0.018750 0.047222
0 0.510156 0.494444 0.020313 0.036111
0 0.833203 0.163194 0.014844 0.037500
0 0.312500 0.054167 0.018750 0.027778
0 0.617188 0.750694 0.026562 0.034722
0 0.078516 0.843750 0.019531 0.048611
0 0.060937 0.626389 0.028125 0.033333
0 0.647656 0.420833 0.018750 0.030556
0 0.763672 0.559722 0.016406 0.050000
0 0.284375 0.935417 0.018750 0.034722
0 0.036719 0.140278 0.017188 0.047222
0 0.801562 0.659028 0.023438 0.026389
0 0.777734 0.056250 0.017969 0.037500
0 0.946875 0.427083 0.025000 0.026389
0 0.132031 0.453472 0.014063 0.026389
0 0.821094 0.359028 0.023438 0.026389
0 0.808594 0.050000 0.014063 0.050000
0 0.875781 0.159722 0.025000 0.044444
0 0.960938 0.482639 0.023438 0.026389
0 0.342969 0.140278 0.014063 0.050000
0 0.903516 0.170833 0.019531 0.036111
0 0.886719 0.346528 0.017188 0.045833
0 0.169141 0.447222 0.019531 0.025000
0 0.809375 0.943056 0.020313 0.027778
0 0.583203 0.324306 0.017969 0.043056
0 0.055469 0.756250 0.018750 0.026389
0 0.027734 0.602083 0.027344 0.043056
0 0.824609 0.210417 0.021094 0.029167
0 0.553125 0.043750 0.015625 0.026389
0 0.717969 0.095833 0.014063 0.038889
0 0.023047 0.846528 0.017969 0.045833
0 0.923047 0.573611 0.016406 0.050000
0 0.364453 0.865972 0.016406 0.026389
0 0.768359 0.240972 0.021094 0.026389
0 0.528516 0.797917 0.016406 0.040278
0 0.178516 0.924306 0.017969 0.043056
0 0.786328 0.133333 0.014844 0.030556
0 0.317188 0.297222 0.014063 0.033333
0 0.154688 0.500694 0.014063 0.040278
0 0.202344 0.119444 0.014063 0.038889
0 0.312109 0.589583 0.021094 0.040278
0 0.967187 0.179167 0.018750 0.050000
0 0.031250 0.741667 0.015625 0.044444
0 0.942187 0.064583 0.018750 0.040278
0 0.355078 0.925000 0.019531 0.047222
0 0.887891 0.047917 0.019531 0.026389
0 0.830078 0.659722 0.022656 0.047222
0 0.969922 0.535417 0.025781 0.026389
0 0.622266 0.374306 0.021094 0.048611
0 0.310156 0.926389 0.021875 0.025000
0 0.742188 0.283333 0.028125 0.047222
0 0.618750 0.802778 0.025000 0.038889
0 0.280859 0.155556 0.014844 0.030556
0 0.583594 0.375000 0.028125 0.038889
0 0.929297 0.211806 0.017969 0.048611
0 0.524609 0.390278 0.019531 0.047222
0 0.519141 0.915278 0.024219 0.044444
1 0.214062 0.729167 0.115625 0.202778
1 0.838281 0.532639 0.117188 0.190278
1 0.643750 0.563889 0.145313 0.233333
1 0.349609 0.435417 0.142969 0.215278
1 0.454688 0.181944 0.165625 0.213889
1 0.637891 0.165972 0.110156 0.248611
1 0.916406 0.810417 0.118750 0.293056
1 0.419922 0.673611 0.167969 0.188889
1 0.147266 0.286111 0.169531 0.261111
1 0.716016 0.843056 0.144531 0.225000