0 0.521484 0.715820 0.054688 0.033203
0 0.806641 0.298828 0.054688 0.035156
0 0.053711 0.047852 0.033203 0.033203
0 0.634766 0.316406 0.042969 0.058594
0 0.149414 0.260742 0.048828 0.052734
0 0.140625 0.170898 0.031250 0.041016
0 0.376953 0.404297 0.031250 0.046875
0 0.404297 0.865234 0.031250 0.035156
0 0.087891 0.188477 0.035156 0.033203
0 0.186523 0.070312 0.056641 0.035156
0 0.315430 0.162109 0.041016 0.035156
0 0.085938 0.762695 0.058594 0.033203
0 0.200195 0.563477 0.048828 0.052734
0 0.915039 0.324219 0.037109 0.031250
0 0.050781 0.308594 0.039062 0.058594
0 0.373047 0.483398 0.046875 0.048828
0 0.660156 0.753906 0.050781 0.035156
0 0.533203 0.068359 0.054688 0.039062
0 0.088867 0.580078 0.044922 0.050781
0 0.082031 0.396484 0.035156 0.058594
0 0.286133 0.071289 0.056641 0.044922
0 0.454102 0.644531 0.056641 0.058594
0 0.389648 0.808594 0.033203 0.031250
0 0.870117 0.262695 0.037109 0.044922
0 0.185547 0.760742 0.039062 0.041016
0 0.667969 0.684570 0.042969 0.041016
0 0.412109 0.931641 0.050781 0.050781
0 0.890625 0.395508 0.046875 0.048828
0 0.316406 0.225586 0.046875 0.052734
0 0.036133 0.238281 0.037109 0.050781
1 0.739258 0.163086 0.185547 0.177734
1 0.839844 0.554688 0.265625 0.253906
1 0.540039 0.839844 0.173828 0.199219
1 0.318359 0.661133 0.152344 0.228516
1 0.223633 0.404297 0.205078 0.214844
1 0.251953 0.902344 0.226562 0.160156
1 0.844727 0.837891 0.240234 0.253906
1 0.565430 0.489258 0.193359 0.201172
1 0.483398 0.225586 0.224609 0.248047