0 0.941016 0.786111 0.019531 0.027778
0 0.172656 0.238194 0.014063 0.026389
0 0.890625 0.570833 0.018750 0.038889
0 0.075000 0.811806 0.023438 0.037500
0 0.019141 0.847917 0.017969 0.043056
0 0.918750 0.125694 0.020313 0.031944
0 0.027734 0.443750 0.019531 0.048611
0 0.152344 0.179167 0.015625 0.030556
0 0.532813 0.408333 0.020313 0.025000
0 0.195312 0.252778 0.020313 0.036111
0 0.908984 0.713889 0.027344 0.038889
0 0.184766 0.135417 0.025781 0.037500
0 0.875391 0.429167 0.014844 0.038889
0 0.901563 0.236806 0.023438 0.045833
0 0.381250 0.076389 0.028125 0.027778
0 0.576172 0.960417 0.021094 0.029167
0 0.059375 0.436806 0.026562 0.029167
0 0.914062 0.344444 0.023438 0.050000
0 0.848047 0.506250 0.014844 0.048611
0 0.423438 0.434722 0.015625 0.030556
0 0.319922 0.466667 0.024219 0.036111
0 0.214453 0.938889 0.019531 0.033333
0 0.696484 0.081250 0.019531 0.026389
0 0.034766 0.713194 0.017969 0.034722
0 0.930469 0.075694 0.023438 0.043056
0 0.950000 0.233333 0.018750 0.047222
0 0.148047 0.109722 0.024219 0.027778
0 0.644531 0.810417 0.020313 0.040278
0 0.600000 0.081944 0.028125 0.030556
0 0.403125 0.967361 0.017188 0.029167
0 0.418750 0.916667 0.020313 0.041667
0 0.202344 0.327778 0.018750 0.047222
0 0.885938 0.900000 0.017188 0.047222
0 0.227344 0.476389 0.018750 0.036111
0 0.043750 0.575694 0.023438 0.034722
0 0.029297 0.656250 0.019531 0.045833
0 0.812891 0.941667 0.027344 0.030556
0 0.548438 0.102083 0.018750 0.037500
0 0.550781 0.890972 0.021875 0.040278
0 0.817578 0.051389 0.014844 0.036111
0 0.107422 0.918056 0.016406 0.027778
0 0.971094 0.859722 0.020313 0.041667
0 0.514062 0.875000 0.015625 0.027778
0 0.037109 0.182639 0.025781 0.048611
0 0.111719 0.447917 0.023438 0.043056
0 0.971875 0.691667 0.017188 0.047222
0 0.737109 0.425000 0.017969 0.027778
0 0.460156 0.797222 0.018750 0.036111
0 0.192188 0.418750 0.025000 0.034722
0 0.258984 0.543750 0.021094 0.034722
0 0.633984 0.935417 0.021094 0.037500
0 0.386328 0.038889 0.025781 0.027778
0 0.384766 0.458333 0.016406 0.050000
0 0.258984 0.775694 0.019531 0.026389
0 0.842969 0.562500 0.017188 0.027778
0 0.564453 0.054861 0.021094 0.043056
0 0.427344 0.688194 0.018750 0.031944
0 0.230469 0.655556 0.026562 0.036111
0 0.424609 0.091667 0.022656 0.030556
0 0.423438 0.041667 0.017188 0.036111
0 0.053906 0.118056 0.015625 0.038889
0 0.525391 0.043056 0.017969 0.025000
0 0.468750 0.902778 0.021875 0.050000
0 0.958984 0.081944 0.021094 0.030556
0 0.183594 0.074306 0.028125 0.048611
0 0.271094 0.731250 0.021875 0.031944
0 0.178906 0.941667 0.015625 0.033333
0 0.414453 0.520139 0.025781 0.043056
0 0.583984 0.917361 0.025781 0.034722
0 0.880469 0.121528 0.015625 0.037500
0 0.270313 0.954167 0.015625 0.038889
0 0.391016 0.897917 0.019531 0.048611
0 0.919141 0.560417 0.017969 0.043056
0 0.745313 0.475000 0.018750 0.027778
0 0.812109 0.556944 0.016406 0.036111
0 0.258984 0.095139 0.021094 0.034722
0 0.475000 0.118056 0.014063 0.030556
0 0.912500 0.770833 0.020313 0.027778
0 0.858984 0.075000 0.016406 0.044444
0 0.497656 0.839583 0.028125 0.026389
0 0.315234 0.958333 0.017969 0.036111
0 0.071875 0.063889 0.014063 0.050000
0 0.205469 0.181944 0.015625 0.044444
0 0.091406 0.868750 0.020313 0.045833
0 0.980859 0.238889 0.017969 0.027778
0 0.907813 0.488194 0.015625 0.037500
0 0.784766 0.113194 0.017969 0.034722
0 0.778906 0.484028 0.021875 0.026389
0 0.977734 0.406250 0.022656 0.045833
0 0.815234 0.110417 0.024219 0.034722
0 0.975000 0.144444 0.020313 0.025000
0 0.725000 0.097917 0.017188 0.029167
0 0.171484 0.334722 0.027344 0.033333
0 0.096484 0.765972 0.022656 0.037500
0 0.298047 0.912500 0.019531 0.038889
0 0.942578 0.612500 0.019531 0.033333
0 0.152344 0.433333 0.017188 0.030556
0 0.700391 0.492361 0.022656 0.034722
0 0.022266 0.086806 0.021094 0.031944
0 0.666016 0.934722 0.027344 0.050000
0 0.476172 0.048611 0.017969 0.036111
0 0.226562 0.327083 0.023438 0.026389
0 0.617188 0.807639 0.015625 0.029167
1 0.787109 0.750000 0.117969 0.280556
1 0.664453 0.635417 0.099219 0.220833
1 0.787109 0.268056 0.164844 0.222222
1 0.346484 0.298611 0.128906 0.200000
1 0.542578 0.558333 0.111719 0.250000
1 0.343750 0.639583 0.101562 0.254167
1 0.085547 0.312500 0.117969 0.191667
1 0.183203 0.809028 0.119531 0.193056
1 0.128516 0.586806 0.117969 0.195833
1 0.504687 0.265972 0.146875 0.240278