0 0.282227 0.351562 0.037109 0.054688
0 0.111328 0.897461 0.054688 0.037109
0 0.462891 0.607422 0.046875 0.042969
0 0.302734 0.690430 0.031250 0.048828
0 0.470703 0.310547 0.050781 0.031250
0 0.068359 0.314453 0.039062 0.046875
0 0.889648 0.074219 0.048828 0.054688
0 0.419922 0.808594 0.054688 0.035156
0 0.061523 0.634766 0.041016 0.039062
0 0.169922 0.785156 0.039062 0.054688
0 0.892578 0.477539 0.054688 0.056641
0 0.415039 0.035156 0.048828 0.031250
0 0.910156 0.226562 0.031250 0.042969
0 0.563477 0.470703 0.037109 0.035156
0 0.099609 0.763672 0.035156 0.054688
0 0.443359 0.232422 0.046875 0.054688
0 0.057617 0.690430 0.052734 0.037109
0 0.101562 0.444336 0.050781 0.041016
0 0.676758 0.745117 0.033203 0.044922
0 0.107422 0.389648 0.035156 0.044922
0 0.400391 0.431641 0.050781 0.042969
0 0.407227 0.580078 0.041016 0.035156
0 0.309570 0.058594 0.048828 0.050781
0 0.179688 0.669922 0.046875 0.039062
0 0.051758 0.893555 0.033203 0.033203
0 0.868164 0.161133 0.033203 0.041016
0 0.712891 0.812500 0.050781 0.039062
0 0.278320 0.751953 0.037109 0.031250
0 0.399414 0.691406 0.041016 0.035156
0 0.345703 0.378906 0.039062 0.050781
0 0.843750 0.606445 0.035156 0.033203
0 0.357422 0.313477 0.042969 0.041016
0 0.836914 0.667969 0.048828 0.054688
0 0.904297 0.314453 0.050781 0.054688
0 0.962891 0.316406 0.031250 0.046875
0 0.335938 0.775391 0.035156 0.050781
0 0.909180 0.416016 0.052734 0.039062
0 0.404297 0.512695 0.042969 0.041016
0 0.540039 0.250977 0.056641 0.044922
0 0.136719 0.530273 0.042969 0.041016
0 0.491211 0.080078 0.056641 0.042969
0 0.928711 0.594727 0.052734 0.056641
0 0.473633 0.426758 0.048828 0.037109
1 0.645508 0.601562 0.259766 0.148438
1 0.714844 0.421875 0.250000 0.156250
1 0.321289 0.182617 0.154297 0.173828
1 0.551758 0.838867 0.193359 0.212891
1 0.255859 0.537109 0.171875 0.203125
1 0.707031 0.166016 0.261719 0.242188
1 0.289062 0.904297 0.175781 0.152344
1 0.853516 0.839844 0.191406 0.257812
1 0.120117 0.177734 0.181641 0.207031