0 0.175000 0.208333 0.015625 0.036111
0 0.670312 0.637500 0.021875 0.036111
0 0.369141 0.800694 0.016406 0.029167
0 0.948047 0.102778 0.027344 0.027778
0 0.658984 0.068750 0.021094 0.037500
0 0.173437 0.436806 0.015625 0.040278
0 0.048047 0.633333 0.024219 0.041667
0 0.469531 0.845833 0.017188 0.044444
0 0.605078 0.547917 0.016406 0.048611
0 0.329297 0.918056 0.024219 0.044444
0 0.294141 0.705556 0.017969 0.033333
0 0.745703 0.596528 0.024219 0.034722
0 0.321484 0.189583 0.017969 0.040278
0 0.420703 0.545833 0.019531 0.050000
0 0.685547 0.299306 0.016406 0.040278
0 0.975000 0.806250 0.026562 0.034722
0 0.300781 0.865972 0.014063 0.026389
0 0.263281 0.176389 0.026562 0.030556
0 0.077734 0.609722 0.019531 0.050000
0 0.973828 0.079861 0.016406 0.031944
0 0.377734 0.709028 0.017969 0.029167
0 0.401562 0.430556 0.017188 0.038889
0 0.287500 0.362500 0.028125 0.047222
0 0.167187 0.346528 0.018750 0.048611
0 0.414062 0.165972 0.025000 0.045833
0 0.464844 0.779861 0.025000 0.034722
0 0.223438 0.061806 0.020313 0.037500
0 0.172656 0.558333 0.018750 0.030556
0 0.100000 0.885417 0.021875 0.031944
0 0.400781 0.070833 0.017188 0.033333
0 0.508594 0.946528 0.025000 0.031944
0 0.707422 0.100000 0.025781 0.038889
0 0.644531 0.680556 0.020313 0.047222
0 0.317578 0.609028 0.024219 0.031944
0 0.480469 0.051389 0.018750 0.038889
0 0.172266 0.267361 0.016406 0.037500
0 0.330469 0.109722 0.021875 0.047222
0 0.204297 0.210417 0.025781 0.031944
0 0.072656 0.952778 0.020313 0.044444
0 0.237109 0.336806 0.021094 0.029167
0 0.096875 0.521528 0.025000 0.043056
0 0.136719 0.847917 0.015625 0.048611
0 0.360547 0.275694 0.024219 0.031944
0 0.251563 0.444444 0.023438 0.033333
0 0.950391 0.252083 0.021094 0.040278
0 0.383203 0.563889 0.021094 0.047222
0 0.310937 0.052778 0.017188 0.025000
0 0.604297 0.921528 0.017969 0.034722
0 0.309375 0.430556 0.014063 0.025000
0 0.870313 0.551389 0.017188 0.047222
0 0.960547 0.733333 0.021094 0.047222
0 0.275391 0.592361 0.027344 0.045833
0 0.025000 0.536111 0.025000 0.047222
0 0.438281 0.441667 0.021875 0.030556
0 0.093750 0.454167 0.015625 0.027778
0 0.144141 0.563194 0.021094 0.045833
0 0.270313 0.233333 0.020313 0.038889
0 0.102344 0.368750 0.014063 0.040278
0 0.900781 0.078472 0.017188 0.029167
0 0.592578 0.078472 0.024219 0.043056
0 0.370312 0.923611 0.020313 0.047222
0 0.625000 0.057639 0.023438 0.034722
0 0.438281 0.100694 0.014063 0.048611
0 0.926562 0.970833 0.014063 0.025000
0 0.297656 0.125694 0.023438 0.045833
0 0.741406 0.800000 0.014063 0.047222
0 0.923828 0.515278 0.022656 0.033333
0 0.745703 0.926389 0.016406 0.030556
0 0.184375 0.053472 0.026562 0.029167
0 0.973047 0.548611 0.021094 0.041667
0 0.537500 0.086806 0.025000 0.037500
0 0.344531 0.779167 0.020313 0.030556
0 0.492578 0.847222 0.016406 0.027778
0 0.116016 0.704167 0.022656 0.038889
0 0.701172 0.947917 0.021094 0.037500
0 0.446094 0.858333 0.023438 0.036111
0 0.651953 0.130556 0.014844 0.038889
0 0.714844 0.229861 0.014063 0.034722
0 0.613281 0.625000 0.020313 0.033333
0 0.217188 0.620139 0.017188 0.026389
0 0.093359 0.779861 0.014844 0.048611
0 0.320703 0.284028 0.021094 0.031944
0 0.885547 0.961806 0.021094 0.037500
0 0.052734 0.552778 0.017969 0.038889
0 0.513281 0.809722 0.017188 0.027778
0 0.656250 0.204167 0.025000 0.030556
0 0.442578 0.561806 0.014844 0.043056
0 0.911719 0.839583 0.025000 0.031944
0 0.925391 0.182639 0.019531 0.045833
0 0.244531 0.244444 0.025000 0.025000
0 0.466797 0.718056 0.025781 0.047222
0 0.189844 0.100694 0.021875 0.031944
0 0.143359 0.464583 0.014844 0.034722
0 0.052734 0.734028 0.019531 0.037500
0 0.917578 0.114583 0.025781 0.031944
0 0.423828 0.365278 0.024219 0.025000
0 0.357031 0.550000 0.021875 0.036111
0 0.774219 0.814583 0.015625 0.045833
0 0.840234 0.568750 0.024219 0.026389
0 0.433984 0.297917 0.021094 0.026389
0 0.790625 0.915972 0.026562 0.037500
0 0.325781 0.381250 0.021875 0.043056
0 0.450781 0.400694 0.020313 0.029167
0 0.311719 0.565278 0.020313 0.025000
0 0.034766 0.961806 0.025781 0.037500
0 0.227344 0.962500 0.025000 0.038889
0 0.383203 0.494444 0.017969 0.047222
1 0.720703 0.447917 0.167969 0.190278
1 0.524609 0.569444 0.132031 0.216667
1 0.103125 0.188889 0.104688 0.236111
1 0.204297 0.800694 0.099219 0.265278
1 0.871484 0.730556 0.100781 0.166667
1 0.897656 0.374306 0.145313 0.187500
1 0.638281 0.800694 0.167187 0.173611