0 0.972656 0.651389 0.018750 0.025000
0 0.261328 0.612500 0.025781 0.033333
0 0.332031 0.560417 0.017188 0.045833
0 0.691797 0.488889 0.019531 0.033333
0 0.453516 0.956250 0.022656 0.048611
0 0.970703 0.531250 0.019531 0.031944
0 0.702344 0.631944 0.028125 0.041667
0 0.051953 0.663194 0.016406 0.031944
0 0.068359 0.329861 0.017969 0.040278
0 0.643750 0.576389 0.028125 0.044444
0 0.449219 0.418750 0.028125 0.034722
0 0.204687 0.331250 0.017188 0.037500
0 0.814844 0.379167 0.015625 0.025000
0 0.890625 0.343750 0.023438 0.040278
0 0.315234 0.918056 0.014844 0.041667
0 0.813672 0.327778 0.019531 0.025000
0 0.421484 0.546528 0.014844 0.045833
0 0.458594 0.343056 0.018750 0.038889
0 0.039453 0.168750 0.019531 0.037500
0 0.139844 0.354861 0.026562 0.037500
0 0.946484 0.916667 0.024219 0.025000
0 0.020703 0.918056 0.022656 0.038889
0 0.406250 0.147222 0.026562 0.027778
0 0.500781 0.064583 0.015625 0.034722
0 0.531250 0.084028 0.026562 0.040278
0 0.396094 0.046528 0.025000 0.045833
0 0.640625 0.240278 0.018750 0.047222
0 0.127344 0.225694 0.025000 0.026389
0 0.572266 0.506944 0.021094 0.030556
0 0.466797 0.475000 0.016406 0.041667
0 0.157812 0.081944 0.014063 0.027778
0 0.044922 0.709028 0.027344 0.040278
0 0.463281 0.601389 0.028125 0.047222
0 0.944922 0.578472 0.022656 0.048611
0 0.458203 0.180556 0.027344 0.025000
0 0.851172 0.429861 0.014844 0.026389
0 0.410938 0.104861 0.025000 0.031944
0 0.095312 0.419444 0.014063 0.036111
0 0.166016 0.245139 0.027344 0.026389
0 0.572656 0.468056 0.021875 0.030556
0 0.353906 0.959722 0.025000 0.027778
0 0.916797 0.629167 0.019531 0.027778
0 0.977344 0.720139 0.020313 0.031944
0 0.253906 0.048611 0.026562 0.030556
0 0.751172 0.068750 0.022656 0.031944
0 0.892578 0.277778 0.027344 0.030556
0 0.111328 0.154861 0.022656 0.043056
0 0.091406 0.509028 0.026562 0.048611
0 0.073047 0.578472 0.014844 0.034722
0 0.710938 0.075000 0.015625 0.025000
0 0.975781 0.864583 0.014063 0.031944
0 0.096094 0.359722 0.021875 0.038889
0 0.117188 0.902778 0.017188 0.038889
0 0.973828 0.294444 0.022656 0.030556
0 0.492969 0.929167 0.021875 0.027778
0 0.742578 0.855556 0.024219 0.036111
0 0.853906 0.463194 0.020313 0.026389
0 0.380859 0.206944 0.021094 0.030556
0 0.020703 0.288194 0.017969 0.048611
0 0.894922 0.383333 0.017969 0.025000
0 0.156250 0.418056 0.017188 0.041667
0 0.971875 0.484028 0.015625 0.026389
0 0.756641 0.125000 0.022656 0.050000
0 0.606641 0.065972 0.014844 0.037500
0 0.951562 0.822917 0.026562 0.048611
0 0.360547 0.069444 0.019531 0.041667
0 0.040234 0.770139 0.016406 0.037500
0 0.481641 0.426389 0.025781 0.025000
0 0.657422 0.050000 0.027344 0.041667
0 0.711328 0.561111 0.022656 0.050000
0 0.110937 0.690972 0.025000 0.048611
0 0.787109 0.059028 0.024219 0.048611
0 0.960156 0.402778 0.020313 0.030556
0 0.688281 0.076389 0.021875 0.036111
0 0.394922 0.921528 0.027344 0.026389
0 0.460547 0.230556 0.019531 0.041667
0 0.394922 0.260417 0.025781 0.037500
0 0.058984 0.845833 0.014844 0.044444
0 0.941406 0.306250 0.017188 0.029167
0 0.662500 0.515278 0.025000 0.033333
0 0.351562 0.548611 0.014063 0.033333
0 0.170703 0.150694 0.022656 0.034722
0 0.141016 0.150000 0.019531 0.027778
0 0.783594 0.456250 0.025000 0.026389
0 0.256641 0.506250 0.021094 0.048611
0 0.647266 0.117361 0.022656 0.037500
0 0.521094 0.479167 0.025000 0.025000
1 0.221094 0.798611 0.145313 0.261111
1 0.812500 0.609028 0.159375 0.234722
1 0.175781 0.555556 0.114062 0.169444
1 0.340625 0.403472 0.115625 0.193056
1 0.557813 0.299306 0.100000 0.256944
1 0.714453 0.312500 0.103906 0.286111
1 0.594141 0.729167 0.121094 0.175000
1 0.445703 0.768750 0.103906 0.223611
1 0.275781 0.193056 0.160938 0.175000
1 0.891016 0.147917 0.114844 0.176389