0 0.035156 0.426758 0.039062 0.033203
0 0.053711 0.743164 0.037109 0.037109
0 0.893555 0.910156 0.037109 0.046875
0 0.432617 0.940430 0.052734 0.037109
0 0.033203 0.534180 0.031250 0.044922
0 0.657227 0.642578 0.044922 0.050781
0 0.668945 0.106445 0.037109 0.041016
0 0.273438 0.707031 0.054688 0.039062
0 0.720703 0.617188 0.046875 0.039062
0 0.850586 0.070312 0.048828 0.039062
0 0.833008 0.580078 0.041016 0.042969
0 0.952148 0.166016 0.033203 0.058594
0 0.373047 0.564453 0.050781 0.042969
0 0.239258 0.594727 0.041016 0.041016
0 0.444336 0.136719 0.048828 0.050781
0 0.459961 0.536133 0.041016 0.044922
0 0.718750 0.966797 0.039062 0.031250
0 0.144531 0.577148 0.058594 0.037109
0 0.599609 0.061523 0.050781 0.033203
0 0.442383 0.055664 0.044922 0.052734
0 0.799805 0.146484 0.041016 0.035156
0 0.435547 0.682617 0.046875 0.033203
0 0.044922 0.621094 0.039062 0.050781
0 0.864258 0.535156 0.037109 0.031250
0 0.413086 0.376953 0.037109 0.031250
0 0.050781 0.933594 0.050781 0.031250
0 0.637695 0.926758 0.056641 0.052734
0 0.443359 0.209961 0.042969 0.048828
0 0.507812 0.640625 0.054688 0.046875
0 0.268555 0.057617 0.048828 0.037109
0 0.208008 0.672852 0.056641 0.056641
0 0.908203 0.597656 0.046875 0.050781
0 0.861328 0.187500 0.035156 0.054688
0 0.786133 0.243164 0.037109 0.037109
0 0.377930 0.155273 0.033203 0.037109
0 0.450195 0.765625 0.033203 0.046875
0 0.531250 0.109375 0.046875 0.050781
0 0.344727 0.632812 0.044922 0.042969
0 0.393555 0.322266 0.056641 0.031250
0 0.695312 0.447266 0.039062 0.035156
1 0.208984 0.425781 0.250000 0.207031
1 0.145508 0.185547 0.228516 0.187500
1 0.583008 0.474609 0.166016 0.261719
1 0.613281 0.224609 0.246094 0.144531
1 0.866211 0.730469 0.154297 0.164062
1 0.630859 0.791016 0.210938 0.187500
1 0.253906 0.856445 0.261719 0.197266
1 0.849609 0.382812 0.179688 0.222656