0 0.436328 0.941667 0.016406 0.036111
0 0.331641 0.336806 0.022656 0.043056
0 0.258984 0.308333 0.014844 0.036111
0 0.914844 0.941667 0.026562 0.027778
0 0.945312 0.207639 0.021875 0.031944
0 0.737891 0.668056 0.014844 0.033333
0 0.645312 0.649306 0.018750 0.043056
0 0.455469 0.882639 0.015625 0.034722
0 0.764453 0.933333 0.024219 0.038889
0 0.196484 0.265278 0.021094 0.044444
0 0.317188 0.220833 0.015625 0.025000
0 0.600781 0.615278 0.015625 0.027778
0 0.887891 0.081250 0.016406 0.031944
0 0.400000 0.745139 0.028125 0.029167
0 0.122266 0.831250 0.021094 0.040278
0 0.373437 0.950694 0.017188 0.045833
0 0.032031 0.467361 0.023438 0.037500
0 0.128906 0.241667 0.026562 0.030556
0 0.114453 0.085417 0.027344 0.037500
0 0.075781 0.130556 0.021875 0.036111
0 0.519531 0.138194 0.015625 0.045833
0 0.743359 0.559028 0.022656 0.048611
0 0.223047 0.181944 0.022656 0.041667
0 0.219922 0.086111 0.027344 0.044444
0 0.279297 0.203472 0.014844 0.026389
0 0.595313 0.807639 0.015625 0.040278
0 0.883984 0.938194 0.017969 0.037500
0 0.544531 0.145833 0.025000 0.033333
0 0.508984 0.552778 0.014844 0.033333
0 0.451172 0.175000 0.025781 0.044444
0 0.478125 0.188194 0.018750 0.048611
0 0.979297 0.060417 0.016406 0.029167
0 0.071484 0.721528 0.027344 0.043056
0 0.018750 0.543750 0.018750 0.045833
0 0.384766 0.228472 0.019531 0.029167
0 0.679297 0.327778 0.027344 0.025000
0 0.490625 0.475000 0.017188 0.027778
0 0.485156 0.329167 0.025000 0.036111
0 0.486719 0.643056 0.015625 0.047222
0 0.700391 0.625000 0.017969 0.036111
0 0.170703 0.125694 0.024219 0.048611
0 0.353516 0.095833 0.017969 0.050000
0 0.948438 0.958333 0.015625 0.033333
0 0.530859 0.886111 0.027344 0.038889
0 0.338281 0.272917 0.023438 0.040278
0 0.969531 0.384028 0.026562 0.031944
0 0.605859 0.077083 0.016406 0.045833
0 0.126172 0.194444 0.019531 0.038889
0 0.387109 0.350694 0.021094 0.026389
0 0.539453 0.280556 0.027344 0.036111
0 0.094922 0.215972 0.027344 0.026389
0 0.502734 0.046528 0.027344 0.040278
0 0.151172 0.313194 0.016406 0.031944
0 0.351953 0.218056 0.024219 0.027778
0 0.053906 0.884722 0.015625 0.036111
0 0.579297 0.943056 0.014844 0.041667
0 0.439453 0.783333 0.027344 0.025000
0 0.512891 0.351389 0.019531 0.044444
0 0.519531 0.754167 0.018750 0.036111
0 0.358984 0.152778 0.014844 0.041667
0 0.393750 0.140972 0.020313 0.040278
0 0.872656 0.518750 0.014063 0.037500
0 0.232422 0.328472 0.024219 0.048611
0 0.106641 0.716667 0.019531 0.030556
0 0.017188 0.286806 0.014063 0.029167
0 0.194531 0.188889 0.015625 0.033333
0 0.680469 0.287500 0.021875 0.033333
0 0.430078 0.263889 0.024219 0.027778
0 0.742969 0.143750 0.014063 0.040278
0 0.457031 0.296528 0.023438 0.034722
0 0.455469 0.700000 0.025000 0.050000
0 0.659375 0.559028 0.021875 0.026389
0 0.975391 0.465278 0.024219 0.025000
0 0.803516 0.543056 0.016406 0.050000
0 0.543359 0.818750 0.017969 0.031944
0 0.405469 0.313889 0.023438 0.033333
0 0.333594 0.151389 0.017188 0.050000
0 0.560547 0.062500 0.024219 0.050000
0 0.273438 0.076389 0.014063 0.044444
0 0.030859 0.692361 0.024219 0.031944
0 0.946875 0.905556 0.028125 0.050000
0 0.081641 0.651389 0.021094 0.027778
0 0.039844 0.155556 0.020313 0.027778
0 0.858594 0.909028 0.025000 0.048611
0 0.820703 0.954167 0.022656 0.050000
1 0.683203 0.827778 0.127344 0.252778
1 0.337109 0.520833 0.171094 0.263889
1 0.131641 0.465972 0.130469 0.190278
1 0.904687 0.690972 0.112500 0.287500
1 0.778516 0.331250 0.094531 0.270833
1 0.592969 0.454861 0.096875 0.262500
1 0.223047 0.827778 0.155469 0.233333