0 0.699219 0.597656 0.054688 0.042969
0 0.506836 0.631836 0.048828 0.044922
0 0.199219 0.951172 0.039062 0.039062
0 0.058594 0.462891 0.050781 0.042969
0 0.272461 0.960938 0.044922 0.031250
0 0.889648 0.512695 0.041016 0.041016
0 0.906250 0.954102 0.035156 0.052734
0 0.756836 0.858398 0.037109 0.044922
0 0.234375 0.894531 0.054688 0.050781
0 0.188477 0.535156 0.044922 0.039062
0 0.042969 0.145508 0.050781 0.044922
0 0.516602 0.778320 0.048828 0.037109
0 0.131836 0.090820 0.037109 0.044922
0 0.163086 0.894531 0.037109 0.031250
0 0.548828 0.941406 0.054688 0.050781
0 0.577148 0.837891 0.041016 0.042969
0 0.596680 0.041016 0.033203 0.039062
0 0.388672 0.563477 0.046875 0.056641
0 0.099609 0.395508 0.054688 0.044922
0 0.213867 0.795898 0.033203 0.041016
0 0.428711 0.930664 0.037109 0.052734
0 0.583008 0.509766 0.052734 0.042969
0 0.470703 0.041016 0.058594 0.035156
0 0.284180 0.520508 0.041016 0.044922
0 0.355469 0.691406 0.054688 0.042969
0 0.253906 0.209961 0.054688 0.041016
0 0.684570 0.273438 0.052734 0.054688
0 0.968750 0.468750 0.031250 0.046875
0 0.523438 0.451172 0.058594 0.054688
0 0.544922 0.719727 0.058594 0.052734
0 0.880859 0.886719 0.039062 0.035156
0 0.437500 0.479492 0.039062 0.056641
0 0.097656 0.260742 0.035156 0.041016
0 0.037109 0.253906 0.039062 0.058594
0 0.666016 0.144531 0.039062 0.035156
0 0.193359 0.033203 0.046875 0.031250
0 0.368164 0.754883 0.037109 0.052734
0 0.921875 0.611328 0.046875 0.031250
0 0.338867 0.966797 0.048828 0.035156
0 0.055664 0.775391 0.056641 0.031250
0 0.882812 0.422852 0.031250 0.052734
0 0.649414 0.908203 0.033203 0.054688
0 0.440430 0.695312 0.033203 0.031250
1 0.219727 0.636719 0.197266 0.140625
1 0.268555 0.395508 0.251953 0.185547
1 0.507812 0.218750 0.152344 0.273438
1 0.714844 0.475586 0.179688 0.142578
1 0.851562 0.261719 0.250000 0.207031
1 0.767578 0.728516 0.261719 0.187500