0 0.618164 0.868164 0.044922 0.048828
0 0.672852 0.510742 0.037109 0.033203
0 0.853516 0.363281 0.039062 0.050781
0 0.445312 0.358398 0.042969 0.037109
0 0.217773 0.927734 0.048828 0.054688
0 0.670898 0.850586 0.041016 0.044922
0 0.429688 0.572266 0.031250 0.031250
0 0.224609 0.076172 0.054688 0.054688
0 0.555664 0.875000 0.041016 0.035156
0 0.946289 0.147461 0.041016 0.048828
0 0.349609 0.275391 0.031250 0.050781
0 0.471680 0.918945 0.044922 0.044922
0 0.083984 0.629883 0.042969 0.041016
0 0.885742 0.157227 0.052734 0.033203
0 0.068359 0.572266 0.046875 0.058594
0 0.326172 0.460938 0.035156 0.050781
0 0.201172 0.382812 0.050781 0.031250
0 0.859375 0.100586 0.054688 0.041016
0 0.075195 0.433594 0.056641 0.050781
0 0.876953 0.434570 0.058594 0.041016
0 0.436523 0.496094 0.041016 0.035156
0 0.883789 0.267578 0.041016 0.039062
0 0.701172 0.921875 0.058594 0.042969
0 0.339844 0.174805 0.054688 0.041016
0 0.502930 0.854492 0.041016 0.044922
0 0.875977 0.945312 0.052734 0.050781
0 0.438477 0.404297 0.048828 0.035156
0 0.663086 0.106445 0.033203 0.044922
0 0.159180 0.035156 0.044922 0.035156
0 0.040039 0.284180 0.041016 0.037109
0 0.339844 0.526367 0.035156 0.044922
0 0.103516 0.068359 0.046875 0.046875
0 0.622070 0.435547 0.052734 0.035156
0 0.056641 0.375977 0.058594 0.033203
0 0.097656 0.943359 0.046875 0.054688
0 0.219727 0.780273 0.044922 0.037109
0 0.647461 0.035156 0.044922 0.039062
0 0.342773 0.344727 0.037109 0.048828
0 0.907227 0.320312 0.037109 0.035156
0 0.236328 0.688477 0.035156 0.033203
0 0.501953 0.424805 0.039062 0.048828
1 0.205078 0.538086 0.136719 0.251953
1 0.717773 0.294922 0.212891 0.226562
1 0.860352 0.819336 0.142578 0.166016
1 0.592773 0.669922 0.271484 0.269531
1 0.480469 0.208984 0.191406 0.203125
1 0.194336 0.234375 0.201172 0.230469
1 0.875977 0.593750 0.216797 0.218750
1 0.110352 0.791992 0.158203 0.181641
1 0.338867 0.823242 0.150391 0.271484