0 0.397461 0.953125 0.041016 0.050781
0 0.910156 0.180664 0.039062 0.048828
0 0.290039 0.947266 0.041016 0.042969
0 0.587891 0.727539 0.042969 0.052734
0 0.448242 0.893555 0.041016 0.033203
0 0.632812 0.089844 0.031250 0.035156
0 0.621094 0.637695 0.031250 0.037109
0 0.889648 0.370117 0.056641 0.052734
0 0.478516 0.807617 0.054688 0.044922
0 0.179688 0.071289 0.050781 0.044922
0 0.194336 0.874023 0.033203 0.041016
0 0.936523 0.623047 0.052734 0.035156
0 0.536133 0.510742 0.044922 0.052734
0 0.040039 0.066406 0.037109 0.035156
0 0.900391 0.086914 0.042969 0.037109
0 0.260742 0.045898 0.033203 0.048828
0 0.271484 0.727539 0.058594 0.041016
0 0.092773 0.495117 0.041016 0.056641
0 0.799805 0.895508 0.048828 0.037109
0 0.523438 0.948242 0.046875 0.052734
0 0.320312 0.394531 0.035156 0.042969
0 0.943359 0.887695 0.058594 0.044922
0 0.221680 0.925781 0.052734 0.031250
0 0.852539 0.878906 0.041016 0.039062
0 0.940430 0.514648 0.048828 0.056641
0 0.248047 0.162109 0.054688 0.054688
0 0.479492 0.429688 0.056641 0.046875
0 0.071289 0.580078 0.044922 0.035156
0 0.770508 0.068359 0.056641 0.054688
0 0.454102 0.685547 0.052734 0.031250
0 0.389648 0.767578 0.044922 0.054688
0 0.620117 0.570312 0.044922 0.054688
0 0.934570 0.429688 0.044922 0.042969
0 0.625000 0.882812 0.058594 0.054688
0 0.944336 0.737305 0.033203 0.041016
0 0.036133 0.890625 0.041016 0.035156
0 0.959961 0.817383 0.041016 0.052734
0 0.293945 0.828125 0.033203 0.031250
0 0.384766 0.845703 0.046875 0.054688
0 0.548828 0.416016 0.039062 0.054688
0 0.581055 0.786133 0.056641 0.033203
0 0.710938 0.961914 0.050781 0.044922
0 0.153320 0.894531 0.033203 0.050781
0 0.693359 0.461914 0.058594 0.037109
0 0.544922 0.095703 0.042969 0.046875
0 0.250977 0.809570 0.033203 0.052734
0 0.039062 0.150391 0.046875 0.031250
0 0.483398 0.553711 0.041016 0.056641
0 0.235352 0.266602 0.048828 0.056641
0 0.887695 0.306641 0.052734 0.046875
1 0.818359 0.544922 0.156250 0.238281
1 0.395508 0.213867 0.224609 0.267578
1 0.677734 0.241211 0.265625 0.177734
1 0.345703 0.551758 0.191406 0.208984
1 0.776367 0.777344 0.205078 0.140625
1 0.119141 0.300781 0.156250 0.253906
1 0.111328 0.691406 0.152344 0.171875