0 0.582031 0.146484 0.031250 0.058594
0 0.291016 0.515625 0.046875 0.042969
0 0.548828 0.911133 0.042969 0.048828
0 0.877930 0.527344 0.033203 0.054688
0 0.484375 0.875977 0.058594 0.052734
0 0.077148 0.634766 0.037109 0.054688
0 0.883789 0.878906 0.041016 0.039062
0 0.870117 0.833984 0.048828 0.035156
0 0.442383 0.045898 0.052734 0.033203
0 0.444336 0.610352 0.052734 0.052734
0 0.312500 0.839844 0.039062 0.050781
0 0.463867 0.792969 0.048828 0.058594
0 0.402344 0.177734 0.058594 0.031250
0 0.126953 0.927734 0.046875 0.050781
0 0.398438 0.927734 0.035156 0.031250
0 0.630859 0.911133 0.039062 0.044922
0 0.672852 0.075195 0.048828 0.037109
0 0.725586 0.704102 0.044922 0.044922
0 0.902344 0.778320 0.050781 0.037109
0 0.055664 0.359375 0.037109 0.054688
0 0.408203 0.438477 0.039062 0.044922
0 0.474609 0.184570 0.046875 0.044922
0 0.265625 0.391602 0.058594 0.056641
0 0.265625 0.896484 0.050781 0.035156
0 0.127930 0.362305 0.056641 0.044922
0 0.578125 0.290039 0.046875 0.052734
0 0.821289 0.932617 0.052734 0.041016
0 0.638672 0.737305 0.031250 0.033203
0 0.441406 0.709961 0.058594 0.044922
0 0.208008 0.953125 0.037109 0.042969
0 0.679688 0.153320 0.039062 0.048828
0 0.370117 0.104492 0.037109 0.033203
0 0.142578 0.516602 0.050781 0.044922
0 0.317383 0.913086 0.033203 0.044922
0 0.712891 0.778320 0.042969 0.037109
0 0.152344 0.854492 0.046875 0.052734
0 0.394531 0.373047 0.042969 0.046875
0 0.583008 0.208984 0.037109 0.031250
0 0.555664 0.623047 0.037109 0.050781
0 0.346680 0.964844 0.033203 0.035156
0 0.341797 0.427734 0.035156 0.039062
0 0.063477 0.841797 0.048828 0.050781
0 0.549805 0.742188 0.048828 0.035156
0 0.479492 0.422852 0.037109 0.056641
0 0.078125 0.050781 0.031250 0.046875
0 0.033203 0.539062 0.035156 0.039062
1 0.199219 0.188477 0.265625 0.208984
1 0.855469 0.663086 0.191406 0.169922
1 0.850586 0.383789 0.236328 0.154297
1 0.613281 0.467773 0.160156 0.228516
1 0.261719 0.675781 0.207031 0.234375
1 0.864258 0.146484 0.224609 0.234375