0 0.912109 0.045898 0.042969 0.041016
0 0.359375 0.079102 0.031250 0.041016
0 0.447266 0.048828 0.058594 0.054688
0 0.478516 0.743164 0.042969 0.041016
0 0.716797 0.881836 0.042969 0.056641
0 0.068359 0.504883 0.054688 0.033203
0 0.847656 0.875000 0.031250 0.031250
0 0.062500 0.390625 0.035156 0.046875
0 0.054688 0.662109 0.054688 0.039062
0 0.859375 0.485352 0.054688 0.037109
0 0.404297 0.889648 0.035156 0.048828
0 0.059570 0.100586 0.056641 0.041016
0 0.657227 0.840820 0.048828 0.037109
0 0.339844 0.819336 0.050781 0.037109
0 0.907227 0.858398 0.056641 0.033203
0 0.407227 0.712891 0.056641 0.035156
0 0.170898 0.393555 0.044922 0.056641
0 0.251953 0.053711 0.031250 0.048828
0 0.171875 0.038086 0.042969 0.044922
0 0.567383 0.828125 0.037109 0.046875
0 0.916992 0.685547 0.048828 0.035156
0 0.036133 0.555664 0.037109 0.048828
0 0.862305 0.596680 0.041016 0.056641
0 0.840820 0.747070 0.056641 0.044922
0 0.794922 0.097656 0.050781 0.035156
0 0.520508 0.887695 0.037109 0.044922
0 0.848633 0.677734 0.041016 0.035156
0 0.064453 0.046875 0.035156 0.046875
0 0.401367 0.498047 0.033203 0.039062
0 0.750000 0.954102 0.042969 0.033203
0 0.460938 0.625977 0.054688 0.041016
0 0.910156 0.920898 0.031250 0.044922
1 0.367188 0.276367 0.187500 0.259766
1 0.173828 0.208984 0.148438 0.238281
1 0.628906 0.407227 0.210938 0.255859
1 0.668945 0.681641 0.271484 0.230469
1 0.168945 0.823242 0.267578 0.259766
1 0.254883 0.553711 0.228516 0.185547
1 0.614258 0.141602 0.169922 0.193359
1 0.862305 0.340820 0.181641 0.236328