0 0.663281 0.565278 0.015625 0.025000
0 0.687500 0.048611 0.025000 0.050000
0 0.067578 0.929861 0.017969 0.045833
0 0.669922 0.827778 0.016406 0.025000
0 0.210938 0.319444 0.028125 0.044444
0 0.597656 0.759028 0.028125 0.029167
0 0.621875 0.263889 0.014063 0.044444
0 0.297656 0.893056 0.018750 0.027778
0 0.530078 0.343056 0.022656 0.030556
0 0.714844 0.236111 0.021875 0.033333
0 0.626563 0.931944 0.028125 0.050000
0 0.904297 0.963889 0.021094 0.033333
0 0.922266 0.783333 0.017969 0.030556
0 0.888672 0.802778 0.022656 0.025000
0 0.606641 0.840278 0.021094 0.030556
0 0.648438 0.758333 0.023438 0.025000
0 0.499609 0.145139 0.025781 0.045833
0 0.227734 0.663889 0.014844 0.036111
0 0.921484 0.538194 0.016406 0.043056
0 0.975781 0.515972 0.025000 0.045833
0 0.559375 0.338889 0.015625 0.027778
0 0.585547 0.048611 0.017969 0.030556
0 0.324219 0.240278 0.021875 0.033333
0 0.562109 0.268056 0.024219 0.030556
0 0.206250 0.953472 0.028125 0.034722
0 0.486328 0.433333 0.017969 0.027778
0 0.482812 0.257639 0.014063 0.043056
0 0.335547 0.873611 0.016406 0.036111
0 0.307812 0.175694 0.023438 0.034722
0 0.273438 0.043750 0.014063 0.026389
0 0.627734 0.181250 0.014844 0.037500
0 0.495312 0.838889 0.015625 0.044444
0 0.298828 0.074306 0.025781 0.037500
0 0.239453 0.750000 0.025781 0.047222
0 0.203516 0.149306 0.021094 0.037500
0 0.220312 0.857639 0.017188 0.034722
0 0.522266 0.900000 0.014844 0.050000
0 0.562891 0.831944 0.019531 0.027778
0 0.493750 0.477778 0.014063 0.041667
0 0.589844 0.119444 0.020313 0.041667
0 0.178516 0.340278 0.017969 0.050000
0 0.872266 0.602083 0.014844 0.031944
0 0.384375 0.261111 0.020313 0.036111
0 0.427344 0.545833 0.015625 0.033333
0 0.500391 0.611806 0.017969 0.031944
0 0.264062 0.845833 0.020313 0.050000
0 0.962109 0.072917 0.021094 0.040278
0 0.490234 0.078472 0.025781 0.034722
0 0.680469 0.115278 0.023438 0.047222
0 0.526172 0.075000 0.021094 0.050000
0 0.674609 0.662500 0.014844 0.025000
0 0.485938 0.349306 0.028125 0.026389
0 0.178125 0.899306 0.028125 0.031944
0 0.450391 0.110417 0.019531 0.026389
0 0.367969 0.885417 0.025000 0.040278
0 0.472656 0.672222 0.015625 0.047222
0 0.418750 0.127778 0.014063 0.027778
0 0.949609 0.213889 0.014844 0.025000
0 0.908594 0.139583 0.018750 0.040278
0 0.321484 0.934028 0.027344 0.034722
0 0.873437 0.697917 0.028125 0.048611
0 0.437891 0.059028 0.021094 0.034722
0 0.705078 0.650694 0.022656 0.029167
0 0.452344 0.560417 0.020313 0.037500
0 0.098047 0.906944 0.021094 0.038889
0 0.457031 0.772222 0.014063 0.033333
0 0.614453 0.081250 0.017969 0.037500
0 0.731250 0.313194 0.023438 0.048611
0 0.223438 0.061806 0.021875 0.034722
0 0.452734 0.905556 0.027344 0.033333
0 0.517969 0.287500 0.015625 0.036111
0 0.970313 0.282639 0.025000 0.037500
0 0.441406 0.470139 0.015625 0.040278
0 0.782422 0.038889 0.014844 0.044444
0 0.596875 0.212500 0.023438 0.033333
0 0.561328 0.122917 0.017969 0.037500
0 0.906250 0.057639 0.014063 0.031944
0 0.240625 0.390972 0.018750 0.043056
0 0.968359 0.588194 0.025781 0.040278
0 0.512891 0.729861 0.025781 0.043056
0 0.938281 0.421528 0.023438 0.037500
0 0.956641 0.902083 0.024219 0.043056
0 0.458203 0.855556 0.022656 0.038889
0 0.249219 0.279861 0.017188 0.048611
0 0.350391 0.133333 0.027344 0.027778
0 0.864453 0.876389 0.014844 0.025000
0 0.891406 0.618750 0.017188 0.045833
0 0.942578 0.568056 0.019531 0.030556
1 0.332813 0.429861 0.151562 0.206944
1 0.585156 0.543056 0.104688 0.261111
1 0.764844 0.513194 0.165625 0.223611
1 0.335938 0.699306 0.145313 0.206944
1 0.781250 0.802083 0.100000 0.265278
1 0.119922 0.524306 0.169531 0.218056
1 0.080078 0.223611 0.110156 0.275000
1 0.814453 0.169444 0.114844 0.169444
1 0.109766 0.765972 0.166406 0.201389