0 0.246094 0.329102 0.050781 0.044922
0 0.094727 0.803711 0.033203 0.048828
0 0.446289 0.473633 0.041016 0.041016
0 0.812500 0.743164 0.035156 0.044922
0 0.248047 0.078125 0.031250 0.046875
0 0.386719 0.117188 0.035156 0.039062
0 0.471680 0.311523 0.041016 0.033203
0 0.326172 0.327148 0.046875 0.052734
0 0.411133 0.236328 0.033203 0.039062
0 0.039062 0.257812 0.031250 0.054688
0 0.849609 0.076172 0.035156 0.050781
0 0.957031 0.280273 0.054688 0.041016
0 0.160156 0.203125 0.035156 0.039062
0 0.700195 0.778320 0.048828 0.037109
0 0.340820 0.197266 0.044922 0.035156
0 0.877930 0.267578 0.048828 0.046875
0 0.369141 0.849609 0.046875 0.035156
0 0.467773 0.535156 0.041016 0.039062
0 0.130859 0.265625 0.046875 0.031250
0 0.078125 0.106445 0.058594 0.052734
0 0.114258 0.497070 0.056641 0.052734
0 0.429688 0.367188 0.031250 0.046875
0 0.908203 0.343750 0.050781 0.050781
0 0.309570 0.518555 0.052734 0.037109
0 0.921875 0.174805 0.039062 0.044922
0 0.410156 0.556641 0.046875 0.035156
0 0.269531 0.915039 0.031250 0.044922
0 0.071289 0.867188 0.037109 0.050781
0 0.198242 0.260742 0.048828 0.056641
0 0.134766 0.920898 0.054688 0.041016
0 0.410156 0.651367 0.031250 0.044922
0 0.515625 0.104492 0.046875 0.037109
0 0.956055 0.842773 0.056641 0.048828
0 0.250977 0.208008 0.033203 0.033203
0 0.933594 0.425781 0.031250 0.058594
0 0.494141 0.667969 0.039062 0.042969
0 0.603516 0.934570 0.031250 0.052734
0 0.872070 0.198242 0.041016 0.056641
1 0.792969 0.901367 0.242188 0.150391
1 0.813477 0.522461 0.193359 0.271484
1 0.653320 0.259766 0.255859 0.195312
1 0.611328 0.523438 0.136719 0.261719
1 0.234375 0.672852 0.144531 0.166016
1 0.500000 0.841797 0.156250 0.171875