0 0.812500 0.079102 0.039062 0.033203
0 0.659180 0.775391 0.044922 0.050781
0 0.547852 0.059570 0.056641 0.044922
0 0.158203 0.465820 0.054688 0.033203
0 0.708984 0.941406 0.058594 0.035156
0 0.950195 0.129883 0.037109 0.037109
0 0.191406 0.120117 0.035156 0.041016
0 0.139648 0.043945 0.052734 0.052734
0 0.450195 0.432617 0.037109 0.041016
0 0.298828 0.088867 0.039062 0.037109
0 0.192383 0.548828 0.033203 0.046875
0 0.635742 0.680664 0.056641 0.033203
0 0.285156 0.139648 0.039062 0.041016
0 0.209961 0.250977 0.033203 0.041016
0 0.179688 0.166016 0.042969 0.031250
0 0.445312 0.070312 0.046875 0.050781
0 0.598633 0.790039 0.044922 0.056641
0 0.883789 0.597656 0.033203 0.046875
0 0.074219 0.066406 0.031250 0.054688
0 0.701172 0.864258 0.031250 0.048828
0 0.446289 0.367188 0.052734 0.054688
0 0.242188 0.801758 0.058594 0.033203
0 0.461914 0.528320 0.041016 0.037109
0 0.949219 0.050781 0.058594 0.035156
0 0.220703 0.456055 0.031250 0.033203
0 0.379883 0.426758 0.052734 0.037109
0 0.736328 0.675781 0.031250 0.039062
0 0.064453 0.190430 0.035156 0.044922
0 0.046875 0.552734 0.035156 0.046875
0 0.701172 0.107422 0.035156 0.042969
0 0.779297 0.630859 0.050781 0.035156
0 0.717773 0.593750 0.037109 0.050781
0 0.352539 0.329102 0.033203 0.052734
0 0.333008 0.222656 0.044922 0.050781
0 0.537109 0.355469 0.046875 0.039062
0 0.467773 0.630859 0.041016 0.050781
0 0.294922 0.946289 0.050781 0.048828
0 0.097656 0.624023 0.054688 0.037109
0 0.601562 0.354492 0.035156 0.052734
0 0.607422 0.407227 0.042969 0.033203
0 0.163086 0.609375 0.056641 0.042969
1 0.336914 0.543945 0.177734 0.138672
1 0.529297 0.236328 0.269531 0.167969
1 0.445312 0.831055 0.207031 0.216797
1 0.828125 0.875977 0.148438 0.205078
1 0.194336 0.354492 0.220703 0.138672
1 0.841797 0.478516 0.207031 0.156250
1 0.123047 0.860352 0.164062 0.185547
1 0.789062 0.247070 0.164062 0.166016
1 0.597656 0.522461 0.164062 0.173828