0 0.557813 0.180556 0.021875 0.027778
0 0.078906 0.236806 0.015625 0.045833
0 0.739453 0.336806 0.019531 0.029167
0 0.021484 0.291667 0.021094 0.047222
0 0.808203 0.345139 0.022656 0.031944
0 0.844141 0.928472 0.024219 0.045833
0 0.596094 0.121528 0.020313 0.045833
0 0.968750 0.933333 0.023438 0.036111
0 0.066016 0.802083 0.019531 0.037500
0 0.464453 0.663194 0.017969 0.037500
0 0.192578 0.172222 0.017969 0.030556
0 0.675391 0.138889 0.027344 0.033333
0 0.953906 0.386111 0.025000 0.050000
0 0.323828 0.944444 0.014844 0.044444
0 0.231641 0.643750 0.022656 0.029167
0 0.331641 0.319444 0.016406 0.033333
0 0.156641 0.844444 0.014844 0.025000
0 0.552344 0.824306 0.015625 0.040278
0 0.143359 0.107639 0.017969 0.029167
0 0.521875 0.447222 0.015625 0.033333
0 0.146875 0.762500 0.017188 0.030556
0 0.114844 0.614583 0.017188 0.045833
0 0.127734 0.222222 0.019531 0.047222
0 0.765625 0.827778 0.015625 0.036111
0 0.751563 0.878472 0.026562 0.029167
0 0.630078 0.125000 0.021094 0.038889
0 0.039844 0.627778 0.023438 0.044444
0 0.917578 0.509028 0.021094 0.045833
0 0.310547 0.209722 0.027344 0.025000
0 0.235156 0.076389 0.018750 0.038889
0 0.876172 0.870833 0.024219 0.030556
0 0.091406 0.125694 0.028125 0.037500
0 0.591016 0.062500 0.016406 0.036111
0 0.187109 0.594444 0.014844 0.030556
0 0.442969 0.551389 0.017188 0.050000
0 0.853906 0.059028 0.020313 0.029167
0 0.542188 0.123611 0.026562 0.041667
0 0.341016 0.698611 0.019531 0.036111
0 0.031641 0.711806 0.022656 0.026389
0 0.181250 0.063889 0.017188 0.030556
0 0.364063 0.670139 0.020313 0.037500
0 0.323437 0.153472 0.018750 0.040278
0 0.667188 0.544444 0.020313 0.047222
0 0.107422 0.045139 0.022656 0.048611
0 0.523828 0.379167 0.016406 0.038889
0 0.221875 0.594444 0.023438 0.030556
0 0.377734 0.162500 0.016406 0.033333
0 0.712109 0.619444 0.024219 0.033333
0 0.146094 0.534722 0.023438 0.036111
0 0.529687 0.759028 0.018750 0.029167
0 0.383203 0.109722 0.025781 0.047222
0 0.790234 0.241667 0.022656 0.030556
0 0.061328 0.167361 0.024219 0.048611
0 0.512891 0.652778 0.021094 0.036111
0 0.537891 0.596528 0.016406 0.043056
0 0.414453 0.071528 0.025781 0.034722
0 0.167578 0.713889 0.021094 0.030556
0 0.834766 0.313194 0.016406 0.045833
0 0.020703 0.954861 0.022656 0.040278
0 0.312891 0.360417 0.016406 0.029167
0 0.927734 0.909722 0.014844 0.038889
0 0.072656 0.852083 0.014063 0.043056
0 0.939063 0.097917 0.023438 0.037500
0 0.450781 0.070833 0.018750 0.044444
0 0.217578 0.904167 0.024219 0.047222
0 0.127344 0.308333 0.018750 0.027778
0 0.534766 0.938889 0.017969 0.027778
0 0.822656 0.103472 0.015625 0.045833
0 0.519531 0.299306 0.020313 0.031944
0 0.025781 0.150000 0.017188 0.025000
0 0.170313 0.156944 0.020313 0.047222
0 0.047656 0.092361 0.028125 0.026389
0 0.025000 0.819444 0.015625 0.033333
0 0.103906 0.379861 0.015625 0.043056
1 0.421094 0.372222 0.132812 0.175000
1 0.626172 0.320833 0.164844 0.230556
1 0.461719 0.804861 0.098437 0.226389
1 0.815234 0.562500 0.155469 0.291667
1 0.218750 0.344444 0.096875 0.225000
1 0.250391 0.768750 0.100781 0.176389
1 0.909766 0.231250 0.113281 0.206944