0 0.835938 0.605469 0.050781 0.039062
0 0.905273 0.787109 0.037109 0.039062
0 0.765625 0.916992 0.046875 0.044922
0 0.578125 0.650391 0.058594 0.035156
0 0.650391 0.938477 0.054688 0.052734
0 0.554688 0.767578 0.054688 0.050781
0 0.612305 0.164062 0.041016 0.050781
0 0.448242 0.498047 0.033203 0.054688
0 0.135742 0.921875 0.037109 0.042969
0 0.077148 0.893555 0.033203 0.048828
0 0.515625 0.450195 0.050781 0.037109
0 0.881836 0.362305 0.056641 0.052734
0 0.366211 0.567383 0.033203 0.056641
0 0.073242 0.416992 0.037109 0.048828
0 0.698242 0.076172 0.052734 0.031250
0 0.931641 0.626953 0.058594 0.031250
0 0.106445 0.500000 0.056641 0.031250
0 0.743164 0.559570 0.048828 0.033203
0 0.937500 0.710938 0.042969 0.058594
0 0.927734 0.045898 0.035156 0.033203
0 0.959961 0.250977 0.044922 0.056641
0 0.208008 0.917969 0.044922 0.050781
0 0.585938 0.264648 0.039062 0.056641
0 0.702148 0.233398 0.052734 0.044922
0 0.849609 0.774414 0.046875 0.037109
0 0.082031 0.801758 0.050781 0.033203
0 0.458008 0.318359 0.056641 0.046875
0 0.583984 0.033203 0.031250 0.031250
0 0.500977 0.632812 0.048828 0.046875
0 0.583008 0.931641 0.041016 0.039062
0 0.857422 0.671875 0.046875 0.058594
0 0.529297 0.340820 0.050781 0.052734
0 0.469727 0.385742 0.033203 0.033203
0 0.955078 0.407227 0.031250 0.052734
0 0.080078 0.038086 0.039062 0.037109
0 0.079102 0.744141 0.052734 0.050781
0 0.155273 0.387695 0.044922 0.048828
1 0.717773 0.748047 0.150391 0.257812
1 0.424805 0.170898 0.197266 0.166016
1 0.680664 0.454102 0.216797 0.150391
1 0.166992 0.597656 0.205078 0.140625
1 0.829102 0.194336 0.169922 0.248047
1 0.375977 0.795898 0.177734 0.208984
1 0.287109 0.399414 0.144531 0.138672
1 0.206055 0.170898 0.177734 0.166016