0 0.460156 0.693056 0.014063 0.036111
0 0.960156 0.345833 0.014063 0.047222
0 0.483984 0.888194 0.025781 0.037500
0 0.413281 0.716667 0.023438 0.033333
0 0.230078 0.523611 0.014844 0.030556
0 0.192188 0.421528 0.021875 0.045833
0 0.442188 0.078472 0.023438 0.048611
0 0.361719 0.828472 0.018750 0.029167
0 0.938281 0.095833 0.015625 0.050000
0 0.947266 0.452083 0.021094 0.040278
0 0.094922 0.872222 0.024219 0.027778
0 0.481641 0.805556 0.022656 0.038889
0 0.285547 0.095139 0.021094 0.045833
0 0.819531 0.084722 0.021875 0.038889
0 0.834766 0.568056 0.017969 0.044444
0 0.801953 0.695833 0.027344 0.047222
0 0.185547 0.313194 0.014844 0.048611
0 0.375000 0.943750 0.021875 0.040278
0 0.674219 0.285417 0.026562 0.031944
0 0.892969 0.650000 0.017188 0.033333
0 0.308594 0.941667 0.021875 0.027778
0 0.709375 0.268750 0.028125 0.034722
0 0.303516 0.559028 0.024219 0.040278
0 0.823828 0.624306 0.022656 0.037500
0 0.048828 0.893750 0.019531 0.026389
0 0.129688 0.831944 0.020313 0.030556
0 0.815234 0.911806 0.016406 0.040278
0 0.789844 0.454167 0.015625 0.027778
0 0.742578 0.213889 0.017969 0.033333
0 0.579297 0.409028 0.014844 0.031944
0 0.151562 0.716667 0.026562 0.027778
0 0.619922 0.210417 0.017969 0.034722
0 0.104688 0.690972 0.020313 0.034722
0 0.785156 0.094444 0.018750 0.025000
0 0.055469 0.680556 0.018750 0.027778
0 0.026172 0.735417 0.017969 0.026389
0 0.615234 0.084028 0.027344 0.031944
0 0.022656 0.243750 0.020313 0.029167
0 0.549219 0.610417 0.028125 0.037500
0 0.457031 0.748611 0.017188 0.025000
0 0.061719 0.058333 0.015625 0.025000
0 0.255078 0.352083 0.021094 0.037500
0 0.169922 0.044444 0.027344 0.047222
0 0.559375 0.573611 0.028125 0.025000
0 0.917578 0.520833 0.021094 0.038889
0 0.765234 0.618750 0.014844 0.029167
0 0.935156 0.667361 0.020313 0.031944
0 0.494531 0.077083 0.028125 0.048611
0 0.032031 0.369444 0.028125 0.030556
0 0.501953 0.696528 0.017969 0.040278
0 0.837500 0.501389 0.023438 0.033333
0 0.905078 0.451389 0.021094 0.041667
0 0.755469 0.263889 0.021875 0.033333
0 0.968359 0.174306 0.017969 0.045833
0 0.754687 0.709722 0.015625 0.036111
0 0.389062 0.824306 0.023438 0.034722
0 0.065625 0.734028 0.021875 0.045833
0 0.965234 0.557639 0.027344 0.037500
0 0.674609 0.212500 0.021094 0.030556
0 0.141406 0.665972 0.014063 0.040278
0 0.385156 0.762500 0.015625 0.041667
0 0.892578 0.085417 0.027344 0.026389
0 0.974609 0.075000 0.024219 0.036111
0 0.603906 0.946528 0.017188 0.037500
0 0.515234 0.929861 0.014844 0.045833
0 0.196875 0.475694 0.018750 0.037500
0 0.868359 0.420139 0.022656 0.031944
0 0.020313 0.070833 0.014063 0.041667
0 0.960938 0.515972 0.028125 0.029167
0 0.098437 0.733333 0.017188 0.033333
0 0.176172 0.783333 0.014844 0.025000
0 0.028906 0.280556 0.026562 0.030556
0 0.606250 0.444444 0.023438 0.027778
0 0.493359 0.648611 0.016406 0.041667
0 0.407422 0.439583 0.017969 0.031944
0 0.841797 0.437500 0.016406 0.050000
0 0.881641 0.511111 0.014844 0.044444
0 0.757812 0.357639 0.025000 0.026389
0 0.357812 0.891667 0.018750 0.030556
0 0.677734 0.169444 0.025781 0.030556
0 0.958984 0.613194 0.019531 0.048611
0 0.032813 0.536111 0.017188 0.041667
0 0.210938 0.350694 0.021875 0.043056
0 0.394531 0.891667 0.014063 0.044444
0 0.722656 0.719444 0.028125 0.033333
0 0.554688 0.536111 0.014063 0.027778
0 0.544922 0.954861 0.021094 0.031944
0 0.294141 0.032639 0.014844 0.029167
0 0.731250 0.068056 0.023438 0.033333
0 0.815625 0.802778 0.018750 0.025000
0 0.201563 0.959028 0.023438 0.045833
0 0.159375 0.938194 0.017188 0.043056
0 0.574219 0.529861 0.018750 0.045833
0 0.073828 0.317361 0.014844 0.031944
0 0.697266 0.671528 0.021094 0.026389
0 0.335156 0.363194 0.028125 0.037500
0 0.433594 0.922222 0.014063 0.033333
0 0.651563 0.950000 0.028125 0.038889
0 0.637891 0.145833 0.016406 0.044444
0 0.513672 0.842361 0.016406 0.029167
0 0.699609 0.075000 0.025781 0.025000
1 0.903516 0.818056 0.097656 0.200000
1 0.423828 0.558333 0.107031 0.186111
1 0.559375 0.244444 0.093750 0.266667
1 0.288281 0.224306 0.148438 0.190278
1 0.262891 0.752083 0.147656 0.301389
1 0.597266 0.788194 0.122656 0.262500
1 0.838672 0.259722 0.117969 0.202778
1 0.740234 0.853472 0.111719 0.201389
1 0.138672 0.176389 0.099219 0.191667
1 0.119531 0.502083 0.104688 0.218056