0 0.865234 0.188477 0.054688 0.044922
0 0.316406 0.202148 0.042969 0.052734
0 0.331055 0.955078 0.037109 0.050781
0 0.771484 0.943359 0.046875 0.054688
0 0.370117 0.140625 0.048828 0.031250
0 0.958984 0.174805 0.031250 0.033203
0 0.775391 0.091797 0.035156 0.042969
0 0.397461 0.226562 0.041016 0.031250
0 0.166016 0.455078 0.050781 0.031250
0 0.496094 0.920898 0.050781 0.037109
0 0.857422 0.965820 0.050781 0.037109
0 0.861328 0.265625 0.031250 0.058594
0 0.105469 0.239258 0.050781 0.044922
0 0.940430 0.295898 0.052734 0.037109
0 0.343750 0.081055 0.054688 0.044922
0 0.625000 0.691406 0.039062 0.035156
0 0.253906 0.858398 0.035156 0.056641
0 0.097656 0.946289 0.054688 0.033203
0 0.641602 0.877930 0.033203 0.056641
0 0.322266 0.721680 0.039062 0.033203
0 0.202148 0.106445 0.056641 0.037109
0 0.253906 0.178711 0.054688 0.033203
0 0.341797 0.388672 0.039062 0.042969
0 0.401367 0.284180 0.044922 0.048828
0 0.318359 0.277344 0.042969 0.046875
0 0.893555 0.099609 0.056641 0.054688
0 0.169922 0.813477 0.031250 0.048828
0 0.077148 0.450195 0.041016 0.048828
0 0.490234 0.185547 0.058594 0.050781
0 0.409180 0.056641 0.056641 0.039062
0 0.269531 0.922852 0.042969 0.041016
0 0.586914 0.841797 0.037109 0.042969
0 0.104492 0.109375 0.044922 0.058594
0 0.250977 0.382812 0.044922 0.042969
0 0.300781 0.633789 0.042969 0.041016
0 0.103516 0.875977 0.031250 0.048828
0 0.464844 0.488281 0.050781 0.035156
0 0.391602 0.346680 0.041016 0.052734
0 0.696289 0.086914 0.052734 0.056641
1 0.873047 0.514648 0.171875 0.181641
1 0.713867 0.281250 0.212891 0.199219
1 0.153320 0.645508 0.232422 0.267578
1 0.482422 0.775391 0.144531 0.222656
1 0.634766 0.502930 0.257812 0.150391
1 0.834961 0.780273 0.271484 0.228516