0 0.498047 0.272461 0.050781 0.037109
0 0.070312 0.060547 0.035156 0.046875
0 0.694336 0.716797 0.044922 0.050781
0 0.133789 0.542969 0.048828 0.050781
0 0.082031 0.964844 0.031250 0.035156
0 0.497070 0.696289 0.048828 0.048828
0 0.945312 0.062500 0.042969 0.050781
0 0.355469 0.561523 0.035156 0.033203
0 0.086914 0.305664 0.033203 0.037109
0 0.245117 0.370117 0.052734 0.044922
0 0.105469 0.831055 0.058594 0.056641
0 0.410156 0.671875 0.054688 0.042969
0 0.917969 0.511719 0.039062 0.039062
0 0.393555 0.870117 0.041016 0.044922
0 0.533203 0.595703 0.042969 0.031250
0 0.749023 0.866211 0.033203 0.033203
0 0.772461 0.464844 0.048828 0.039062
0 0.884766 0.043945 0.039062 0.056641
0 0.101562 0.701172 0.050781 0.054688
0 0.530273 0.197266 0.056641 0.039062
0 0.187500 0.613281 0.042969 0.046875
0 0.949219 0.410156 0.054688 0.058594
0 0.482422 0.964844 0.054688 0.035156
0 0.041992 0.891602 0.044922 0.044922
0 0.294922 0.768555 0.031250 0.033203
0 0.278320 0.898438 0.041016 0.058594
0 0.330078 0.967773 0.050781 0.033203
0 0.831055 0.928711 0.033203 0.037109
0 0.059570 0.508789 0.037109 0.033203
0 0.612305 0.633789 0.033203 0.048828
0 0.353516 0.768555 0.031250 0.037109
0 0.188477 0.909180 0.037109 0.056641
0 0.568359 0.684570 0.039062 0.052734
0 0.091797 0.392578 0.031250 0.046875
0 0.608398 0.302734 0.048828 0.042969
0 0.318359 0.359375 0.031250 0.054688
0 0.766602 0.350586 0.044922 0.044922
0 0.270508 0.308594 0.041016 0.046875
0 0.353516 0.648438 0.031250 0.039062
0 0.167969 0.714844 0.039062 0.042969
0 0.085938 0.127930 0.050781 0.044922
0 0.653320 0.251953 0.044922 0.035156
0 0.735352 0.930664 0.041016 0.044922
0 0.336914 0.871094 0.052734 0.058594
0 0.041016 0.807617 0.035156 0.033203
1 0.335938 0.145508 0.246094 0.236328
1 0.528320 0.470703 0.240234 0.195312
1 0.822266 0.688477 0.160156 0.240234
1 0.603516 0.099609 0.164062 0.136719
1 0.828125 0.213867 0.171875 0.205078
1 0.565430 0.850586 0.248047 0.166016