0 0.910547 0.475000 0.022656 0.027778
0 0.703125 0.081250 0.017188 0.045833
0 0.459375 0.772222 0.020313 0.030556
0 0.939063 0.576389 0.028125 0.025000
0 0.741406 0.071528 0.025000 0.026389
0 0.052344 0.526389 0.028125 0.038889
0 0.483594 0.860417 0.017188 0.040278
0 0.110937 0.830556 0.017188 0.025000
0 0.038281 0.643750 0.014063 0.045833
0 0.534766 0.043056 0.017969 0.025000
0 0.298828 0.336806 0.022656 0.048611
0 0.760156 0.855556 0.021875 0.036111
0 0.961719 0.124306 0.018750 0.029167
0 0.456641 0.872917 0.022656 0.031944
0 0.387891 0.516667 0.027344 0.033333
0 0.654297 0.066667 0.014844 0.038889
0 0.388281 0.654861 0.017188 0.040278
0 0.080078 0.671528 0.016406 0.031944
0 0.612500 0.088889 0.018750 0.041667
0 0.551172 0.945833 0.014844 0.025000
0 0.372266 0.350000 0.024219 0.050000
0 0.619531 0.793056 0.015625 0.033333
0 0.062109 0.757639 0.024219 0.026389
0 0.265625 0.438889 0.023438 0.025000
0 0.067187 0.836806 0.014063 0.043056
0 0.948438 0.942361 0.025000 0.031944
0 0.023438 0.194444 0.028125 0.036111
0 0.035156 0.910417 0.017188 0.031944
0 0.662500 0.865278 0.015625 0.038889
0 0.794531 0.936806 0.026562 0.048611
0 0.921094 0.137500 0.017188 0.050000
0 0.864453 0.565278 0.021094 0.036111
0 0.971484 0.807639 0.022656 0.045833
0 0.711719 0.834722 0.017188 0.050000
0 0.953125 0.734722 0.017188 0.038889
0 0.940234 0.420139 0.022656 0.029167
0 0.527344 0.931250 0.017188 0.037500
0 0.125000 0.437500 0.026562 0.030556
0 0.144531 0.816667 0.018750 0.038889
0 0.726172 0.424306 0.024219 0.029167
0 0.754687 0.784722 0.018750 0.027778
0 0.895312 0.413194 0.014063 0.029167
0 0.371094 0.272222 0.025000 0.027778
0 0.330469 0.351389 0.028125 0.033333
0 0.092188 0.877778 0.014063 0.047222
0 0.862891 0.520139 0.014844 0.034722
0 0.789062 0.568056 0.023438 0.047222
0 0.971875 0.532639 0.015625 0.026389
0 0.653906 0.772917 0.020313 0.037500
0 0.300000 0.425000 0.015625 0.027778
0 0.028516 0.273611 0.021094 0.030556
0 0.224609 0.114583 0.022656 0.034722
0 0.252344 0.042361 0.018750 0.048611
0 0.595703 0.783333 0.017969 0.047222
0 0.466406 0.965278 0.020313 0.030556
0 0.973828 0.920833 0.014844 0.025000
0 0.584375 0.896528 0.026562 0.029167
0 0.226562 0.295139 0.021875 0.031944
0 0.769141 0.624306 0.019531 0.031944
0 0.769922 0.479167 0.022656 0.044444
0 0.688281 0.369444 0.015625 0.036111
0 0.408594 0.399306 0.023438 0.029167
0 0.105078 0.488889 0.027344 0.030556
0 0.246484 0.952083 0.019531 0.037500
0 0.548438 0.764583 0.026562 0.029167
0 0.378125 0.395833 0.028125 0.030556
0 0.526172 0.839583 0.017969 0.043056
0 0.958203 0.231250 0.027344 0.026389
0 0.862109 0.434028 0.024219 0.040278
0 0.263672 0.337500 0.017969 0.033333
0 0.400781 0.138889 0.015625 0.050000
0 0.187891 0.453472 0.021094 0.029167
0 0.424609 0.875694 0.016406 0.037500
0 0.825781 0.421528 0.017188 0.037500
0 0.978125 0.332639 0.014063 0.029167
0 0.697656 0.956944 0.021875 0.036111
0 0.350391 0.488194 0.025781 0.048611
0 0.699219 0.912500 0.023438 0.027778
0 0.820703 0.524306 0.014844 0.031944
0 0.345703 0.062500 0.019531 0.047222
0 0.141016 0.741667 0.016406 0.044444
0 0.914453 0.516667 0.016406 0.041667
0 0.888281 0.518056 0.014063 0.036111
0 0.378516 0.107639 0.016406 0.026389
0 0.438672 0.946528 0.027344 0.045833
0 0.730859 0.967361 0.014844 0.026389
0 0.460547 0.081944 0.027344 0.025000
0 0.725391 0.887500 0.017969 0.025000
0 0.145703 0.545833 0.024219 0.038889
0 0.387500 0.207639 0.026562 0.048611
0 0.906641 0.078472 0.021094 0.026389
0 0.123438 0.652778 0.028125 0.030556
0 0.270313 0.938194 0.021875 0.040278
0 0.853906 0.948611 0.021875 0.044444
0 0.612109 0.041667 0.027344 0.036111
0 0.975000 0.609028 0.018750 0.040278
0 0.897656 0.956944 0.025000 0.038889
0 0.231250 0.395139 0.026562 0.040278
0 0.965234 0.425000 0.016406 0.047222
0 0.952344 0.170139 0.028125 0.031944
0 0.280078 0.065972 0.016406 0.045833
1 0.124609 0.223611 0.144531 0.272222
1 0.348438 0.853472 0.118750 0.170833
1 0.228125 0.619444 0.121875 0.197222
1 0.867969 0.785417 0.131250 0.234722
1 0.802344 0.240972 0.153125 0.290278
1 0.494922 0.586111 0.169531 0.277778
1 0.474219 0.229861 0.103125 0.234722
1 0.676172 0.600000 0.138281 0.266667
1 0.298438 0.186806 0.093750 0.170833
1 0.620703 0.226389 0.097656 0.191667