0 0.074219 0.491211 0.039062 0.052734
0 0.055664 0.401367 0.048828 0.037109
0 0.805664 0.108398 0.052734 0.052734
0 0.522461 0.854492 0.037109 0.052734
0 0.065430 0.294922 0.048828 0.054688
0 0.222656 0.531250 0.039062 0.050781
0 0.595703 0.049805 0.039062 0.048828
0 0.722656 0.115234 0.042969 0.050781
0 0.949219 0.848633 0.054688 0.056641
0 0.820312 0.584961 0.058594 0.037109
0 0.295898 0.953125 0.033203 0.050781
0 0.137695 0.392578 0.048828 0.046875
0 0.761719 0.711914 0.039062 0.056641
0 0.715820 0.489258 0.056641 0.041016
0 0.053711 0.698242 0.041016 0.044922
0 0.111328 0.154297 0.050781 0.042969
0 0.884766 0.122070 0.054688 0.037109
0 0.220703 0.356445 0.058594 0.037109
0 0.888672 0.945312 0.058594 0.031250
0 0.079102 0.054688 0.037109 0.050781
0 0.084961 0.855469 0.052734 0.042969
0 0.182617 0.094727 0.041016 0.044922
0 0.561523 0.793945 0.033203 0.033203
0 0.077148 0.758789 0.037109 0.044922
0 0.609375 0.953125 0.035156 0.042969
0 0.208984 0.948242 0.035156 0.052734
0 0.486328 0.964844 0.054688 0.031250
0 0.179688 0.196289 0.035156 0.052734
0 0.055664 0.952148 0.048828 0.044922
0 0.767578 0.630859 0.050781 0.035156
0 0.851562 0.672852 0.042969 0.041016
0 0.476562 0.795898 0.050781 0.033203
0 0.199219 0.585938 0.050781 0.039062
0 0.823242 0.410156 0.044922 0.050781
0 0.896484 0.408203 0.054688 0.058594
0 0.697266 0.654297 0.046875 0.050781
0 0.823242 0.729492 0.056641 0.041016
0 0.093750 0.556641 0.046875 0.035156
0 0.160156 0.316406 0.046875 0.042969
0 0.412109 0.041016 0.039062 0.050781
0 0.361328 0.046875 0.046875 0.058594
0 0.863281 0.493164 0.039062 0.056641
0 0.654297 0.527344 0.035156 0.050781
0 0.929688 0.575195 0.050781 0.037109
1 0.627930 0.323242 0.236328 0.255859
1 0.746094 0.885742 0.179688 0.185547
1 0.240234 0.751953 0.175781 0.261719
1 0.344727 0.167969 0.251953 0.152344
1 0.490234 0.643555 0.253906 0.201172
1 0.889648 0.292969 0.169922 0.140625
1 0.354492 0.391602 0.189453 0.228516