0 0.266797 0.245139 0.014844 0.045833
0 0.116406 0.107639 0.021875 0.048611
0 0.215625 0.476389 0.014063 0.036111
0 0.461719 0.702778 0.025000 0.047222
0 0.320703 0.222222 0.021094 0.047222
0 0.307812 0.377083 0.023438 0.029167
0 0.089453 0.101389 0.017969 0.038889
0 0.237109 0.913194 0.016406 0.037500
0 0.649219 0.899306 0.028125 0.026389
0 0.627344 0.135417 0.023438 0.031944
0 0.267578 0.440278 0.024219 0.044444
0 0.343750 0.910417 0.028125 0.048611
0 0.034766 0.286806 0.027344 0.031944
0 0.226172 0.290278 0.027344 0.027778
0 0.653125 0.829861 0.017188 0.031944
0 0.710547 0.475694 0.025781 0.026389
0 0.250000 0.543056 0.025000 0.050000
0 0.734766 0.111806 0.025781 0.034722
0 0.822266 0.271528 0.027344 0.029167
0 0.492188 0.323611 0.018750 0.041667
0 0.308984 0.640278 0.021094 0.038889
0 0.353125 0.956944 0.028125 0.030556
0 0.969531 0.443056 0.025000 0.025000
0 0.826172 0.178472 0.027344 0.045833
0 0.537891 0.848611 0.016406 0.033333
0 0.803516 0.341667 0.025781 0.041667
0 0.777344 0.442361 0.018750 0.031944
0 0.847656 0.322917 0.025000 0.045833
0 0.585938 0.497917 0.025000 0.034722
0 0.717187 0.768750 0.017188 0.034722
0 0.587891 0.087500 0.016406 0.038889
0 0.938281 0.925000 0.026562 0.025000
0 0.671484 0.045833 0.025781 0.027778
0 0.934375 0.837500 0.021875 0.041667
0 0.185938 0.083333 0.023438 0.025000
0 0.223438 0.414583 0.018750 0.034722
0 0.901172 0.236111 0.024219 0.041667
0 0.796484 0.965972 0.016406 0.026389
0 0.911719 0.308333 0.028125 0.036111
0 0.742188 0.770139 0.025000 0.026389
0 0.782813 0.792361 0.023438 0.043056
0 0.221875 0.341667 0.028125 0.038889
0 0.780078 0.906944 0.025781 0.050000
0 0.803125 0.225694 0.018750 0.026389
0 0.051562 0.581944 0.028125 0.041667
0 0.651953 0.511806 0.021094 0.048611
0 0.830469 0.106250 0.017188 0.026389
0 0.850000 0.255556 0.018750 0.047222
0 0.688672 0.096528 0.017969 0.026389
0 0.953906 0.205556 0.028125 0.025000
0 0.735547 0.500000 0.017969 0.030556
0 0.081250 0.572222 0.023438 0.050000
0 0.398047 0.854861 0.014844 0.031944
0 0.765234 0.103472 0.027344 0.037500
0 0.579297 0.895139 0.021094 0.026389
0 0.973437 0.550000 0.026562 0.050000
0 0.860156 0.186111 0.021875 0.030556
0 0.205859 0.138889 0.019531 0.050000
0 0.920703 0.143056 0.016406 0.033333
0 0.442578 0.767361 0.016406 0.043056
0 0.162891 0.206250 0.021094 0.029167
0 0.584766 0.948611 0.016406 0.047222
0 0.086719 0.150000 0.026562 0.033333
0 0.275000 0.795833 0.014063 0.027778
0 0.840234 0.784722 0.017969 0.050000
0 0.898438 0.672917 0.015625 0.048611
0 0.302344 0.577083 0.021875 0.048611
0 0.861328 0.777778 0.016406 0.030556
0 0.533594 0.177778 0.028125 0.030556
0 0.656250 0.111806 0.021875 0.029167
0 0.307812 0.706250 0.017188 0.029167
0 0.303906 0.866667 0.026562 0.041667
0 0.045703 0.154167 0.025781 0.041667
0 0.731641 0.431250 0.024219 0.045833
0 0.267578 0.883333 0.024219 0.044444
0 0.276172 0.347222 0.021094 0.050000
0 0.818750 0.704167 0.017188 0.036111
0 0.962109 0.152778 0.022656 0.027778
0 0.689063 0.830556 0.015625 0.030556
0 0.679688 0.507639 0.017188 0.029167
0 0.350391 0.611111 0.027344 0.036111
0 0.392578 0.690972 0.025781 0.040278
0 0.278516 0.690972 0.014844 0.034722
0 0.416016 0.758333 0.024219 0.044444
0 0.305469 0.804167 0.023438 0.044444
0 0.679688 0.791667 0.028125 0.025000
0 0.267969 0.183333 0.020313 0.036111
0 0.025391 0.870833 0.021094 0.047222
0 0.556641 0.101389 0.021094 0.036111
0 0.291406 0.036111 0.018750 0.036111
1 0.123438 0.400694 0.129688 0.270833
1 0.728125 0.644444 0.153125 0.197222
1 0.885547 0.489583 0.114844 0.256944
1 0.569531 0.681250 0.112500 0.270833
1 0.639453 0.321528 0.142969 0.265278
1 0.398828 0.407639 0.147656 0.284722
1 0.180469 0.704861 0.151562 0.176389