0 0.852734 0.752083 0.017969 0.026389
0 0.042578 0.954167 0.024219 0.044444
0 0.026953 0.086111 0.022656 0.041667
0 0.845703 0.209028 0.027344 0.031944
0 0.284375 0.099306 0.028125 0.034722
0 0.908984 0.802083 0.025781 0.029167
0 0.357422 0.702778 0.022656 0.041667
0 0.389453 0.941667 0.019531 0.033333
0 0.561328 0.792361 0.014844 0.031944
0 0.957812 0.884028 0.028125 0.034722
0 0.885547 0.196528 0.014844 0.037500
0 0.538281 0.469444 0.020313 0.038889
0 0.503906 0.070833 0.023438 0.025000
0 0.975391 0.111111 0.021094 0.038889
0 0.463281 0.473611 0.014063 0.025000
0 0.950000 0.426389 0.014063 0.030556
0 0.583594 0.729861 0.015625 0.045833
0 0.369922 0.042361 0.019531 0.045833
0 0.520312 0.136806 0.015625 0.031944
0 0.102734 0.879167 0.025781 0.047222
0 0.499609 0.244444 0.024219 0.036111
0 0.317578 0.822222 0.017969 0.036111
0 0.744141 0.454861 0.022656 0.045833
0 0.575391 0.041667 0.024219 0.030556
0 0.734766 0.332639 0.014844 0.040278
0 0.522266 0.345139 0.019531 0.029167
0 0.510156 0.920139 0.017188 0.045833
0 0.701562 0.902083 0.021875 0.031944
0 0.900000 0.388194 0.021875 0.029167
0 0.807813 0.293750 0.017188 0.037500
0 0.680078 0.555556 0.022656 0.038889
0 0.286719 0.877778 0.017188 0.038889
0 0.184766 0.863194 0.019531 0.048611
0 0.413672 0.140278 0.016406 0.025000
0 0.138672 0.900694 0.016406 0.048611
0 0.700000 0.435417 0.017188 0.029167
0 0.940625 0.707639 0.015625 0.031944
0 0.862109 0.860417 0.017969 0.040278
0 0.499609 0.463889 0.019531 0.044444
0 0.910156 0.079167 0.028125 0.030556
0 0.859766 0.104167 0.022656 0.050000
0 0.887891 0.845139 0.024219 0.043056
0 0.305078 0.928472 0.017969 0.040278
0 0.619922 0.940972 0.014844 0.048611
0 0.055469 0.038889 0.021875 0.038889
0 0.892578 0.895139 0.024219 0.037500
0 0.410156 0.061806 0.026562 0.034722
0 0.866406 0.800694 0.021875 0.034722
0 0.773047 0.372917 0.021094 0.037500
0 0.415625 0.855556 0.014063 0.041667
0 0.390234 0.466667 0.024219 0.038889
0 0.916406 0.172917 0.023438 0.043056
0 0.543750 0.710417 0.021875 0.043056
0 0.491797 0.177778 0.024219 0.030556
0 0.593359 0.613194 0.027344 0.048611
0 0.823828 0.054167 0.014844 0.047222
0 0.738281 0.125000 0.014063 0.036111
0 0.470313 0.125694 0.014063 0.045833
0 0.527734 0.195139 0.016406 0.045833
0 0.357422 0.115972 0.017969 0.029167
0 0.281641 0.043750 0.021094 0.048611
0 0.161719 0.913889 0.021875 0.030556
0 0.669141 0.873611 0.014844 0.030556
0 0.756641 0.538889 0.025781 0.047222
0 0.090625 0.950000 0.017188 0.030556
0 0.788281 0.891667 0.028125 0.050000
0 0.960156 0.165278 0.020313 0.044444
0 0.167578 0.063194 0.017969 0.048611
0 0.803125 0.753472 0.018750 0.045833
0 0.162500 0.263194 0.014063 0.029167
0 0.648047 0.871528 0.021094 0.037500
0 0.182031 0.503472 0.018750 0.031944
0 0.239844 0.866667 0.017188 0.041667
0 0.490625 0.852083 0.028125 0.034722
0 0.360938 0.915972 0.026562 0.031944
0 0.865234 0.370833 0.017969 0.036111
0 0.533203 0.661806 0.014844 0.043056
0 0.969922 0.347222 0.022656 0.044444
0 0.171484 0.127778 0.019531 0.030556
0 0.953906 0.470139 0.025000 0.040278
0 0.751953 0.231250 0.017969 0.048611
0 0.580078 0.684722 0.017969 0.033333
0 0.865625 0.950000 0.015625 0.038889
0 0.525391 0.293056 0.024219 0.025000
0 0.933984 0.042361 0.024219 0.026389
0 0.662891 0.942361 0.017969 0.045833
0 0.967578 0.565972 0.027344 0.043056
0 0.780859 0.426389 0.025781 0.025000
0 0.947266 0.768056 0.014844 0.044444
0 0.862891 0.288194 0.016406 0.045833
0 0.604297 0.565278 0.017969 0.033333
0 0.138672 0.829167 0.024219 0.027778
0 0.244141 0.078472 0.027344 0.043056
0 0.778906 0.214583 0.028125 0.026389
0 0.825781 0.358333 0.014063 0.033333
0 0.068359 0.916667 0.021094 0.050000
0 0.548828 0.911111 0.017969 0.033333
0 0.229297 0.941667 0.024219 0.044444
0 0.799219 0.818056 0.026562 0.044444
0 0.909766 0.249306 0.019531 0.031944
0 0.446484 0.853472 0.019531 0.045833
1 0.450781 0.646528 0.132812 0.298611
1 0.616797 0.188194 0.146094 0.245833
1 0.096875 0.640278 0.137500 0.297222
1 0.087109 0.269444 0.114844 0.291667
1 0.706250 0.717361 0.137500 0.243056
1 0.241797 0.300694 0.132031 0.248611
1 0.862500 0.563889 0.114062 0.275000
1 0.424219 0.314583 0.098437 0.184722
1 0.258594 0.663889 0.143750 0.227778