0 0.136719 0.477083 0.028125 0.034722
0 0.504687 0.482639 0.021875 0.037500
0 0.267578 0.879167 0.022656 0.027778
0 0.218750 0.792361 0.021875 0.037500
0 0.968750 0.581250 0.014063 0.045833
0 0.339062 0.878472 0.028125 0.040278
0 0.876172 0.512500 0.016406 0.047222
0 0.732031 0.409028 0.020313 0.037500
0 0.114062 0.277778 0.025000 0.027778
0 0.096875 0.516667 0.020313 0.025000
0 0.548047 0.129167 0.017969 0.025000
0 0.068750 0.101389 0.026562 0.044444
0 0.039453 0.823611 0.014844 0.030556
0 0.220703 0.082639 0.021094 0.048611
0 0.940234 0.294444 0.016406 0.044444
0 0.587109 0.380556 0.027344 0.050000
0 0.096484 0.240278 0.022656 0.027778
0 0.151953 0.258333 0.021094 0.041667
0 0.296484 0.587500 0.021094 0.050000
0 0.819531 0.460417 0.025000 0.048611
0 0.846484 0.960417 0.014844 0.045833
0 0.062109 0.490972 0.027344 0.048611
0 0.251953 0.581250 0.021094 0.048611
0 0.342969 0.481250 0.020313 0.026389
0 0.754297 0.909028 0.024219 0.026389
0 0.768359 0.343750 0.024219 0.034722
0 0.423438 0.861806 0.014063 0.037500
0 0.886719 0.677083 0.025000 0.026389
0 0.468750 0.884722 0.028125 0.033333
0 0.604297 0.895833 0.022656 0.027778
0 0.883984 0.416667 0.017969 0.036111
0 0.248438 0.090278 0.017188 0.036111
0 0.975391 0.370139 0.017969 0.048611
0 0.926172 0.545833 0.022656 0.041667
0 0.637500 0.129861 0.025000 0.037500
0 0.231250 0.854167 0.014063 0.027778
0 0.302734 0.815972 0.024219 0.037500
0 0.064062 0.192361 0.018750 0.031944
0 0.100781 0.163889 0.021875 0.036111
0 0.315234 0.659028 0.024219 0.040278
0 0.938672 0.906944 0.017969 0.036111
0 0.814453 0.352778 0.017969 0.044444
0 0.973828 0.117361 0.017969 0.034722
0 0.426563 0.096528 0.020313 0.037500
0 0.516016 0.785417 0.016406 0.034722
0 0.352734 0.254861 0.025781 0.037500
0 0.188672 0.050694 0.014844 0.029167
0 0.175391 0.567361 0.017969 0.037500
0 0.329297 0.750694 0.021094 0.045833
0 0.316406 0.299306 0.014063 0.031944
0 0.039844 0.146528 0.025000 0.043056
0 0.217188 0.929861 0.015625 0.026389
0 0.546484 0.804861 0.019531 0.037500
0 0.385547 0.781944 0.016406 0.030556
0 0.031641 0.238889 0.016406 0.027778
0 0.422266 0.959722 0.021094 0.038889
0 0.923047 0.854861 0.021094 0.048611
0 0.383594 0.926389 0.015625 0.025000
0 0.877734 0.355556 0.027344 0.041667
0 0.318750 0.459722 0.020313 0.027778
0 0.395703 0.478472 0.017969 0.040278
0 0.693359 0.285417 0.016406 0.026389
0 0.696094 0.073611 0.014063 0.036111
0 0.489453 0.936806 0.016406 0.045833
0 0.400781 0.632639 0.014063 0.034722
0 0.442578 0.052083 0.014844 0.026389
0 0.655469 0.905556 0.015625 0.027778
0 0.420312 0.463194 0.018750 0.045833
0 0.910156 0.629861 0.023438 0.034722
0 0.860156 0.843056 0.025000 0.025000
0 0.587891 0.736111 0.016406 0.027778
0 0.796094 0.911111 0.014063 0.047222
0 0.611328 0.217361 0.016406 0.034722
0 0.921094 0.428472 0.025000 0.026389
0 0.668359 0.861111 0.016406 0.025000
0 0.186719 0.135417 0.026562 0.037500
0 0.557422 0.922222 0.016406 0.050000
0 0.410156 0.357639 0.020313 0.026389
0 0.653516 0.457639 0.024219 0.045833
0 0.873047 0.952778 0.027344 0.025000
0 0.209766 0.660417 0.021094 0.031944
0 0.367578 0.472917 0.021094 0.031944
0 0.592578 0.090278 0.025781 0.036111
0 0.374609 0.634028 0.027344 0.045833
0 0.054297 0.359722 0.025781 0.050000
0 0.145313 0.108333 0.028125 0.036111
0 0.140234 0.043750 0.014844 0.040278
0 0.452344 0.612500 0.021875 0.025000
1 0.114844 0.781250 0.106250 0.281944
1 0.801953 0.640278 0.116406 0.216667
1 0.516797 0.622222 0.097656 0.200000
1 0.236719 0.380556 0.126562 0.255556
1 0.502734 0.279861 0.124219 0.204167
1 0.787891 0.185417 0.160156 0.262500
1 0.642188 0.595833 0.098437 0.194444