0 0.609766 0.597222 0.022656 0.027778
0 0.030859 0.802083 0.027344 0.040278
0 0.738281 0.336111 0.017188 0.033333
0 0.348438 0.055556 0.015625 0.038889
0 0.450781 0.058333 0.025000 0.025000
0 0.914844 0.911111 0.021875 0.041667
0 0.926562 0.588194 0.014063 0.043056
0 0.548047 0.391667 0.024219 0.044444
0 0.948047 0.643750 0.019531 0.037500
0 0.764062 0.279167 0.018750 0.036111
0 0.828516 0.109722 0.022656 0.030556
0 0.780469 0.072917 0.017188 0.029167
0 0.357031 0.200000 0.017188 0.030556
0 0.032031 0.139583 0.026562 0.034722
0 0.115625 0.122222 0.025000 0.044444
0 0.770703 0.218750 0.022656 0.037500
0 0.168750 0.404167 0.026562 0.030556
0 0.089063 0.155556 0.017188 0.047222
0 0.658203 0.663889 0.027344 0.050000
0 0.229297 0.155556 0.027344 0.041667
0 0.872656 0.466667 0.021875 0.033333
0 0.748828 0.650694 0.027344 0.026389
0 0.069531 0.127778 0.015625 0.038889
0 0.212500 0.206944 0.014063 0.050000
0 0.146094 0.747222 0.025000 0.025000
0 0.084766 0.774306 0.021094 0.029167
0 0.848828 0.356944 0.016406 0.038889
0 0.478516 0.834028 0.021094 0.034722
0 0.677344 0.213889 0.025000 0.044444
0 0.416797 0.550694 0.025781 0.045833
0 0.762500 0.176389 0.021875 0.025000
0 0.137109 0.254861 0.017969 0.043056
0 0.823438 0.195833 0.025000 0.036111
0 0.269141 0.088889 0.027344 0.027778
0 0.196875 0.071528 0.014063 0.031944
0 0.515625 0.332639 0.020313 0.040278
0 0.509375 0.030556 0.020313 0.027778
0 0.063672 0.077778 0.019531 0.038889
0 0.553906 0.795139 0.023438 0.026389
0 0.236719 0.361111 0.020313 0.027778
0 0.156641 0.793750 0.019531 0.043056
0 0.952734 0.936111 0.027344 0.038889
0 0.149609 0.047222 0.024219 0.044444
0 0.978125 0.895139 0.014063 0.029167
0 0.432812 0.911111 0.020313 0.030556
0 0.961719 0.112500 0.026562 0.041667
0 0.162500 0.092361 0.017188 0.031944
0 0.772656 0.031250 0.018750 0.026389
0 0.882031 0.938194 0.020313 0.026389
0 0.408594 0.197222 0.023438 0.038889
0 0.952344 0.841667 0.021875 0.050000
0 0.578906 0.052778 0.018750 0.027778
0 0.642578 0.450000 0.022656 0.025000
0 0.660547 0.504167 0.021094 0.044444
0 0.669141 0.159028 0.014844 0.031944
0 0.899609 0.574306 0.017969 0.026389
0 0.083203 0.923611 0.016406 0.027778
0 0.706641 0.243750 0.019531 0.034722
0 0.555078 0.675694 0.017969 0.026389
0 0.504687 0.814583 0.020313 0.040278
0 0.422266 0.290278 0.024219 0.047222
0 0.807422 0.279861 0.025781 0.045833
0 0.855078 0.104861 0.017969 0.045833
0 0.065234 0.321528 0.024219 0.037500
0 0.962109 0.044444 0.021094 0.041667
0 0.021094 0.522222 0.020313 0.050000
0 0.143750 0.847222 0.021875 0.050000
0 0.169141 0.349306 0.019531 0.048611
0 0.916016 0.084722 0.024219 0.041667
0 0.090625 0.079861 0.017188 0.026389
0 0.626172 0.665972 0.019531 0.037500
0 0.088672 0.302778 0.016406 0.044444
0 0.943750 0.475694 0.025000 0.029167
0 0.760547 0.968056 0.019531 0.027778
0 0.608594 0.333333 0.028125 0.050000
0 0.180469 0.953472 0.017188 0.048611
0 0.781641 0.919444 0.027344 0.025000
0 0.730469 0.943750 0.025000 0.031944
0 0.194531 0.708333 0.023438 0.050000
0 0.480469 0.879167 0.025000 0.027778
0 0.359766 0.136806 0.024219 0.045833
0 0.201563 0.915972 0.014063 0.045833
0 0.034375 0.362500 0.017188 0.033333
0 0.287109 0.952778 0.019531 0.033333
0 0.951953 0.704861 0.014844 0.037500
0 0.517578 0.730556 0.027344 0.027778
0 0.037891 0.084722 0.024219 0.025000
0 0.625000 0.045139 0.025000 0.045833
0 0.232813 0.469444 0.020313 0.038889
0 0.240625 0.917361 0.025000 0.031944
0 0.896875 0.755556 0.018750 0.033333
0 0.019922 0.650694 0.017969 0.040278
0 0.834375 0.034028 0.023438 0.031944
0 0.584375 0.415278 0.028125 0.027778
0 0.090625 0.389583 0.018750 0.048611
0 0.914062 0.681944 0.025000 0.047222
0 0.881641 0.036111 0.019531 0.027778
0 0.697656 0.352778 0.026562 0.030556
0 0.457031 0.168056 0.026562 0.038889
0 0.216406 0.404167 0.028125 0.044444
0 0.860156 0.553472 0.014063 0.031944
0 0.250000 0.865278 0.025000 0.041667
0 0.935156 0.795139 0.023438 0.029167
0 0.418359 0.081250 0.025781 0.045833
1 0.110156 0.563889 0.131250 0.272222
1 0.325391 0.330556 0.122656 0.213889
1 0.507812 0.526389 0.118750 0.172222
1 0.917578 0.295833 0.110156 0.288889
1 0.807813 0.795139 0.143750 0.179167
1 0.303906 0.690278 0.160938 0.230556
1 0.560547 0.171528 0.167969 0.170833
1 0.743750 0.476389 0.098437 0.200000
1 0.638281 0.828472 0.126562 0.256944