0 0.920703 0.144444 0.019531 0.041667
0 0.126172 0.768750 0.022656 0.040278
0 0.364453 0.045139 0.017969 0.031944
0 0.609766 0.872222 0.016406 0.033333
0 0.338281 0.870833 0.025000 0.044444
0 0.447266 0.803472 0.017969 0.031944
0 0.426563 0.089583 0.026562 0.034722
0 0.962500 0.339583 0.014063 0.043056
0 0.800781 0.272222 0.026562 0.050000
0 0.948438 0.466667 0.026562 0.030556
0 0.543359 0.527778 0.014844 0.044444
0 0.565625 0.911806 0.020313 0.045833
0 0.978125 0.729167 0.015625 0.050000
0 0.796484 0.867361 0.014844 0.040278
0 0.980469 0.921528 0.020313 0.048611
0 0.980078 0.302778 0.014844 0.041667
0 0.357812 0.802083 0.020313 0.048611
0 0.721484 0.930556 0.024219 0.027778
0 0.871875 0.309722 0.026562 0.044444
0 0.774219 0.700000 0.017188 0.038889
0 0.078125 0.854861 0.026562 0.026389
0 0.514453 0.777778 0.016406 0.050000
0 0.516016 0.115972 0.019531 0.048611
0 0.946484 0.939583 0.024219 0.031944
0 0.130469 0.677083 0.018750 0.026389
0 0.210547 0.465278 0.024219 0.030556
0 0.593750 0.059722 0.028125 0.027778
0 0.224219 0.940972 0.025000 0.034722
0 0.294141 0.775000 0.014844 0.033333
0 0.948047 0.885417 0.025781 0.048611
0 0.874219 0.887500 0.014063 0.033333
0 0.838281 0.413194 0.023438 0.034722
0 0.095703 0.061806 0.024219 0.045833
0 0.763281 0.752778 0.020313 0.033333
0 0.814453 0.536806 0.016406 0.040278
0 0.867188 0.393750 0.017188 0.034722
0 0.921875 0.082639 0.015625 0.026389
0 0.373828 0.400694 0.024219 0.037500
0 0.690234 0.893750 0.025781 0.048611
0 0.825000 0.952083 0.017188 0.034722
0 0.254297 0.470833 0.014844 0.027778
0 0.157031 0.802778 0.026562 0.050000
0 0.217188 0.872222 0.028125 0.036111
0 0.944531 0.602778 0.014063 0.036111
0 0.553906 0.202778 0.021875 0.025000
0 0.774609 0.919444 0.019531 0.038889
0 0.751172 0.609722 0.027344 0.044444
0 0.513281 0.614583 0.025000 0.029167
0 0.385937 0.884028 0.026562 0.048611
0 0.753516 0.904167 0.016406 0.036111
0 0.485547 0.659722 0.016406 0.050000
0 0.178516 0.072222 0.025781 0.033333
0 0.252344 0.920139 0.014063 0.048611
0 0.453125 0.938889 0.028125 0.047222
0 0.740234 0.556944 0.024219 0.025000
0 0.090625 0.138889 0.023438 0.033333
0 0.286328 0.827083 0.014844 0.043056
0 0.386719 0.938889 0.025000 0.033333
0 0.975391 0.548611 0.017969 0.038889
0 0.562109 0.077778 0.019531 0.044444
0 0.621484 0.419444 0.021094 0.030556
0 0.552734 0.813194 0.019531 0.048611
0 0.931250 0.349306 0.023438 0.031944
0 0.039062 0.752083 0.020313 0.045833
0 0.887500 0.551389 0.023438 0.036111
0 0.765625 0.795833 0.018750 0.027778
0 0.939844 0.670139 0.017188 0.040278
0 0.813281 0.334722 0.028125 0.030556
0 0.082031 0.947917 0.014063 0.029167
0 0.942969 0.806944 0.017188 0.038889
0 0.399609 0.351389 0.019531 0.041667
0 0.312500 0.818750 0.017188 0.029167
0 0.564453 0.605556 0.024219 0.050000
0 0.043359 0.045833 0.014844 0.027778
0 0.942969 0.409722 0.017188 0.027778
0 0.056250 0.122222 0.021875 0.041667
0 0.237500 0.065972 0.020313 0.031944
0 0.401562 0.776389 0.018750 0.047222
0 0.522656 0.879167 0.023438 0.050000
0 0.719531 0.880556 0.017188 0.025000
0 0.076563 0.732639 0.021875 0.045833
0 0.491406 0.572222 0.015625 0.038889
0 0.666797 0.431944 0.021094 0.050000
0 0.027734 0.802083 0.021094 0.040278
0 0.905859 0.942361 0.027344 0.037500
0 0.324219 0.416667 0.023438 0.044444
0 0.147266 0.086806 0.027344 0.026389
0 0.517188 0.528472 0.020313 0.040278
0 0.512109 0.044444 0.021094 0.027778
0 0.975781 0.468056 0.018750 0.038889
0 0.292187 0.042361 0.018750 0.048611
0 0.651953 0.946528 0.021094 0.043056
0 0.923828 0.488194 0.014844 0.026389
0 0.070312 0.778472 0.026562 0.031944
0 0.849219 0.906944 0.015625 0.044444
0 0.323437 0.956250 0.015625 0.048611
0 0.141016 0.956944 0.014844 0.033333
0 0.815625 0.856944 0.015625 0.050000
0 0.171875 0.894444 0.018750 0.030556
0 0.976172 0.775000 0.014844 0.025000
0 0.939063 0.250694 0.015625 0.031944
0 0.947656 0.039583 0.025000 0.045833
0 0.037891 0.906250 0.025781 0.026389
0 0.507812 0.925000 0.020313 0.025000
0 0.344922 0.323611 0.016406 0.025000
0 0.533984 0.940972 0.017969 0.031944
0 0.249219 0.863889 0.017188 0.050000
0 0.212500 0.413194 0.025000 0.029167
1 0.535937 0.363889 0.114062 0.263889
1 0.246875 0.252778 0.165625 0.258333
1 0.249609 0.622222 0.164844 0.252778
1 0.740625 0.419444 0.100000 0.194444
1 0.641797 0.653472 0.117969 0.176389
1 0.858203 0.712500 0.128906 0.211111
1 0.803125 0.145139 0.157812 0.187500
1 0.405859 0.592361 0.110156 0.254167
1 0.410156 0.229167 0.101562 0.180556
1 0.083984 0.550694 0.117969 0.187500