0 0.941406 0.244141 0.054688 0.042969
0 0.048828 0.956055 0.031250 0.044922
0 0.465820 0.345703 0.044922 0.042969
0 0.815430 0.226562 0.037109 0.058594
0 0.680664 0.574219 0.033203 0.031250
0 0.828125 0.963867 0.054688 0.041016
0 0.515625 0.480469 0.042969 0.031250
0 0.568359 0.414062 0.042969 0.050781
0 0.521484 0.829102 0.046875 0.048828
0 0.530273 0.939453 0.037109 0.058594
0 0.953125 0.639648 0.058594 0.041016
0 0.117188 0.043945 0.039062 0.048828
0 0.751953 0.880859 0.058594 0.042969
0 0.372070 0.352539 0.041016 0.052734
0 0.042969 0.048828 0.054688 0.035156
0 0.607422 0.950195 0.035156 0.041016
0 0.944336 0.709961 0.037109 0.033203
0 0.780273 0.558594 0.037109 0.035156
0 0.455078 0.475586 0.050781 0.041016
0 0.089844 0.584961 0.031250 0.033203
0 0.629883 0.613281 0.052734 0.050781
0 0.325195 0.439453 0.041016 0.046875
0 0.488281 0.902344 0.031250 0.039062
0 0.631836 0.776367 0.033203 0.048828
0 0.195312 0.130859 0.042969 0.031250
0 0.613281 0.352539 0.042969 0.056641
0 0.897461 0.499023 0.037109 0.056641
0 0.427734 0.896484 0.031250 0.050781
0 0.788086 0.291016 0.033203 0.050781
0 0.100586 0.501953 0.041016 0.042969
0 0.319336 0.109375 0.033203 0.042969
0 0.820312 0.902344 0.035156 0.039062
0 0.416016 0.950195 0.046875 0.037109
0 0.433594 0.422852 0.058594 0.033203
0 0.441406 0.827148 0.050781 0.044922
0 0.651367 0.411133 0.044922 0.041016
0 0.756836 0.954102 0.033203 0.033203
0 0.926758 0.854492 0.037109 0.048828
0 0.894531 0.403320 0.050781 0.048828
0 0.954102 0.511719 0.037109 0.046875
1 0.467773 0.662109 0.240234 0.253906
1 0.771484 0.405273 0.171875 0.158203
1 0.183594 0.257812 0.242188 0.191406
1 0.639648 0.185547 0.220703 0.214844
1 0.199219 0.549805 0.136719 0.224609
1 0.788086 0.731445 0.216797 0.162109
1 0.882812 0.110352 0.175781 0.158203
1 0.182617 0.802734 0.271484 0.210938
1 0.430664 0.139648 0.138672 0.173828