0 0.559570 0.041016 0.048828 0.050781
0 0.225586 0.627930 0.044922 0.048828
0 0.100586 0.041992 0.048828 0.052734
0 0.956055 0.102539 0.056641 0.037109
0 0.758789 0.764648 0.052734 0.041016
0 0.388672 0.148438 0.031250 0.035156
0 0.445312 0.135742 0.046875 0.048828
0 0.087891 0.419922 0.035156 0.042969
0 0.145508 0.912109 0.037109 0.035156
0 0.500977 0.393555 0.048828 0.041016
0 0.434570 0.629883 0.041016 0.033203
0 0.577148 0.873047 0.056641 0.042969
0 0.380859 0.664062 0.046875 0.035156
0 0.392578 0.191406 0.050781 0.035156
0 0.897461 0.741211 0.048828 0.048828
0 0.083008 0.614258 0.056641 0.052734
0 0.186523 0.431641 0.052734 0.042969
0 0.143555 0.820312 0.041016 0.054688
0 0.609375 0.759766 0.058594 0.039062
0 0.496094 0.796875 0.058594 0.031250
0 0.959961 0.377930 0.033203 0.033203
0 0.119141 0.501953 0.058594 0.031250
0 0.134766 0.713867 0.039062 0.041016
0 0.588867 0.300781 0.037109 0.054688
0 0.702148 0.318359 0.041016 0.039062
0 0.958984 0.541016 0.050781 0.031250
0 0.589844 0.812500 0.039062 0.050781
0 0.460938 0.050781 0.042969 0.031250
0 0.698242 0.855469 0.044922 0.039062
0 0.064453 0.281250 0.042969 0.050781
1 0.333008 0.467773 0.158203 0.177734
1 0.578125 0.588867 0.203125 0.271484
1 0.731445 0.158203 0.267578 0.191406
1 0.868164 0.885742 0.177734 0.142578
1 0.237305 0.220703 0.169922 0.246094
1 0.288086 0.840820 0.138672 0.244141
1 0.822266 0.573242 0.199219 0.263672