0 0.309375 0.142361 0.018750 0.026389
0 0.300781 0.538889 0.026562 0.038889
0 0.557031 0.454861 0.028125 0.045833
0 0.971484 0.338889 0.019531 0.044444
0 0.117578 0.457639 0.016406 0.048611
0 0.052344 0.872222 0.017188 0.050000
0 0.636719 0.052778 0.014063 0.050000
0 0.067578 0.494444 0.016406 0.027778
0 0.617188 0.379167 0.018750 0.050000
0 0.644922 0.847222 0.021094 0.044444
0 0.741406 0.521528 0.018750 0.031944
0 0.402344 0.227778 0.014063 0.036111
0 0.642188 0.500000 0.021875 0.036111
0 0.388281 0.120139 0.025000 0.029167
0 0.926172 0.098611 0.016406 0.041667
0 0.600391 0.042361 0.014844 0.034722
0 0.114062 0.905556 0.014063 0.033333
0 0.520312 0.406250 0.020313 0.031944
0 0.419531 0.388194 0.020313 0.048611
0 0.589844 0.438889 0.023438 0.027778
0 0.068750 0.419444 0.025000 0.044444
0 0.337109 0.155556 0.019531 0.030556
0 0.979297 0.424306 0.016406 0.048611
0 0.414453 0.968056 0.014844 0.030556
0 0.483203 0.927778 0.016406 0.047222
0 0.136719 0.957639 0.026562 0.040278
0 0.628125 0.938194 0.018750 0.037500
0 0.182812 0.454167 0.020313 0.033333
0 0.021094 0.572917 0.021875 0.031944
0 0.478516 0.606944 0.014844 0.036111
0 0.452734 0.071528 0.021094 0.048611
0 0.954297 0.511806 0.019531 0.043056
0 0.239844 0.952778 0.021875 0.036111
0 0.966016 0.809722 0.019531 0.036111
0 0.403906 0.622917 0.028125 0.026389
0 0.026562 0.955556 0.026562 0.050000
0 0.424609 0.572222 0.016406 0.044444
0 0.186719 0.943056 0.018750 0.030556
0 0.092188 0.494444 0.023438 0.025000
0 0.811719 0.472222 0.028125 0.036111
0 0.457813 0.495139 0.026562 0.045833
0 0.762891 0.910417 0.021094 0.040278
0 0.595313 0.915972 0.014063 0.031944
0 0.323047 0.488194 0.022656 0.040278
0 0.877344 0.041667 0.023438 0.044444
0 0.444141 0.260417 0.024219 0.037500
0 0.598437 0.869444 0.026562 0.050000
0 0.849609 0.531944 0.021094 0.025000
0 0.916797 0.537500 0.027344 0.025000
0 0.349609 0.448611 0.017969 0.033333
0 0.411328 0.877778 0.019531 0.047222
0 0.489453 0.851389 0.027344 0.038889
0 0.535937 0.850000 0.020313 0.030556
0 0.614844 0.189583 0.014063 0.029167
0 0.484375 0.451389 0.015625 0.038889
0 0.021094 0.685417 0.021875 0.026389
0 0.645312 0.561806 0.023438 0.045833
0 0.967187 0.750694 0.028125 0.048611
0 0.863672 0.640972 0.014844 0.040278
0 0.571094 0.885417 0.015625 0.048611
0 0.886328 0.472917 0.022656 0.026389
0 0.166797 0.370833 0.016406 0.036111
0 0.632422 0.895139 0.017969 0.029167
0 0.700781 0.423611 0.021875 0.041667
0 0.404687 0.065972 0.021875 0.026389
0 0.409375 0.804167 0.021875 0.047222
0 0.669531 0.518750 0.015625 0.029167
0 0.021875 0.484028 0.017188 0.029167
0 0.106250 0.390278 0.017188 0.038889
0 0.794141 0.084722 0.024219 0.050000
0 0.343750 0.561111 0.017188 0.030556
0 0.060937 0.552083 0.023438 0.034722
0 0.800781 0.615278 0.020313 0.047222
0 0.345313 0.267361 0.014063 0.040278
0 0.369141 0.346528 0.019531 0.029167
0 0.708984 0.484722 0.021094 0.044444
0 0.378125 0.165972 0.021875 0.031944
0 0.129688 0.392361 0.021875 0.026389
0 0.019141 0.877778 0.017969 0.030556
0 0.975781 0.243750 0.020313 0.048611
0 0.441016 0.675000 0.025781 0.044444
0 0.880859 0.581944 0.022656 0.033333
0 0.814453 0.550000 0.024219 0.038889
0 0.177734 0.503472 0.021094 0.034722
0 0.823047 0.098611 0.017969 0.027778
0 0.443359 0.306944 0.016406 0.033333
0 0.663672 0.965278 0.022656 0.027778
0 0.526953 0.899306 0.016406 0.040278
0 0.174609 0.895139 0.022656 0.026389
0 0.941797 0.468056 0.027344 0.030556
0 0.948828 0.590972 0.019531 0.043056
0 0.394531 0.449306 0.015625 0.040278
0 0.561719 0.388194 0.021875 0.045833
0 0.435547 0.115972 0.017969 0.026389
0 0.926562 0.640278 0.017188 0.030556
0 0.424609 0.744444 0.025781 0.030556
0 0.568750 0.034028 0.028125 0.029167
0 0.380859 0.052083 0.016406 0.037500
0 0.870313 0.091667 0.014063 0.036111
0 0.783984 0.549306 0.022656 0.026389
0 0.404297 0.524306 0.014844 0.045833
0 0.118750 0.575000 0.017188 0.025000
1 0.559766 0.631944 0.116406 0.266667
1 0.860156 0.806944 0.145313 0.252778
1 0.684766 0.225694 0.103906 0.270833
1 0.301953 0.775000 0.161719 0.300000
1 0.074219 0.197917 0.093750 0.226389
1 0.833203 0.297222 0.153906 0.255556
1 0.262500 0.313194 0.129688 0.226389
1 0.519141 0.240972 0.111719 0.201389
1 0.716016 0.721528 0.108594 0.223611
1 0.120703 0.711806 0.160156 0.215278