0 0.132812 0.925694 0.015625 0.034722
0 0.091797 0.522917 0.016406 0.037500
0 0.931641 0.137500 0.014844 0.038889
0 0.082812 0.688889 0.023438 0.047222
0 0.764844 0.775000 0.017188 0.041667
0 0.035937 0.738194 0.014063 0.040278
0 0.368359 0.377778 0.022656 0.047222
0 0.194531 0.372917 0.025000 0.045833
0 0.590625 0.445139 0.021875 0.031944
0 0.794922 0.618750 0.014844 0.034722
0 0.391797 0.092361 0.024219 0.040278
0 0.778906 0.544444 0.020313 0.027778
0 0.560937 0.509722 0.015625 0.036111
0 0.796875 0.321528 0.020313 0.026389
0 0.046484 0.037500 0.016406 0.025000
0 0.119922 0.627778 0.017969 0.033333
0 0.496875 0.386806 0.018750 0.040278
0 0.546094 0.950694 0.025000 0.043056
0 0.826953 0.112500 0.019531 0.047222
0 0.432031 0.957639 0.021875 0.043056
0 0.434375 0.430556 0.021875 0.036111
0 0.750781 0.351389 0.028125 0.030556
0 0.789453 0.092361 0.019531 0.034722
0 0.827734 0.537500 0.016406 0.044444
0 0.750000 0.187500 0.018750 0.047222
0 0.360547 0.301389 0.017969 0.030556
0 0.516797 0.429861 0.017969 0.029167
0 0.318750 0.756944 0.025000 0.050000
0 0.534375 0.518056 0.017188 0.047222
0 0.098047 0.458333 0.019531 0.036111
0 0.044531 0.514583 0.025000 0.031944
0 0.414844 0.820833 0.026562 0.047222
0 0.037891 0.815278 0.027344 0.036111
0 0.421094 0.287500 0.014063 0.036111
0 0.559375 0.444444 0.026562 0.050000
0 0.318359 0.958333 0.017969 0.025000
0 0.683594 0.544444 0.018750 0.025000
0 0.490625 0.243056 0.018750 0.030556
0 0.020313 0.069444 0.015625 0.041667
0 0.384766 0.145833 0.021094 0.044444
0 0.467187 0.247222 0.015625 0.041667
0 0.326953 0.478472 0.019531 0.026389
0 0.967187 0.928472 0.025000 0.026389
0 0.458594 0.398611 0.017188 0.027778
0 0.507812 0.491667 0.015625 0.030556
0 0.054688 0.604861 0.020313 0.026389
0 0.619922 0.509722 0.016406 0.036111
0 0.382422 0.926389 0.024219 0.038889
0 0.829297 0.944444 0.014844 0.044444
0 0.913672 0.079861 0.014844 0.045833
0 0.957812 0.228472 0.018750 0.034722
0 0.294141 0.327778 0.014844 0.050000
0 0.394531 0.209028 0.028125 0.040278
0 0.622266 0.584028 0.022656 0.037500
0 0.131250 0.545833 0.014063 0.047222
0 0.164453 0.380556 0.027344 0.030556
0 0.093750 0.931944 0.020313 0.025000
0 0.408203 0.962500 0.017969 0.041667
0 0.196484 0.550694 0.022656 0.040278
0 0.164453 0.909028 0.017969 0.029167
0 0.900781 0.236111 0.023438 0.041667
0 0.664062 0.126389 0.020313 0.041667
0 0.335938 0.181944 0.018750 0.025000
0 0.820703 0.487500 0.022656 0.027778
0 0.281641 0.661806 0.021094 0.029167
0 0.563672 0.364583 0.027344 0.029167
0 0.784766 0.691667 0.019531 0.041667
0 0.603516 0.072917 0.014844 0.045833
0 0.596094 0.593750 0.015625 0.037500
0 0.611719 0.946528 0.023438 0.040278
0 0.045703 0.379861 0.022656 0.034722
0 0.322656 0.308333 0.023438 0.050000
0 0.573438 0.318056 0.020313 0.027778
0 0.387109 0.793750 0.014844 0.045833
0 0.046484 0.165972 0.025781 0.026389
0 0.777734 0.176389 0.022656 0.033333
0 0.738281 0.118750 0.020313 0.037500
0 0.753906 0.275694 0.026562 0.034722
1 0.627344 0.724306 0.162500 0.187500
1 0.406250 0.599306 0.107813 0.248611
1 0.892578 0.364583 0.155469 0.187500
1 0.188281 0.788194 0.114062 0.195833
1 0.652734 0.273611 0.127344 0.233333
1 0.240234 0.140972 0.157031 0.176389
1 0.905078 0.755556 0.138281 0.186111
1 0.260937 0.518750 0.096875 0.187500