0 0.858398 0.536133 0.033203 0.037109
0 0.043945 0.258789 0.044922 0.052734
0 0.093750 0.189453 0.031250 0.046875
0 0.166992 0.149414 0.033203 0.056641
0 0.503906 0.425781 0.050781 0.039062
0 0.545898 0.771484 0.044922 0.042969
0 0.648438 0.962891 0.050781 0.042969
0 0.098633 0.956055 0.052734 0.048828
0 0.403320 0.413086 0.037109 0.037109
0 0.146484 0.758789 0.046875 0.037109
0 0.058594 0.072266 0.042969 0.042969
0 0.461914 0.359375 0.052734 0.035156
0 0.536133 0.104492 0.041016 0.052734
0 0.060547 0.449219 0.035156 0.042969
0 0.608398 0.099609 0.041016 0.046875
0 0.539062 0.033203 0.058594 0.035156
0 0.208008 0.443359 0.044922 0.046875
0 0.810547 0.367188 0.031250 0.046875
0 0.152344 0.870117 0.031250 0.033203
0 0.648438 0.181641 0.050781 0.035156
0 0.359375 0.404297 0.031250 0.046875
0 0.823242 0.895508 0.041016 0.037109
0 0.229492 0.611328 0.044922 0.046875
0 0.697266 0.049805 0.058594 0.044922
0 0.101562 0.876953 0.050781 0.050781
0 0.163086 0.373047 0.033203 0.039062
0 0.314453 0.409180 0.042969 0.044922
0 0.616211 0.837891 0.041016 0.042969
0 0.913086 0.942383 0.041016 0.041016
0 0.468750 0.107422 0.058594 0.031250
0 0.866211 0.323242 0.056641 0.056641
1 0.781250 0.738281 0.261719 0.234375
1 0.368164 0.607422 0.142578 0.203125
1 0.101562 0.614258 0.167969 0.189453
1 0.311523 0.226562 0.232422 0.226562
1 0.703125 0.486328 0.257812 0.171875
1 0.375977 0.821289 0.185547 0.142578
1 0.618164 0.282227 0.193359 0.150391
1 0.863281 0.152344 0.187500 0.214844