0 0.532813 0.061111 0.014063 0.047222
0 0.456250 0.627083 0.020313 0.043056
0 0.616406 0.073611 0.023438 0.030556
0 0.702734 0.425000 0.019531 0.047222
0 0.499219 0.834722 0.017188 0.041667
0 0.358203 0.101389 0.014844 0.025000
0 0.882422 0.477083 0.024219 0.031944
0 0.101953 0.777778 0.021094 0.050000
0 0.974609 0.197917 0.017969 0.045833
0 0.797266 0.392361 0.024219 0.040278
0 0.910937 0.564583 0.025000 0.037500
0 0.653125 0.044444 0.021875 0.030556
0 0.429297 0.329861 0.014844 0.034722
0 0.238281 0.157639 0.015625 0.043056
0 0.128516 0.061806 0.021094 0.034722
0 0.761328 0.893750 0.019531 0.037500
0 0.426953 0.538194 0.021094 0.040278
0 0.792578 0.110417 0.024219 0.031944
0 0.617188 0.468750 0.025000 0.045833
0 0.504687 0.922917 0.018750 0.037500
0 0.744531 0.154167 0.026562 0.044444
0 0.209766 0.071528 0.021094 0.048611
0 0.072266 0.804167 0.019531 0.025000
0 0.151953 0.170139 0.027344 0.048611
0 0.408594 0.963889 0.026562 0.030556
0 0.533984 0.151389 0.017969 0.030556
0 0.103516 0.910417 0.025781 0.029167
0 0.122266 0.570833 0.016406 0.033333
0 0.704297 0.107639 0.016406 0.045833
0 0.978516 0.552778 0.019531 0.047222
0 0.029297 0.927778 0.017969 0.050000
0 0.547656 0.519444 0.028125 0.030556
0 0.055469 0.568750 0.015625 0.026389
0 0.967187 0.420833 0.020313 0.036111
0 0.576172 0.475694 0.021094 0.043056
0 0.565625 0.968056 0.025000 0.030556
0 0.166797 0.560417 0.021094 0.031944
0 0.860156 0.579167 0.014063 0.044444
0 0.018359 0.654861 0.017969 0.040278
0 0.558594 0.825000 0.028125 0.033333
0 0.976562 0.145833 0.028125 0.038889
0 0.426172 0.080556 0.014844 0.038889
0 0.389844 0.354167 0.017188 0.047222
0 0.246875 0.608333 0.025000 0.027778
0 0.642188 0.550000 0.014063 0.030556
0 0.180859 0.102778 0.016406 0.041667
0 0.059375 0.875694 0.028125 0.031944
0 0.759766 0.733333 0.025781 0.050000
0 0.480469 0.149306 0.017188 0.029167
0 0.626563 0.165278 0.014063 0.044444
0 0.290234 0.140972 0.019531 0.040278
0 0.473438 0.829167 0.015625 0.038889
0 0.709766 0.343056 0.024219 0.047222
0 0.478125 0.713889 0.021875 0.025000
0 0.172266 0.956944 0.014844 0.044444
0 0.417187 0.446528 0.025000 0.045833
0 0.264844 0.722222 0.021875 0.044444
0 0.575781 0.079861 0.025000 0.040278
0 0.571875 0.743750 0.020313 0.048611
0 0.384375 0.518750 0.028125 0.037500
0 0.261719 0.121528 0.023438 0.029167
0 0.757812 0.406944 0.028125 0.041667
0 0.215625 0.909028 0.026562 0.043056
0 0.654687 0.096528 0.025000 0.026389
0 0.737500 0.231250 0.017188 0.045833
0 0.892188 0.659722 0.023438 0.025000
0 0.089063 0.162500 0.017188 0.044444
0 0.483203 0.631250 0.025781 0.048611
0 0.903906 0.525000 0.025000 0.025000
0 0.534375 0.772222 0.021875 0.033333
0 0.517969 0.684028 0.023438 0.040278
0 0.502344 0.581944 0.020313 0.033333
0 0.890234 0.384722 0.021094 0.025000
0 0.443359 0.961111 0.021094 0.036111
0 0.969531 0.620833 0.023438 0.050000
0 0.787891 0.765278 0.016406 0.041667
0 0.254688 0.870139 0.025000 0.026389
1 0.357422 0.745833 0.141406 0.297222
1 0.739844 0.575694 0.170313 0.184722
1 0.537500 0.311806 0.157812 0.201389
1 0.173828 0.730556 0.108594 0.233333
1 0.260937 0.344444 0.157812 0.300000
1 0.096875 0.395833 0.110937 0.277778
1 0.882422 0.210417 0.144531 0.243056
1 0.882422 0.813194 0.142969 0.231944
1 0.660547 0.837500 0.097656 0.180556