0 0.315430 0.056641 0.033203 0.050781
0 0.409180 0.300781 0.056641 0.035156
0 0.402344 0.681641 0.054688 0.054688
0 0.269531 0.396484 0.058594 0.054688
0 0.369141 0.208008 0.039062 0.041016
0 0.341797 0.639648 0.046875 0.037109
0 0.854492 0.814453 0.048828 0.046875
0 0.638672 0.729492 0.054688 0.056641
0 0.873047 0.056641 0.046875 0.046875
0 0.054688 0.310547 0.031250 0.054688
0 0.721680 0.512695 0.033203 0.052734
0 0.808594 0.112305 0.031250 0.052734
0 0.895508 0.904297 0.052734 0.035156
0 0.866211 0.389648 0.041016 0.048828
0 0.656250 0.570312 0.039062 0.042969
0 0.187500 0.439453 0.042969 0.050781
0 0.119141 0.266602 0.031250 0.037109
0 0.541016 0.896484 0.054688 0.058594
0 0.939453 0.787109 0.039062 0.058594
0 0.362305 0.106445 0.033203 0.037109
0 0.380859 0.912109 0.035156 0.039062
0 0.597656 0.582031 0.042969 0.050781
0 0.503906 0.774414 0.039062 0.052734
0 0.293945 0.844727 0.037109 0.048828
0 0.959961 0.320312 0.044922 0.046875
0 0.529297 0.635742 0.046875 0.033203
0 0.816406 0.222656 0.058594 0.050781
0 0.253906 0.467773 0.035156 0.037109
0 0.891602 0.171875 0.052734 0.050781
0 0.370117 0.479492 0.037109 0.056641
0 0.131836 0.342773 0.033203 0.041016
0 0.046875 0.065430 0.050781 0.037109
0 0.933594 0.066406 0.058594 0.035156
0 0.427734 0.059570 0.058594 0.041016
0 0.716797 0.437500 0.046875 0.054688
0 0.847656 0.717773 0.039062 0.037109
0 0.922852 0.714844 0.056641 0.046875
0 0.350586 0.779297 0.052734 0.046875
0 0.477539 0.952148 0.052734 0.056641
0 0.394531 0.865234 0.054688 0.039062
0 0.036133 0.184570 0.037109 0.044922
1 0.164062 0.630859 0.273438 0.226562
1 0.540039 0.432617 0.248047 0.162109
1 0.716797 0.869141 0.199219 0.175781
1 0.244141 0.224609 0.136719 0.257812
1 0.879883 0.566406 0.142578 0.207031
1 0.605469 0.200195 0.273438 0.240234
1 0.111328 0.878906 0.144531 0.199219