0 0.275391 0.915972 0.019531 0.029167
0 0.705078 0.414583 0.022656 0.034722
0 0.358203 0.425000 0.022656 0.025000
0 0.542969 0.938889 0.017188 0.036111
0 0.731250 0.506944 0.017188 0.033333
0 0.548828 0.054861 0.022656 0.034722
0 0.673047 0.427778 0.014844 0.027778
0 0.260547 0.563194 0.022656 0.034722
0 0.923828 0.097917 0.021094 0.043056
0 0.029687 0.800000 0.015625 0.030556
0 0.699609 0.584722 0.014844 0.027778
0 0.161719 0.438889 0.014063 0.050000
0 0.438672 0.362500 0.021094 0.044444
0 0.921875 0.156944 0.015625 0.050000
0 0.150000 0.900694 0.021875 0.031944
0 0.051953 0.555556 0.027344 0.025000
0 0.877344 0.063889 0.028125 0.030556
0 0.653516 0.340278 0.016406 0.025000
0 0.291797 0.962500 0.025781 0.038889
0 0.652344 0.258333 0.020313 0.044444
0 0.890625 0.933333 0.028125 0.038889
0 0.034766 0.518750 0.016406 0.029167
0 0.308203 0.540972 0.022656 0.037500
0 0.778125 0.640278 0.020313 0.033333
0 0.239453 0.434722 0.022656 0.025000
0 0.526172 0.540278 0.025781 0.030556
0 0.382422 0.070139 0.024219 0.037500
0 0.585938 0.553472 0.014063 0.045833
0 0.769141 0.540972 0.024219 0.040278
0 0.879687 0.287500 0.020313 0.027778
0 0.483594 0.395833 0.015625 0.036111
0 0.110156 0.068056 0.023438 0.033333
0 0.663281 0.819444 0.015625 0.044444
0 0.718359 0.065972 0.014844 0.029167
0 0.524609 0.455556 0.017969 0.038889
0 0.052734 0.734028 0.025781 0.045833
0 0.342969 0.931944 0.021875 0.050000
0 0.782031 0.066667 0.025000 0.033333
0 0.162891 0.639583 0.016406 0.043056
0 0.446484 0.145139 0.024219 0.043056
0 0.949609 0.297917 0.024219 0.029167
0 0.454297 0.045833 0.016406 0.036111
0 0.244922 0.836111 0.019531 0.030556
0 0.560937 0.447222 0.026562 0.036111
0 0.101172 0.895833 0.027344 0.030556
0 0.111328 0.720139 0.021094 0.029167
0 0.212891 0.534722 0.022656 0.027778
0 0.689844 0.768056 0.025000 0.036111
0 0.608203 0.397222 0.024219 0.036111
0 0.730078 0.940972 0.022656 0.034722
0 0.606250 0.063889 0.018750 0.044444
0 0.935937 0.675000 0.026562 0.044444
0 0.054688 0.064583 0.020313 0.029167
0 0.297656 0.483333 0.020313 0.041667
0 0.948828 0.743056 0.021094 0.050000
0 0.905859 0.835417 0.014844 0.029167
0 0.193359 0.584028 0.019531 0.043056
0 0.667969 0.471528 0.018750 0.048611
0 0.294922 0.436111 0.014844 0.025000
0 0.673047 0.675000 0.016406 0.038889
0 0.652344 0.204167 0.020313 0.047222
0 0.030469 0.840972 0.023438 0.026389
0 0.135937 0.051389 0.015625 0.036111
0 0.890234 0.179167 0.025781 0.030556
0 0.139453 0.099306 0.021094 0.026389
0 0.569531 0.106944 0.018750 0.027778
0 0.247656 0.942361 0.014063 0.037500
0 0.510156 0.918750 0.018750 0.048611
0 0.887891 0.120139 0.014844 0.045833
0 0.027734 0.122917 0.017969 0.034722
0 0.186719 0.645139 0.025000 0.048611
0 0.432422 0.944444 0.021094 0.041667
0 0.204297 0.486806 0.022656 0.048611
0 0.315625 0.909028 0.020313 0.037500
0 0.404297 0.390972 0.019531 0.034722
0 0.682031 0.064583 0.023438 0.034722
0 0.219141 0.904861 0.027344 0.037500
0 0.142969 0.835417 0.023438 0.040278
0 0.947266 0.106944 0.019531 0.038889
0 0.656641 0.527083 0.017969 0.045833
0 0.723828 0.721528 0.016406 0.026389
0 0.078125 0.385417 0.025000 0.043056
0 0.135156 0.478472 0.023438 0.043056
0 0.183984 0.804167 0.019531 0.050000
0 0.334766 0.514583 0.022656 0.026389
0 0.237500 0.530556 0.017188 0.027778
1 0.756250 0.218056 0.165625 0.222222
1 0.352734 0.231944 0.108594 0.261111
1 0.814844 0.785417 0.118750 0.198611
1 0.881250 0.507639 0.160938 0.268056
1 0.294141 0.706250 0.161719 0.193056
1 0.476953 0.712500 0.135156 0.283333
1 0.094922 0.247917 0.136719 0.193056
1 0.544922 0.259028 0.160156 0.215278