0 0.342969 0.036111 0.014063 0.027778
0 0.601953 0.322917 0.022656 0.026389
0 0.768750 0.110417 0.026562 0.037500
0 0.227344 0.859028 0.028125 0.037500
0 0.346484 0.330556 0.025781 0.033333
0 0.633984 0.636111 0.019531 0.033333
0 0.232422 0.474306 0.021094 0.031944
0 0.882422 0.919444 0.014844 0.030556
0 0.762109 0.215278 0.025781 0.033333
0 0.203125 0.510417 0.015625 0.029167
0 0.674609 0.056250 0.022656 0.031944
0 0.977734 0.096528 0.021094 0.029167
0 0.061719 0.855556 0.026562 0.027778
0 0.198047 0.580556 0.017969 0.030556
0 0.945703 0.140278 0.017969 0.030556
0 0.060547 0.297222 0.017969 0.050000
0 0.034375 0.954861 0.021875 0.040278
0 0.631641 0.933333 0.025781 0.050000
0 0.973047 0.583333 0.022656 0.050000
0 0.351953 0.203472 0.025781 0.048611
0 0.252344 0.390278 0.015625 0.044444
0 0.949609 0.035417 0.014844 0.034722
0 0.923828 0.212500 0.025781 0.038889
0 0.279297 0.545139 0.025781 0.026389
0 0.335547 0.141667 0.016406 0.027778
0 0.816406 0.502778 0.025000 0.038889
0 0.490625 0.159722 0.017188 0.047222
0 0.724219 0.101389 0.026562 0.027778
0 0.285547 0.423611 0.014844 0.027778
0 0.430469 0.950694 0.018750 0.029167
0 0.691016 0.759722 0.025781 0.041667
0 0.983594 0.287500 0.014063 0.027778
0 0.179297 0.429861 0.016406 0.043056
0 0.891797 0.875000 0.027344 0.025000
0 0.977734 0.062500 0.014844 0.027778
0 0.231250 0.715278 0.023438 0.036111
0 0.207031 0.936111 0.018750 0.050000
0 0.244141 0.906250 0.016406 0.045833
0 0.575000 0.920833 0.014063 0.047222
0 0.653125 0.293750 0.015625 0.048611
0 0.104688 0.291667 0.018750 0.041667
0 0.515234 0.052083 0.021094 0.029167
0 0.762500 0.955556 0.014063 0.025000
0 0.506641 0.640972 0.024219 0.045833
0 0.886719 0.050000 0.018750 0.041667
0 0.146484 0.788194 0.016406 0.034722
0 0.972266 0.862500 0.024219 0.036111
0 0.074609 0.379167 0.017969 0.041667
0 0.042578 0.468056 0.021094 0.030556
0 0.738281 0.526389 0.014063 0.025000
0 0.949609 0.384722 0.025781 0.041667
0 0.029687 0.334722 0.014063 0.038889
0 0.509375 0.306250 0.026562 0.029167
0 0.216797 0.376389 0.024219 0.033333
0 0.928906 0.883333 0.014063 0.047222
0 0.700391 0.618750 0.017969 0.040278
0 0.846875 0.108333 0.021875 0.038889
0 0.242969 0.968056 0.015625 0.030556
0 0.884375 0.221528 0.023438 0.034722
0 0.839844 0.201389 0.015625 0.038889
0 0.071094 0.953472 0.023438 0.045833
0 0.345313 0.277778 0.018750 0.030556
0 0.068359 0.081250 0.025781 0.040278
0 0.425000 0.317361 0.026562 0.043056
0 0.501953 0.956944 0.021094 0.033333
0 0.440234 0.690278 0.017969 0.033333
0 0.026953 0.083333 0.019531 0.050000
0 0.487891 0.104167 0.019531 0.025000
0 0.048438 0.789583 0.014063 0.043056
0 0.868750 0.180556 0.021875 0.033333
0 0.976562 0.201389 0.021875 0.044444
0 0.539844 0.266667 0.023438 0.044444
0 0.117188 0.210417 0.014063 0.031944
0 0.621484 0.082639 0.016406 0.043056
0 0.035937 0.553472 0.023438 0.029167
0 0.897266 0.127778 0.014844 0.027778
0 0.653906 0.117361 0.015625 0.031944
0 0.035156 0.232639 0.025000 0.043056
0 0.623437 0.165972 0.018750 0.029167
0 0.715625 0.199306 0.020313 0.034722
0 0.970703 0.436111 0.019531 0.044444
0 0.566406 0.045139 0.025000 0.031944
0 0.287891 0.215972 0.024219 0.029167
0 0.575391 0.275694 0.017969 0.043056
0 0.690234 0.876389 0.017969 0.027778
0 0.438281 0.259722 0.023438 0.038889
1 0.348828 0.598611 0.097656 0.297222
1 0.772266 0.793750 0.124219 0.276389
1 0.111328 0.600000 0.099219 0.302778
1 0.608203 0.443750 0.110156 0.173611
1 0.616406 0.783333 0.103125 0.188889
1 0.865625 0.356944 0.115625 0.202778
1 0.419141 0.133333 0.099219 0.183333
1 0.197656 0.191667 0.114062 0.294444
1 0.739844 0.375000 0.103125 0.236111
1 0.478125 0.811806 0.101562 0.184722