0 0.952734 0.444444 0.022656 0.041667
0 0.421094 0.149306 0.021875 0.048611
0 0.174219 0.204167 0.028125 0.030556
0 0.723828 0.177778 0.027344 0.047222
0 0.313672 0.613889 0.025781 0.027778
0 0.526953 0.681250 0.019531 0.031944
0 0.032813 0.479167 0.025000 0.030556
0 0.117188 0.865278 0.028125 0.038889
0 0.244922 0.885417 0.016406 0.045833
0 0.032031 0.916667 0.025000 0.041667
0 0.910547 0.056250 0.027344 0.043056
0 0.676172 0.475694 0.016406 0.045833
0 0.264844 0.573611 0.015625 0.030556
0 0.928125 0.261806 0.020313 0.031944
0 0.094531 0.822222 0.023438 0.036111
0 0.033203 0.554167 0.027344 0.044444
0 0.937109 0.108333 0.014844 0.041667
0 0.787891 0.619444 0.027344 0.033333
0 0.434375 0.803472 0.021875 0.037500
0 0.661719 0.536111 0.017188 0.044444
0 0.456641 0.801389 0.014844 0.025000
0 0.610938 0.039583 0.028125 0.043056
0 0.342969 0.475694 0.028125 0.037500
0 0.963672 0.549306 0.019531 0.048611
0 0.196094 0.365278 0.021875 0.036111
0 0.336328 0.061806 0.017969 0.026389
0 0.116406 0.490972 0.017188 0.031944
0 0.203125 0.946528 0.026562 0.045833
0 0.880078 0.034028 0.021094 0.031944
0 0.775000 0.096528 0.021875 0.029167
0 0.384375 0.131944 0.018750 0.025000
0 0.963281 0.362500 0.028125 0.038889
0 0.469922 0.702083 0.022656 0.040278
0 0.873047 0.091667 0.019531 0.041667
0 0.067578 0.418056 0.017969 0.047222
0 0.877344 0.899306 0.020313 0.034722
0 0.762891 0.186111 0.027344 0.038889
0 0.512109 0.100694 0.021094 0.045833
0 0.751953 0.393056 0.027344 0.036111
0 0.881641 0.288889 0.014844 0.027778
0 0.147266 0.933333 0.014844 0.050000
0 0.743359 0.101389 0.014844 0.036111
0 0.026562 0.324306 0.025000 0.040278
0 0.748437 0.290278 0.028125 0.027778
0 0.669922 0.158333 0.021094 0.030556
0 0.892188 0.588194 0.020313 0.045833
0 0.093750 0.279861 0.028125 0.031944
0 0.692187 0.215278 0.018750 0.050000
0 0.955859 0.742361 0.019531 0.031944
0 0.490625 0.884028 0.020313 0.037500
0 0.771875 0.049306 0.014063 0.040278
0 0.292578 0.954167 0.025781 0.033333
0 0.840234 0.306944 0.017969 0.033333
0 0.062500 0.689583 0.020313 0.048611
0 0.869922 0.588194 0.017969 0.048611
0 0.453906 0.602083 0.014063 0.037500
0 0.691406 0.527778 0.023438 0.047222
0 0.474609 0.941667 0.016406 0.036111
0 0.390234 0.186806 0.021094 0.045833
0 0.239063 0.492361 0.017188 0.031944
0 0.176953 0.093056 0.017969 0.033333
0 0.422656 0.222917 0.025000 0.034722
0 0.900000 0.219444 0.015625 0.044444
0 0.706250 0.613889 0.017188 0.038889
0 0.363672 0.574306 0.016406 0.040278
0 0.207813 0.187500 0.028125 0.027778
0 0.384375 0.364583 0.020313 0.029167
0 0.667969 0.414583 0.018750 0.040278
0 0.703125 0.422917 0.014063 0.045833
0 0.585938 0.031250 0.014063 0.026389
0 0.498047 0.954167 0.022656 0.030556
0 0.043359 0.785417 0.014844 0.026389
0 0.933203 0.221528 0.014844 0.029167
0 0.646484 0.916667 0.022656 0.038889
0 0.964844 0.604167 0.026562 0.047222
1 0.080859 0.141667 0.103906 0.175000
1 0.343359 0.778472 0.146094 0.270833
1 0.303125 0.235417 0.096875 0.276389
1 0.863672 0.453472 0.119531 0.195833
1 0.596484 0.775000 0.096094 0.200000
1 0.192188 0.710417 0.117188 0.243056
1 0.737891 0.844444 0.146094 0.172222
1 0.490625 0.427083 0.156250 0.276389