0 0.482812 0.943750 0.017188 0.031944
0 0.954297 0.231944 0.021094 0.025000
0 0.055859 0.106944 0.014844 0.036111
0 0.081250 0.854861 0.018750 0.043056
0 0.628125 0.356250 0.020313 0.043056
0 0.570703 0.772917 0.019531 0.048611
0 0.409766 0.938889 0.021094 0.041667
0 0.762500 0.581944 0.020313 0.050000
0 0.292578 0.056250 0.025781 0.029167
0 0.946484 0.675000 0.021094 0.027778
0 0.968750 0.529167 0.020313 0.044444
0 0.307422 0.211806 0.027344 0.034722
0 0.551953 0.432639 0.014844 0.026389
0 0.491797 0.473611 0.025781 0.036111
0 0.498437 0.640972 0.017188 0.031944
0 0.619922 0.950000 0.025781 0.036111
0 0.285156 0.143750 0.026562 0.048611
0 0.185156 0.029861 0.018750 0.026389
0 0.738672 0.594444 0.016406 0.050000
0 0.280078 0.648611 0.019531 0.044444
0 0.053906 0.690278 0.023438 0.047222
0 0.675391 0.064583 0.021094 0.045833
0 0.393359 0.809722 0.019531 0.041667
0 0.134375 0.800000 0.014063 0.033333
0 0.552344 0.879167 0.015625 0.030556
0 0.873828 0.270139 0.025781 0.031944
0 0.910937 0.116667 0.020313 0.030556
0 0.639453 0.527083 0.016406 0.034722
0 0.062500 0.897222 0.015625 0.025000
0 0.235156 0.745833 0.015625 0.050000
0 0.093359 0.379167 0.019531 0.030556
0 0.810156 0.068750 0.015625 0.043056
0 0.775000 0.088194 0.014063 0.026389
0 0.469531 0.598611 0.015625 0.033333
0 0.636328 0.254167 0.014844 0.050000
0 0.086719 0.195139 0.020313 0.043056
0 0.092578 0.728472 0.019531 0.040278
0 0.885547 0.076389 0.024219 0.044444
0 0.109375 0.826389 0.017188 0.038889
0 0.962500 0.060417 0.023438 0.048611
0 0.609766 0.744444 0.017969 0.038889
0 0.889453 0.950694 0.017969 0.048611
0 0.021484 0.867361 0.019531 0.034722
0 0.249609 0.150000 0.024219 0.036111
0 0.785937 0.502083 0.028125 0.029167
0 0.435547 0.288194 0.017969 0.037500
0 0.196484 0.849306 0.027344 0.034722
0 0.743359 0.112500 0.014844 0.038889
0 0.027344 0.251389 0.021875 0.044444
0 0.105859 0.516667 0.019531 0.030556
0 0.258594 0.108333 0.020313 0.033333
0 0.642578 0.822222 0.014844 0.050000
0 0.854297 0.033333 0.017969 0.033333
0 0.243359 0.700694 0.022656 0.029167
0 0.977344 0.640972 0.020313 0.040278
0 0.405859 0.764583 0.027344 0.031944
0 0.360156 0.693750 0.018750 0.040278
0 0.442188 0.525694 0.028125 0.037500
0 0.032422 0.588194 0.016406 0.034722
0 0.385547 0.703472 0.019531 0.043056
0 0.593750 0.577778 0.025000 0.030556
0 0.251172 0.592361 0.025781 0.026389
0 0.564063 0.087500 0.017188 0.041667
0 0.929297 0.486111 0.022656 0.030556
0 0.071094 0.450000 0.020313 0.025000
0 0.580859 0.396528 0.024219 0.037500
0 0.170313 0.069444 0.015625 0.030556
0 0.215625 0.175694 0.025000 0.037500
0 0.425391 0.461111 0.021094 0.027778
0 0.522266 0.963194 0.027344 0.040278
0 0.556641 0.959722 0.024219 0.033333
0 0.063281 0.313194 0.014063 0.029167
0 0.967969 0.911806 0.023438 0.045833
0 0.753516 0.436806 0.019531 0.043056
0 0.528125 0.516667 0.014063 0.050000
0 0.442188 0.238889 0.015625 0.050000
0 0.555469 0.589583 0.015625 0.029167
0 0.027344 0.181944 0.023438 0.044444
0 0.450781 0.107639 0.014063 0.045833
0 0.131641 0.313889 0.021094 0.044444
0 0.846875 0.937500 0.020313 0.038889
0 0.540234 0.640278 0.022656 0.027778
0 0.111328 0.218056 0.017969 0.044444
0 0.933984 0.178472 0.017969 0.034722
0 0.594141 0.445139 0.024219 0.029167
0 0.076172 0.096528 0.019531 0.031944
0 0.332422 0.063194 0.025781 0.045833
0 0.919922 0.077778 0.025781 0.025000
0 0.236719 0.250694 0.023438 0.031944
0 0.023047 0.334028 0.021094 0.043056
0 0.844922 0.402083 0.017969 0.031944
0 0.042188 0.476389 0.025000 0.027778
0 0.539844 0.074306 0.025000 0.034722
0 0.313672 0.677778 0.021094 0.036111
0 0.078125 0.265278 0.028125 0.025000
0 0.623437 0.698611 0.014063 0.030556
0 0.214062 0.752083 0.020313 0.040278
0 0.850000 0.101389 0.025000 0.036111
0 0.059766 0.795139 0.027344 0.037500
0 0.816797 0.914583 0.014844 0.043056
0 0.953125 0.727778 0.028125 0.030556
0 0.789062 0.587500 0.020313 0.030556
0 0.926562 0.540972 0.017188 0.043056
0 0.043359 0.398611 0.024219 0.047222
0 0.908594 0.283333 0.020313 0.041667
0 0.939453 0.912500 0.019531 0.041667
0 0.530859 0.438889 0.019531 0.025000
0 0.151172 0.165972 0.025781 0.040278
1 0.176953 0.537500 0.100781 0.263889
1 0.869141 0.738889 0.111719 0.277778
1 0.344922 0.459028 0.105469 0.212500
1 0.479297 0.761111 0.108594 0.169444
1 0.328125 0.852778 0.095312 0.180556
1 0.754687 0.264583 0.171875 0.226389
1 0.565234 0.225000 0.113281 0.200000