0 0.259375 0.036111 0.018750 0.038889
0 0.376172 0.377083 0.027344 0.031944
0 0.412891 0.684028 0.014844 0.029167
0 0.937109 0.316667 0.021094 0.027778
0 0.596094 0.391667 0.014063 0.041667
0 0.785937 0.950694 0.025000 0.031944
0 0.669922 0.760417 0.027344 0.043056
0 0.646484 0.588194 0.022656 0.026389
0 0.846875 0.426389 0.020313 0.036111
0 0.958984 0.738194 0.014844 0.029167
0 0.787500 0.113889 0.025000 0.036111
0 0.041797 0.284722 0.021094 0.025000
0 0.949609 0.058333 0.017969 0.025000
0 0.970313 0.655556 0.023438 0.027778
0 0.469531 0.721528 0.020313 0.026389
0 0.611328 0.759722 0.024219 0.044444
0 0.731641 0.768750 0.014844 0.045833
0 0.276953 0.218750 0.014844 0.045833
0 0.340625 0.871528 0.028125 0.045833
0 0.160156 0.516667 0.020313 0.033333
0 0.705859 0.857639 0.016406 0.026389
0 0.585156 0.665972 0.026562 0.043056
0 0.639844 0.843750 0.023438 0.045833
0 0.184766 0.841667 0.024219 0.041667
0 0.751953 0.718750 0.019531 0.031944
0 0.620703 0.360417 0.024219 0.043056
0 0.451172 0.846528 0.021094 0.029167
0 0.567969 0.864583 0.026562 0.048611
0 0.258203 0.127083 0.017969 0.034722
0 0.825000 0.420833 0.015625 0.041667
0 0.638672 0.646528 0.022656 0.048611
0 0.257812 0.218750 0.015625 0.026389
0 0.883594 0.963889 0.015625 0.038889
0 0.910156 0.086806 0.015625 0.029167
0 0.230078 0.100694 0.017969 0.048611
0 0.300000 0.877083 0.018750 0.048611
0 0.588672 0.071528 0.017969 0.040278
0 0.416406 0.869444 0.023438 0.041667
0 0.937891 0.220833 0.014844 0.038889
0 0.226953 0.902778 0.014844 0.050000
0 0.756641 0.105556 0.019531 0.047222
0 0.840234 0.514583 0.016406 0.045833
0 0.476562 0.774306 0.026562 0.029167
0 0.160156 0.439583 0.018750 0.045833
0 0.891406 0.424306 0.023438 0.029167
0 0.500000 0.694444 0.014063 0.030556
0 0.883984 0.547917 0.016406 0.029167
0 0.222266 0.802778 0.016406 0.041667
0 0.191797 0.702083 0.016406 0.026389
0 0.595313 0.936806 0.025000 0.034722
0 0.710938 0.954861 0.018750 0.048611
0 0.533203 0.945833 0.014844 0.038889
0 0.031250 0.412500 0.020313 0.050000
0 0.269531 0.272917 0.015625 0.040278
0 0.639453 0.066667 0.022656 0.030556
0 0.190625 0.464583 0.018750 0.037500
0 0.415625 0.797222 0.028125 0.027778
0 0.944141 0.502083 0.019531 0.026389
0 0.944531 0.681944 0.021875 0.025000
0 0.297656 0.097222 0.021875 0.025000
0 0.760938 0.406944 0.021875 0.038889
0 0.882031 0.468056 0.025000 0.038889
0 0.607422 0.710417 0.016406 0.026389
0 0.751563 0.052778 0.025000 0.033333
0 0.659375 0.388889 0.025000 0.044444
0 0.642188 0.924306 0.028125 0.034722
0 0.059766 0.320833 0.014844 0.025000
0 0.689844 0.075694 0.020313 0.040278
0 0.127734 0.452083 0.019531 0.043056
0 0.030078 0.111111 0.014844 0.036111
0 0.689453 0.378472 0.016406 0.045833
0 0.500391 0.068750 0.019531 0.026389
0 0.698828 0.225694 0.017969 0.037500
0 0.963672 0.445833 0.017969 0.030556
0 0.973047 0.552083 0.022656 0.037500
0 0.058984 0.418750 0.016406 0.045833
0 0.020313 0.045833 0.020313 0.050000
0 0.168750 0.894444 0.028125 0.033333
0 0.978125 0.911111 0.020313 0.025000
0 0.542578 0.797222 0.027344 0.036111
0 0.691406 0.175694 0.026562 0.045833
0 0.756641 0.759722 0.019531 0.038889
0 0.914062 0.579167 0.023438 0.025000
0 0.741797 0.242361 0.027344 0.034722
0 0.398438 0.036111 0.014063 0.025000
0 0.749219 0.165278 0.018750 0.033333
0 0.187109 0.551389 0.021094 0.025000
0 0.035547 0.183333 0.014844 0.036111
0 0.147656 0.370139 0.021875 0.034722
0 0.308984 0.259722 0.021094 0.038889
0 0.778125 0.218750 0.021875 0.040278
0 0.368750 0.959028 0.025000 0.034722
0 0.974609 0.131250 0.027344 0.037500
0 0.713672 0.105556 0.016406 0.030556
0 0.572266 0.779167 0.019531 0.027778
0 0.357422 0.498611 0.024219 0.047222
0 0.705469 0.799306 0.020313 0.040278
0 0.185156 0.638889 0.028125 0.025000
0 0.964453 0.861806 0.021094 0.045833
0 0.030078 0.330556 0.014844 0.025000
0 0.118359 0.555556 0.024219 0.047222
1 0.594531 0.211111 0.154688 0.213889
1 0.855078 0.749306 0.103906 0.259722
1 0.866406 0.254167 0.104688 0.275000
1 0.264062 0.431944 0.107813 0.261111
1 0.141016 0.201389 0.096094 0.283333
1 0.492578 0.499306 0.163281 0.226389
1 0.730469 0.580556 0.096875 0.222222