0 0.785937 0.952778 0.018750 0.044444
0 0.461328 0.408333 0.014844 0.036111
0 0.929297 0.099306 0.014844 0.043056
0 0.025391 0.631944 0.027344 0.044444
0 0.056250 0.063194 0.026562 0.043056
0 0.052734 0.638194 0.014844 0.034722
0 0.820703 0.202083 0.019531 0.029167
0 0.738281 0.118750 0.028125 0.029167
0 0.408594 0.087500 0.026562 0.033333
0 0.866406 0.181944 0.020313 0.044444
0 0.883984 0.047222 0.017969 0.050000
0 0.239453 0.628472 0.014844 0.048611
0 0.624609 0.125694 0.014844 0.031944
0 0.072656 0.520833 0.018750 0.027778
0 0.962109 0.869444 0.021094 0.044444
0 0.419141 0.797917 0.019531 0.034722
0 0.831641 0.846528 0.024219 0.029167
0 0.917188 0.338194 0.023438 0.034722
0 0.322266 0.120833 0.017969 0.038889
0 0.370703 0.188194 0.019531 0.048611
0 0.332813 0.740972 0.023438 0.048611
0 0.248828 0.793056 0.016406 0.027778
0 0.025781 0.133333 0.025000 0.033333
0 0.573438 0.103472 0.025000 0.048611
0 0.595313 0.934722 0.028125 0.027778
0 0.267188 0.333333 0.023438 0.033333
0 0.196875 0.684028 0.018750 0.037500
0 0.168750 0.630556 0.015625 0.027778
0 0.452734 0.261111 0.021094 0.044444
0 0.114062 0.213194 0.023438 0.034722
0 0.395703 0.929167 0.019531 0.038889
0 0.690625 0.141667 0.021875 0.038889
0 0.141406 0.104167 0.021875 0.038889
0 0.473828 0.045139 0.027344 0.034722
0 0.975000 0.327778 0.015625 0.044444
0 0.237500 0.871528 0.014063 0.040278
0 0.207031 0.793056 0.026562 0.030556
0 0.316797 0.364583 0.019531 0.040278
0 0.283594 0.216667 0.018750 0.030556
0 0.056641 0.205556 0.016406 0.025000
0 0.946094 0.340278 0.023438 0.047222
0 0.685937 0.419444 0.017188 0.047222
0 0.716406 0.070833 0.017188 0.036111
0 0.703906 0.261806 0.021875 0.029167
0 0.790234 0.768056 0.022656 0.025000
0 0.314063 0.197222 0.020313 0.038889
0 0.084766 0.172222 0.021094 0.044444
0 0.250781 0.086806 0.018750 0.031944
0 0.496094 0.954167 0.021875 0.027778
0 0.817578 0.960417 0.021094 0.043056
0 0.292578 0.839583 0.021094 0.045833
0 0.250781 0.234722 0.018750 0.036111
0 0.773047 0.131944 0.017969 0.027778
0 0.185938 0.137500 0.020313 0.038889
0 0.634766 0.194444 0.016406 0.025000
0 0.300391 0.086806 0.019531 0.029167
0 0.641016 0.350694 0.027344 0.037500
0 0.889844 0.909722 0.023438 0.044444
0 0.928516 0.561111 0.014844 0.036111
0 0.789844 0.646528 0.015625 0.040278
0 0.933984 0.162500 0.027344 0.033333
0 0.064844 0.422222 0.014063 0.041667
0 0.816797 0.041667 0.017969 0.038889
0 0.535547 0.043750 0.027344 0.026389
0 0.664453 0.418750 0.019531 0.045833
0 0.490234 0.842361 0.019531 0.048611
0 0.891406 0.302778 0.014063 0.041667
0 0.460547 0.134028 0.027344 0.026389
0 0.668750 0.134722 0.015625 0.033333
0 0.562109 0.519444 0.025781 0.033333
0 0.566016 0.578472 0.022656 0.029167
0 0.612109 0.067361 0.025781 0.048611
0 0.108594 0.158333 0.017188 0.033333
0 0.407031 0.174306 0.026562 0.037500
0 0.890234 0.450000 0.022656 0.036111
0 0.339453 0.342361 0.014844 0.029167
0 0.022266 0.545139 0.024219 0.045833
0 0.804297 0.827778 0.014844 0.036111
0 0.792578 0.902083 0.016406 0.026389
0 0.958984 0.262500 0.016406 0.047222
0 0.953516 0.064583 0.016406 0.048611
0 0.165625 0.040972 0.017188 0.037500
0 0.648828 0.272917 0.014844 0.048611
0 0.684375 0.952083 0.020313 0.029167
1 0.082812 0.800694 0.118750 0.248611
1 0.153906 0.443750 0.129688 0.304167
1 0.880859 0.712500 0.100781 0.186111
1 0.566406 0.734028 0.121875 0.265278
1 0.545703 0.335417 0.122656 0.284722
1 0.816797 0.397222 0.103906 0.277778
1 0.346875 0.550000 0.171875 0.288889