0 0.169922 0.657227 0.058594 0.037109
0 0.143555 0.363281 0.048828 0.042969
0 0.290039 0.535156 0.056641 0.039062
0 0.653320 0.857422 0.037109 0.046875
0 0.752930 0.392578 0.052734 0.050781
0 0.948242 0.118164 0.041016 0.044922
0 0.954102 0.747070 0.052734 0.044922
0 0.612305 0.454102 0.052734 0.044922
0 0.769531 0.546875 0.039062 0.035156
0 0.521484 0.105469 0.050781 0.035156
0 0.892578 0.275391 0.039062 0.039062
0 0.917969 0.376953 0.039062 0.046875
0 0.115234 0.149414 0.035156 0.033203
0 0.807617 0.471680 0.044922 0.033203
0 0.817383 0.581055 0.033203 0.037109
0 0.184570 0.114258 0.052734 0.052734
0 0.088867 0.064453 0.052734 0.058594
0 0.494141 0.804688 0.042969 0.058594
0 0.519531 0.655273 0.050781 0.048828
0 0.570312 0.842773 0.054688 0.041016
0 0.495117 0.497070 0.037109 0.033203
0 0.581055 0.531250 0.048828 0.050781
0 0.458008 0.860352 0.044922 0.033203
0 0.139648 0.730469 0.037109 0.039062
0 0.369141 0.832031 0.054688 0.035156
0 0.902344 0.931641 0.035156 0.035156
0 0.884766 0.458008 0.046875 0.037109
0 0.190430 0.486328 0.033203 0.050781
0 0.841797 0.391602 0.046875 0.048828
0 0.878906 0.625977 0.031250 0.048828
0 0.628906 0.937500 0.042969 0.046875
0 0.933594 0.557617 0.046875 0.033203
0 0.106445 0.904297 0.048828 0.042969
0 0.839844 0.875000 0.050781 0.031250
0 0.068359 0.735352 0.050781 0.056641
0 0.931641 0.053711 0.058594 0.048828
0 0.575195 0.262695 0.048828 0.033203
1 0.371094 0.393555 0.195312 0.138672
1 0.709961 0.712891 0.251953 0.160156
1 0.242188 0.891602 0.179688 0.154297
1 0.365234 0.140625 0.238281 0.218750
1 0.717773 0.282227 0.201172 0.150391
1 0.328125 0.687500 0.179688 0.203125
1 0.692383 0.096680 0.259766 0.138672