0 0.445312 0.319336 0.050781 0.037109
0 0.955078 0.766602 0.046875 0.044922
0 0.131836 0.337891 0.041016 0.042969
0 0.906250 0.879883 0.046875 0.048828
0 0.121094 0.205078 0.046875 0.035156
0 0.872070 0.809570 0.033203 0.037109
0 0.375000 0.450195 0.058594 0.037109
0 0.294922 0.443359 0.050781 0.039062
0 0.948242 0.675781 0.041016 0.050781
0 0.210938 0.449219 0.042969 0.035156
0 0.435547 0.680664 0.058594 0.037109
0 0.081055 0.916016 0.052734 0.046875
0 0.758789 0.664062 0.052734 0.035156
0 0.456055 0.121094 0.052734 0.058594
0 0.077148 0.344727 0.048828 0.048828
0 0.195312 0.100586 0.031250 0.052734
0 0.866211 0.339844 0.044922 0.058594
0 0.385742 0.546875 0.044922 0.058594
0 0.943359 0.951172 0.046875 0.042969
0 0.620117 0.634766 0.048828 0.035156
0 0.246094 0.096680 0.042969 0.048828
0 0.444336 0.542969 0.044922 0.039062
0 0.130859 0.152344 0.035156 0.050781
0 0.460938 0.418945 0.046875 0.033203
0 0.768555 0.707031 0.041016 0.035156
0 0.045898 0.222656 0.041016 0.046875
0 0.563477 0.705078 0.048828 0.046875
0 0.445312 0.461914 0.058594 0.037109
0 0.846680 0.679688 0.048828 0.031250
0 0.835938 0.109375 0.039062 0.039062
0 0.649414 0.559570 0.041016 0.052734
0 0.685547 0.623047 0.046875 0.031250
0 0.888672 0.068359 0.031250 0.046875
0 0.951172 0.092773 0.050781 0.048828
0 0.695312 0.140625 0.042969 0.039062
0 0.320312 0.096680 0.035156 0.033203
0 0.384766 0.127930 0.058594 0.052734
0 0.960938 0.873047 0.042969 0.031250
1 0.665039 0.842773 0.232422 0.212891
1 0.220703 0.647461 0.246094 0.244141
1 0.862305 0.217773 0.197266 0.154297
1 0.287109 0.284180 0.171875 0.150391
1 0.850586 0.501953 0.224609 0.214844
1 0.594727 0.241211 0.154297 0.146484
1 0.314453 0.886719 0.257812 0.148438
1 0.586914 0.421875 0.158203 0.144531