0 0.059570 0.697266 0.041016 0.050781
0 0.053711 0.959961 0.044922 0.044922
0 0.194336 0.530273 0.033203 0.048828
0 0.757812 0.109375 0.031250 0.054688
0 0.962891 0.493164 0.031250 0.052734
0 0.251953 0.219727 0.058594 0.033203
0 0.470703 0.360352 0.042969 0.048828
0 0.948242 0.077148 0.044922 0.052734
0 0.039062 0.299805 0.039062 0.048828
0 0.347656 0.097656 0.039062 0.035156
0 0.314453 0.825195 0.054688 0.033203
0 0.258789 0.942383 0.037109 0.052734
0 0.920898 0.831055 0.048828 0.033203
0 0.842773 0.960938 0.033203 0.046875
0 0.313477 0.227539 0.037109 0.056641
0 0.554688 0.420898 0.046875 0.048828
0 0.931641 0.920898 0.054688 0.037109
0 0.931641 0.606445 0.050781 0.037109
0 0.829102 0.046875 0.052734 0.050781
0 0.766602 0.824219 0.052734 0.050781
0 0.654297 0.067383 0.031250 0.044922
0 0.504883 0.110352 0.033203 0.048828
0 0.390625 0.742188 0.054688 0.042969
0 0.136719 0.484375 0.042969 0.058594
0 0.118164 0.353516 0.037109 0.050781
0 0.214844 0.296875 0.054688 0.035156
0 0.083984 0.536133 0.039062 0.052734
0 0.800781 0.758789 0.035156 0.048828
0 0.748047 0.230469 0.035156 0.046875
0 0.375977 0.668945 0.044922 0.041016
0 0.865234 0.118164 0.046875 0.033203
0 0.553711 0.660156 0.056641 0.035156
0 0.823242 0.650391 0.041016 0.058594
1 0.351562 0.400391 0.140625 0.261719
1 0.578125 0.804688 0.273438 0.234375
1 0.181641 0.705078 0.160156 0.265625
1 0.117188 0.125000 0.156250 0.136719
1 0.524414 0.542969 0.146484 0.175781
1 0.607422 0.278320 0.207031 0.166016
1 0.757812 0.472656 0.257812 0.156250
1 0.872070 0.268555 0.189453 0.181641