0 0.379297 0.577083 0.025781 0.048611
0 0.895703 0.233333 0.027344 0.044444
0 0.524609 0.035417 0.019531 0.031944
0 0.923047 0.954861 0.019531 0.029167
0 0.372656 0.054861 0.021875 0.045833
0 0.851562 0.480556 0.025000 0.044444
0 0.637891 0.360417 0.022656 0.043056
0 0.610938 0.758333 0.014063 0.027778
0 0.229687 0.103472 0.028125 0.048611
0 0.930078 0.415972 0.027344 0.048611
0 0.762891 0.452083 0.014844 0.037500
0 0.428125 0.044444 0.028125 0.036111
0 0.872656 0.394444 0.025000 0.050000
0 0.400391 0.381944 0.014844 0.025000
0 0.063281 0.501389 0.025000 0.044444
0 0.415625 0.665278 0.017188 0.027778
0 0.857422 0.247917 0.021094 0.026389
0 0.171875 0.882639 0.020313 0.034722
0 0.600781 0.032639 0.017188 0.031944
0 0.506641 0.560417 0.024219 0.037500
0 0.341016 0.408333 0.019531 0.033333
0 0.385937 0.484722 0.028125 0.038889
0 0.720703 0.157639 0.027344 0.037500
0 0.095312 0.251389 0.026562 0.038889
0 0.937109 0.106250 0.016406 0.037500
0 0.839844 0.363194 0.023438 0.048611
0 0.771484 0.129167 0.022656 0.041667
0 0.036328 0.808333 0.021094 0.047222
0 0.813281 0.431250 0.020313 0.048611
0 0.508984 0.133333 0.019531 0.038889
0 0.543359 0.579861 0.024219 0.031944
0 0.286719 0.115278 0.026562 0.036111
0 0.808594 0.855556 0.014063 0.038889
0 0.416797 0.084722 0.024219 0.030556
0 0.296484 0.494444 0.017969 0.041667
0 0.538672 0.668056 0.019531 0.050000
0 0.616016 0.570139 0.025781 0.043056
0 0.951953 0.927083 0.021094 0.043056
0 0.561719 0.887500 0.026562 0.041667
0 0.957812 0.093056 0.015625 0.030556
0 0.651953 0.404167 0.024219 0.027778
0 0.041016 0.384722 0.017969 0.030556
0 0.118359 0.161111 0.016406 0.041667
0 0.509375 0.720139 0.026562 0.029167
0 0.801562 0.268750 0.015625 0.031944
0 0.939453 0.534722 0.019531 0.047222
0 0.571094 0.553472 0.018750 0.034722
0 0.693750 0.130556 0.014063 0.030556
0 0.668750 0.859722 0.025000 0.030556
0 0.762500 0.200694 0.017188 0.031944
0 0.182422 0.197222 0.016406 0.030556
0 0.979688 0.168056 0.018750 0.044444
0 0.132031 0.923611 0.018750 0.050000
0 0.238672 0.565278 0.025781 0.047222
0 0.323047 0.059028 0.017969 0.029167
0 0.425000 0.392361 0.025000 0.034722
0 0.683203 0.323611 0.022656 0.041667
0 0.266016 0.408333 0.016406 0.027778
0 0.792188 0.304861 0.017188 0.029167
0 0.935937 0.804167 0.021875 0.033333
0 0.176172 0.136806 0.016406 0.043056
0 0.910547 0.331944 0.016406 0.030556
0 0.301563 0.347222 0.017188 0.033333
0 0.039062 0.582639 0.021875 0.029167
0 0.060547 0.150000 0.022656 0.041667
0 0.050781 0.663194 0.015625 0.043056
0 0.610156 0.825694 0.025000 0.034722
0 0.957031 0.336111 0.028125 0.050000
0 0.128125 0.827778 0.014063 0.050000
0 0.961328 0.463889 0.021094 0.027778
0 0.680859 0.420833 0.024219 0.038889
0 0.025781 0.900000 0.026562 0.038889
0 0.151562 0.845833 0.017188 0.027778
0 0.680469 0.370139 0.020313 0.026389
0 0.654297 0.950694 0.024219 0.034722
0 0.737500 0.920139 0.025000 0.031944
0 0.632422 0.913889 0.019531 0.025000
0 0.887500 0.792361 0.028125 0.043056
1 0.164453 0.440972 0.094531 0.281944
1 0.597656 0.197917 0.101562 0.173611
1 0.154688 0.706944 0.150000 0.166667
1 0.487891 0.863889 0.102344 0.180556
1 0.690625 0.605556 0.109375 0.277778
1 0.867969 0.665972 0.129688 0.179167
1 0.321094 0.840278 0.096875 0.236111
1 0.358984 0.231944 0.144531 0.166667