0 0.720703 0.060547 0.050781 0.054688
0 0.066406 0.175781 0.054688 0.039062
0 0.179688 0.056641 0.042969 0.054688
0 0.249023 0.421875 0.037109 0.042969
0 0.171875 0.926758 0.050781 0.048828
0 0.570312 0.067383 0.035156 0.033203
0 0.615234 0.175781 0.046875 0.031250
0 0.875977 0.768555 0.033203 0.052734
0 0.914062 0.101562 0.031250 0.058594
0 0.314453 0.454102 0.058594 0.041016
0 0.484375 0.904297 0.035156 0.058594
0 0.784180 0.090820 0.037109 0.037109
0 0.761719 0.190430 0.039062 0.044922
0 0.077148 0.061523 0.041016 0.044922
0 0.724609 0.359375 0.039062 0.058594
0 0.413086 0.761719 0.033203 0.046875
0 0.590820 0.604492 0.041016 0.052734
0 0.307617 0.337891 0.044922 0.058594
0 0.747070 0.672852 0.033203 0.037109
0 0.333008 0.585938 0.056641 0.039062
0 0.304688 0.907227 0.058594 0.048828
0 0.814453 0.629883 0.050781 0.048828
0 0.243164 0.851562 0.052734 0.035156
0 0.829102 0.159180 0.052734 0.044922
0 0.809570 0.766602 0.037109 0.037109
0 0.841797 0.268555 0.042969 0.052734
0 0.156250 0.128906 0.050781 0.050781
0 0.388672 0.332031 0.046875 0.050781
0 0.702148 0.242188 0.044922 0.046875
0 0.958984 0.170898 0.039062 0.048828
0 0.888672 0.652344 0.046875 0.058594
0 0.954102 0.667969 0.048828 0.054688
0 0.819336 0.703125 0.041016 0.054688
0 0.846680 0.361328 0.044922 0.054688
0 0.405273 0.902344 0.037109 0.050781
0 0.058594 0.228516 0.054688 0.031250
0 0.681641 0.148438 0.058594 0.039062
1 0.778320 0.502930 0.267578 0.189453
1 0.177734 0.686523 0.218750 0.189453
1 0.892578 0.879883 0.148438 0.146484
1 0.400391 0.159180 0.261719 0.244141
1 0.645508 0.826172 0.181641 0.246094
1 0.518555 0.396484 0.181641 0.183594
1 0.476562 0.591797 0.156250 0.148438
1 0.139648 0.426758 0.158203 0.240234