0 0.849609 0.514648 0.035156 0.037109
0 0.917969 0.600586 0.050781 0.033203
0 0.033203 0.197266 0.031250 0.050781
0 0.789062 0.391602 0.054688 0.033203
0 0.533203 0.464844 0.058594 0.054688
0 0.378906 0.507812 0.042969 0.035156
0 0.242188 0.944336 0.039062 0.041016
0 0.515625 0.054688 0.035156 0.031250
0 0.638672 0.386719 0.054688 0.035156
0 0.905273 0.714844 0.033203 0.035156
0 0.709961 0.811523 0.037109 0.052734
0 0.247070 0.269531 0.037109 0.050781
0 0.948242 0.958984 0.056641 0.042969
0 0.333984 0.893555 0.050781 0.052734
0 0.865234 0.385742 0.058594 0.056641
0 0.652344 0.069336 0.050781 0.044922
0 0.575195 0.641602 0.037109 0.052734
0 0.216797 0.699219 0.050781 0.058594
0 0.167969 0.123047 0.046875 0.042969
0 0.122070 0.613281 0.048828 0.058594
0 0.276367 0.498047 0.044922 0.050781
0 0.376953 0.082031 0.050781 0.042969
0 0.691406 0.749023 0.046875 0.033203
0 0.516602 0.121094 0.033203 0.039062
0 0.125977 0.704102 0.056641 0.037109
0 0.061523 0.699219 0.044922 0.050781
0 0.758789 0.946289 0.056641 0.052734
0 0.894531 0.441406 0.042969 0.039062
0 0.777344 0.472656 0.046875 0.035156
0 0.907227 0.073242 0.037109 0.048828
0 0.231445 0.629883 0.044922 0.056641
0 0.653320 0.276367 0.033203 0.052734
0 0.550781 0.937500 0.039062 0.031250
0 0.580078 0.116211 0.031250 0.052734
1 0.106445 0.825195 0.166016 0.177734
1 0.135742 0.435547 0.177734 0.214844
1 0.397461 0.266602 0.185547 0.271484
1 0.835938 0.206055 0.257812 0.197266
1 0.489258 0.826172 0.185547 0.171875
1 0.696289 0.594727 0.189453 0.189453
1 0.840820 0.818359 0.193359 0.144531
1 0.358398 0.635742 0.142578 0.158203