0 0.409766 0.264583 0.014844 0.029167
0 0.066406 0.106944 0.026562 0.033333
0 0.539062 0.447917 0.017188 0.040278
0 0.869141 0.459028 0.021094 0.043056
0 0.853516 0.399306 0.024219 0.034722
0 0.046094 0.411111 0.014063 0.027778
0 0.129297 0.063194 0.021094 0.048611
0 0.028516 0.632639 0.024219 0.031944
0 0.045703 0.181944 0.019531 0.027778
0 0.403906 0.041667 0.014063 0.038889
0 0.369141 0.955556 0.022656 0.033333
0 0.808203 0.876389 0.016406 0.030556
0 0.210156 0.136111 0.021875 0.033333
0 0.964844 0.504167 0.015625 0.038889
0 0.186719 0.177778 0.025000 0.038889
0 0.628516 0.644444 0.021094 0.050000
0 0.289062 0.574306 0.026562 0.040278
0 0.163672 0.633333 0.016406 0.025000
0 0.974609 0.829167 0.027344 0.025000
0 0.837109 0.681944 0.022656 0.025000
0 0.091406 0.199306 0.023438 0.031944
0 0.771484 0.879861 0.027344 0.040278
0 0.214062 0.275000 0.026562 0.027778
0 0.072266 0.042361 0.027344 0.031944
0 0.083203 0.377083 0.016406 0.045833
0 0.853516 0.854861 0.016406 0.026389
0 0.052734 0.236806 0.014844 0.031944
0 0.452734 0.195139 0.021094 0.048611
0 0.189844 0.904861 0.025000 0.040278
0 0.559375 0.454861 0.017188 0.026389
0 0.282031 0.331944 0.025000 0.027778
0 0.375000 0.319444 0.021875 0.030556
0 0.976562 0.637500 0.020313 0.025000
0 0.783984 0.934722 0.014844 0.025000
0 0.546484 0.734028 0.022656 0.045833
0 0.917969 0.864583 0.015625 0.029167
0 0.871094 0.894444 0.018750 0.041667
0 0.596094 0.715278 0.026562 0.033333
0 0.421094 0.211111 0.014063 0.027778
0 0.571094 0.884028 0.026562 0.037500
0 0.784375 0.759722 0.026562 0.030556
0 0.158203 0.063889 0.027344 0.027778
0 0.020313 0.953472 0.015625 0.026389
0 0.971484 0.562500 0.016406 0.033333
0 0.538672 0.545139 0.019531 0.026389
0 0.562109 0.604167 0.022656 0.027778
0 0.230078 0.918056 0.024219 0.044444
0 0.909375 0.612500 0.026562 0.027778
0 0.517188 0.459028 0.018750 0.029167
0 0.935547 0.560417 0.019531 0.026389
0 0.321484 0.325000 0.014844 0.050000
0 0.949219 0.419444 0.026562 0.033333
0 0.318359 0.376389 0.027344 0.038889
0 0.214844 0.961111 0.025000 0.027778
0 0.225000 0.611806 0.028125 0.037500
0 0.077734 0.261111 0.021094 0.027778
0 0.625000 0.557639 0.015625 0.040278
0 0.064844 0.485417 0.020313 0.029167
0 0.108203 0.534722 0.025781 0.038889
0 0.831641 0.913889 0.024219 0.036111
0 0.657813 0.058333 0.028125 0.050000
0 0.110156 0.617361 0.015625 0.026389
0 0.855469 0.056944 0.021875 0.038889
0 0.262500 0.603472 0.014063 0.037500
0 0.897656 0.480556 0.028125 0.030556
0 0.951562 0.786806 0.020313 0.040278
0 0.149609 0.224306 0.019531 0.029167
0 0.530859 0.943056 0.025781 0.027778
0 0.024219 0.236806 0.026562 0.043056
0 0.220703 0.050694 0.024219 0.031944
0 0.094141 0.473611 0.027344 0.030556
1 0.885156 0.225000 0.146875 0.250000
1 0.742578 0.600694 0.153906 0.248611
1 0.203516 0.452083 0.122656 0.234722
1 0.664844 0.847917 0.123438 0.173611
1 0.303516 0.759722 0.167969 0.219444
1 0.545312 0.195139 0.125000 0.240278
1 0.092578 0.772222 0.135156 0.219444
1 0.400781 0.459722 0.128125 0.211111
1 0.700000 0.231944 0.123438 0.252778
1 0.307812 0.172222 0.126562 0.230556