0 0.976562 0.374306 0.028125 0.045833
0 0.765234 0.404861 0.017969 0.045833
0 0.804297 0.947917 0.014844 0.048611
0 0.047266 0.547917 0.014844 0.037500
0 0.783203 0.450000 0.019531 0.025000
0 0.516406 0.493750 0.023438 0.031944
0 0.674219 0.067361 0.014063 0.040278
0 0.976172 0.642361 0.016406 0.040278
0 0.702344 0.578472 0.023438 0.040278
0 0.720703 0.152083 0.016406 0.040278
0 0.641406 0.126389 0.017188 0.047222
0 0.400781 0.870833 0.026562 0.050000
0 0.869531 0.895833 0.014063 0.033333
0 0.319141 0.252083 0.014844 0.029167
0 0.118750 0.428472 0.014063 0.034722
0 0.776172 0.299306 0.014844 0.026389
0 0.122266 0.187500 0.021094 0.036111
0 0.569531 0.584722 0.014063 0.025000
0 0.282813 0.950000 0.014063 0.044444
0 0.739844 0.906944 0.025000 0.027778
0 0.783594 0.593056 0.018750 0.036111
0 0.498828 0.189583 0.021094 0.045833
0 0.321484 0.422222 0.025781 0.030556
0 0.063672 0.145833 0.016406 0.047222
0 0.539453 0.600694 0.019531 0.043056
0 0.121875 0.934028 0.015625 0.048611
0 0.680469 0.128472 0.017188 0.048611
0 0.610156 0.959722 0.020313 0.044444
0 0.030469 0.604167 0.026562 0.027778
0 0.772266 0.518056 0.025781 0.036111
0 0.312891 0.094444 0.022656 0.038889
0 0.420703 0.102083 0.021094 0.043056
0 0.258984 0.499306 0.025781 0.048611
0 0.062500 0.721528 0.017188 0.037500
0 0.036719 0.831944 0.020313 0.050000
0 0.980078 0.266667 0.014844 0.033333
0 0.944922 0.528472 0.014844 0.031944
0 0.446094 0.050000 0.015625 0.041667
0 0.666797 0.963889 0.019531 0.038889
0 0.860156 0.034028 0.023438 0.026389
0 0.031250 0.645833 0.023438 0.033333
0 0.175391 0.877083 0.025781 0.043056
0 0.955469 0.284722 0.025000 0.033333
0 0.329688 0.135417 0.014063 0.031944
0 0.978125 0.084722 0.015625 0.038889
0 0.267578 0.681250 0.021094 0.045833
0 0.050781 0.378472 0.028125 0.029167
0 0.574609 0.140972 0.024219 0.034722
0 0.344531 0.534722 0.015625 0.030556
0 0.742578 0.347222 0.027344 0.041667
0 0.421875 0.786806 0.020313 0.037500
0 0.131250 0.122222 0.018750 0.027778
0 0.149219 0.056250 0.018750 0.040278
0 0.088672 0.931944 0.019531 0.047222
0 0.621875 0.520833 0.018750 0.044444
0 0.094922 0.107639 0.014844 0.026389
0 0.677734 0.519444 0.021094 0.047222
0 0.771484 0.147222 0.027344 0.041667
0 0.494922 0.059028 0.021094 0.048611
0 0.720313 0.485417 0.020313 0.034722
0 0.759375 0.264583 0.026562 0.029167
0 0.200000 0.411111 0.015625 0.036111
0 0.273828 0.575000 0.024219 0.025000
0 0.417578 0.689583 0.014844 0.031944
0 0.782031 0.096528 0.014063 0.026389
0 0.290234 0.450694 0.027344 0.029167
0 0.203906 0.931944 0.025000 0.033333
0 0.529687 0.145139 0.025000 0.037500
0 0.275000 0.767361 0.014063 0.043056
0 0.293750 0.229861 0.023438 0.048611
0 0.852734 0.439583 0.022656 0.048611
0 0.045312 0.788194 0.018750 0.026389
0 0.335938 0.186111 0.023438 0.044444
0 0.478906 0.918056 0.018750 0.044444
0 0.810937 0.419444 0.018750 0.025000
0 0.140234 0.351389 0.014844 0.036111
0 0.220703 0.868056 0.021094 0.025000
0 0.200781 0.052778 0.021875 0.044444
0 0.069141 0.057639 0.017969 0.031944
0 0.561719 0.905556 0.020313 0.033333
0 0.288281 0.399306 0.018750 0.026389
0 0.546094 0.041667 0.025000 0.025000
0 0.083203 0.468056 0.019531 0.025000
0 0.246094 0.902083 0.020313 0.029167
0 0.952344 0.623611 0.017188 0.030556
0 0.619922 0.882639 0.027344 0.031944
0 0.968750 0.153472 0.015625 0.043056
0 0.047656 0.325000 0.014063 0.030556
0 0.523828 0.897222 0.027344 0.025000
0 0.759375 0.206944 0.021875 0.044444
0 0.910547 0.420139 0.024219 0.037500
0 0.895312 0.902083 0.017188 0.031944
0 0.387891 0.062500 0.021094 0.036111
0 0.066797 0.323611 0.017969 0.047222
0 0.037109 0.090278 0.019531 0.041667
0 0.052734 0.926389 0.017969 0.041667
0 0.055859 0.624306 0.017969 0.043056
0 0.117578 0.261806 0.019531 0.029167
0 0.342578 0.375000 0.016406 0.050000
0 0.304297 0.292361 0.016406 0.034722
0 0.323047 0.050000 0.017969 0.030556
0 0.255859 0.078472 0.014844 0.048611
0 0.741797 0.413889 0.022656 0.038889
0 0.706641 0.919444 0.025781 0.033333
0 0.732031 0.529167 0.025000 0.038889
0 0.589453 0.904167 0.014844 0.050000
0 0.083984 0.520139 0.027344 0.043056
0 0.800781 0.031250 0.020313 0.029167
1 0.865234 0.247222 0.141406 0.291667
1 0.159766 0.729167 0.163281 0.216667
1 0.215625 0.244444 0.120313 0.241667
1 0.521484 0.745139 0.160156 0.206944
1 0.343359 0.697917 0.103906 0.206944
1 0.600000 0.324306 0.165625 0.265278
1 0.420312 0.289583 0.123438 0.293056
1 0.866016 0.595833 0.130469 0.230556
1 0.717969 0.738194 0.101562 0.245833