0 0.273438 0.167969 0.031250 0.035156
0 0.075195 0.239258 0.037109 0.048828
0 0.209961 0.080078 0.041016 0.058594
0 0.276367 0.040039 0.033203 0.041016
0 0.900391 0.565430 0.046875 0.041016
0 0.114258 0.541992 0.044922 0.037109
0 0.504883 0.101562 0.037109 0.050781
0 0.311523 0.120117 0.044922 0.044922
0 0.669922 0.954102 0.054688 0.056641
0 0.090820 0.331055 0.044922 0.041016
0 0.103516 0.688477 0.031250 0.056641
0 0.267578 0.473633 0.042969 0.052734
0 0.468750 0.572266 0.035156 0.031250
0 0.124023 0.129883 0.052734 0.052734
0 0.494141 0.733398 0.031250 0.037109
0 0.036133 0.954102 0.033203 0.037109
0 0.820312 0.076172 0.054688 0.031250
0 0.947266 0.724609 0.054688 0.042969
0 0.045898 0.048828 0.037109 0.035156
0 0.057617 0.811523 0.044922 0.037109
0 0.211914 0.294922 0.052734 0.054688
0 0.359375 0.174805 0.031250 0.041016
0 0.437500 0.088867 0.031250 0.056641
0 0.886719 0.092773 0.058594 0.033203
0 0.955078 0.160156 0.054688 0.050781
0 0.496094 0.847656 0.035156 0.031250
0 0.036133 0.129883 0.041016 0.044922
0 0.218750 0.419922 0.058594 0.035156
0 0.187500 0.541016 0.031250 0.046875
0 0.111328 0.064453 0.050781 0.039062
1 0.662109 0.141602 0.195312 0.173828
1 0.456055 0.369141 0.259766 0.234375
1 0.806641 0.707031 0.148438 0.179688
1 0.307617 0.820312 0.255859 0.226562
1 0.611328 0.824219 0.175781 0.140625
1 0.764648 0.444336 0.197266 0.267578