0 0.385742 0.544922 0.052734 0.031250
0 0.391602 0.383789 0.033203 0.048828
0 0.195312 0.777344 0.054688 0.039062
0 0.485352 0.079102 0.056641 0.033203
0 0.621094 0.426758 0.050781 0.037109
0 0.286133 0.034180 0.033203 0.033203
0 0.808594 0.854492 0.058594 0.044922
0 0.314453 0.599609 0.031250 0.050781
0 0.139648 0.680664 0.052734 0.041016
0 0.807617 0.949219 0.048828 0.039062
0 0.928711 0.553711 0.041016 0.041016
0 0.878906 0.112305 0.050781 0.041016
0 0.878906 0.208008 0.050781 0.044922
0 0.881836 0.629883 0.056641 0.041016
0 0.936523 0.062500 0.037109 0.050781
0 0.294922 0.337891 0.050781 0.042969
0 0.555664 0.119141 0.033203 0.046875
0 0.187500 0.316406 0.050781 0.031250
0 0.796875 0.053711 0.035156 0.037109
0 0.329102 0.524414 0.033203 0.041016
0 0.134766 0.918945 0.046875 0.037109
0 0.596680 0.781250 0.044922 0.035156
0 0.925781 0.855469 0.054688 0.046875
0 0.383789 0.260742 0.052734 0.044922
0 0.646484 0.754883 0.039062 0.033203
0 0.080078 0.690430 0.039062 0.048828
0 0.541992 0.278320 0.037109 0.033203
0 0.616211 0.931641 0.052734 0.054688
0 0.628906 0.837891 0.054688 0.058594
0 0.222656 0.943359 0.058594 0.042969
1 0.135742 0.495117 0.208984 0.220703
1 0.217773 0.178711 0.255859 0.205078
1 0.489258 0.547852 0.138672 0.193359
1 0.709961 0.593750 0.248047 0.246094
1 0.700195 0.231445 0.212891 0.244141
1 0.429688 0.803711 0.218750 0.236328
1 0.916016 0.330078 0.136719 0.144531