0 0.305664 0.703125 0.037109 0.050781
0 0.472656 0.798828 0.039062 0.042969
0 0.714844 0.460938 0.039062 0.054688
0 0.081055 0.407227 0.056641 0.041016
0 0.312500 0.074219 0.042969 0.054688
0 0.666992 0.787109 0.056641 0.031250
0 0.805664 0.921875 0.044922 0.046875
0 0.072266 0.121094 0.050781 0.042969
0 0.953125 0.484375 0.031250 0.054688
0 0.056641 0.172852 0.042969 0.037109
0 0.625977 0.954102 0.044922 0.037109
0 0.927734 0.284180 0.054688 0.037109
0 0.484375 0.415039 0.058594 0.037109
0 0.285156 0.886719 0.050781 0.050781
0 0.897461 0.462891 0.033203 0.031250
0 0.915039 0.091797 0.048828 0.050781
0 0.052734 0.860352 0.042969 0.056641
0 0.051758 0.779297 0.033203 0.039062
0 0.887695 0.913086 0.044922 0.033203
0 0.165039 0.357422 0.048828 0.046875
0 0.952148 0.867188 0.044922 0.058594
0 0.805664 0.847656 0.052734 0.050781
0 0.888672 0.756836 0.035156 0.044922
0 0.061523 0.508789 0.033203 0.056641
0 0.342773 0.923828 0.041016 0.042969
0 0.820312 0.050781 0.035156 0.035156
0 0.412109 0.371094 0.058594 0.054688
0 0.507812 0.326172 0.031250 0.031250
0 0.949219 0.224609 0.050781 0.035156
0 0.510742 0.208984 0.044922 0.050781
0 0.801758 0.485352 0.052734 0.048828
0 0.954102 0.620117 0.044922 0.052734
0 0.422852 0.833984 0.044922 0.050781
0 0.861328 0.392578 0.039062 0.058594
0 0.112305 0.538086 0.044922 0.041016
0 0.550781 0.805664 0.050781 0.033203
0 0.498047 0.927734 0.042969 0.035156
0 0.950195 0.386719 0.048828 0.042969
0 0.933594 0.679688 0.031250 0.046875
0 0.034180 0.653320 0.033203 0.037109
0 0.510742 0.104492 0.056641 0.033203
0 0.318359 0.654297 0.058594 0.031250
0 0.367188 0.120117 0.050781 0.041016
0 0.943359 0.776367 0.054688 0.044922
0 0.428711 0.904297 0.033203 0.050781
0 0.605469 0.440430 0.046875 0.041016
0 0.694336 0.960938 0.056641 0.042969
0 0.878906 0.625977 0.058594 0.056641
0 0.875000 0.512695 0.035156 0.044922
1 0.246094 0.500977 0.203125 0.166016
1 0.273438 0.223633 0.250000 0.150391
1 0.680664 0.309570 0.271484 0.173828
1 0.749023 0.635742 0.166016 0.166016
1 0.649414 0.105469 0.162109 0.160156
1 0.174805 0.743164 0.162109 0.205078
1 0.500000 0.625000 0.203125 0.250000