0 0.878906 0.711914 0.050781 0.041016
0 0.277344 0.290039 0.035156 0.044922
0 0.464844 0.720703 0.058594 0.035156
0 0.339844 0.244141 0.039062 0.054688
0 0.046875 0.542969 0.035156 0.058594
0 0.761719 0.898438 0.042969 0.042969
0 0.182617 0.076172 0.048828 0.050781
0 0.955078 0.644531 0.035156 0.050781
0 0.362305 0.841797 0.037109 0.042969
0 0.533203 0.692383 0.054688 0.037109
0 0.665039 0.083008 0.033203 0.033203
0 0.776367 0.238281 0.052734 0.031250
0 0.054688 0.455078 0.042969 0.039062
0 0.045898 0.100586 0.041016 0.044922
0 0.516602 0.044922 0.056641 0.046875
0 0.778320 0.160156 0.041016 0.058594
0 0.705078 0.038086 0.058594 0.037109
0 0.557617 0.289062 0.037109 0.039062
0 0.580078 0.613281 0.031250 0.046875
0 0.503906 0.636719 0.035156 0.042969
0 0.337891 0.063477 0.054688 0.044922
0 0.692383 0.680664 0.056641 0.052734
0 0.342773 0.953125 0.056641 0.042969
0 0.382812 0.766602 0.031250 0.037109
0 0.949219 0.084961 0.035156 0.033203
0 0.656250 0.925781 0.054688 0.035156
0 0.265625 0.404297 0.039062 0.042969
0 0.779297 0.675781 0.042969 0.046875
0 0.837891 0.833984 0.039062 0.046875
0 0.274414 0.033203 0.037109 0.031250
0 0.920898 0.868164 0.056641 0.056641
0 0.385742 0.657227 0.041016 0.033203
0 0.717773 0.599609 0.048828 0.046875
0 0.879883 0.192383 0.044922 0.048828
0 0.914062 0.966797 0.035156 0.035156
0 0.126953 0.052734 0.039062 0.039062
0 0.188477 0.455078 0.044922 0.035156
0 0.608398 0.041016 0.056641 0.050781
1 0.165039 0.619141 0.154297 0.257812
1 0.446289 0.459961 0.197266 0.271484
1 0.601562 0.806641 0.195312 0.148438
1 0.903320 0.376953 0.142578 0.230469
1 0.691406 0.431641 0.207031 0.261719
1 0.505859 0.189453 0.246094 0.140625
1 0.153320 0.220703 0.150391 0.203125
1 0.167969 0.845703 0.238281 0.140625