0 0.324219 0.083984 0.031250 0.042969
0 0.421875 0.542969 0.046875 0.054688
0 0.058594 0.865234 0.050781 0.035156
0 0.836914 0.090820 0.044922 0.044922
0 0.848633 0.366211 0.041016 0.048828
0 0.935547 0.328125 0.046875 0.050781
0 0.485352 0.621094 0.052734 0.050781
0 0.830078 0.301758 0.046875 0.044922
0 0.500977 0.555664 0.052734 0.056641
0 0.899414 0.152344 0.056641 0.050781
0 0.679688 0.497070 0.058594 0.033203
0 0.290039 0.870117 0.041016 0.037109
0 0.836914 0.608398 0.033203 0.056641
0 0.913086 0.453125 0.033203 0.046875
0 0.457031 0.470703 0.050781 0.046875
0 0.941406 0.254883 0.035156 0.048828
0 0.180664 0.091797 0.048828 0.054688
0 0.570312 0.470703 0.042969 0.058594
0 0.061523 0.521484 0.056641 0.050781
0 0.372070 0.279297 0.056641 0.035156
0 0.093750 0.043945 0.058594 0.044922
0 0.257812 0.770508 0.039062 0.056641
0 0.750000 0.423828 0.058594 0.050781
0 0.915039 0.876953 0.037109 0.058594
0 0.360352 0.936523 0.041016 0.056641
0 0.561523 0.117188 0.044922 0.046875
0 0.925781 0.733398 0.050781 0.044922
0 0.265625 0.181641 0.039062 0.054688
0 0.901367 0.031250 0.044922 0.031250
0 0.625000 0.859375 0.042969 0.035156
0 0.193359 0.764648 0.035156 0.037109
0 0.090820 0.735352 0.041016 0.044922
0 0.370117 0.754883 0.037109 0.041016
0 0.602539 0.780273 0.037109 0.033203
0 0.655273 0.060547 0.052734 0.042969
0 0.293945 0.956055 0.044922 0.044922
0 0.364258 0.827148 0.041016 0.037109
0 0.395508 0.613281 0.041016 0.058594
0 0.586914 0.605469 0.041016 0.039062
0 0.326172 0.181641 0.031250 0.042969
0 0.284180 0.330078 0.044922 0.035156
0 0.843750 0.722656 0.035156 0.042969
1 0.724609 0.220703 0.140625 0.195312
1 0.227539 0.572266 0.240234 0.261719
1 0.093750 0.268555 0.136719 0.224609
1 0.708008 0.646484 0.166016 0.199219
1 0.443359 0.157227 0.152344 0.162109
1 0.479492 0.790039 0.150391 0.255859
1 0.166016 0.910156 0.144531 0.136719
1 0.526367 0.346680 0.201172 0.158203
1 0.778320 0.869141 0.212891 0.175781