0 0.059766 0.921528 0.014844 0.029167
0 0.066406 0.143750 0.017188 0.040278
0 0.049219 0.666667 0.028125 0.050000
0 0.312891 0.145139 0.027344 0.040278
0 0.353125 0.927083 0.017188 0.043056
0 0.492969 0.897222 0.020313 0.044444
0 0.423047 0.527083 0.019531 0.037500
0 0.534766 0.269444 0.021094 0.047222
0 0.946484 0.115972 0.024219 0.040278
0 0.871094 0.463889 0.014063 0.033333
0 0.938672 0.369444 0.027344 0.027778
0 0.928125 0.238194 0.020313 0.031944
0 0.532813 0.802083 0.025000 0.048611
0 0.504297 0.245833 0.022656 0.027778
0 0.337891 0.581250 0.025781 0.045833
0 0.875391 0.529861 0.025781 0.040278
0 0.275781 0.152083 0.028125 0.043056
0 0.275781 0.675000 0.020313 0.044444
0 0.442578 0.254861 0.025781 0.040278
0 0.329688 0.865972 0.026562 0.031944
0 0.216406 0.822917 0.017188 0.026389
0 0.962891 0.429861 0.021094 0.031944
0 0.457422 0.933333 0.019531 0.047222
0 0.078516 0.077083 0.024219 0.037500
0 0.300000 0.041667 0.026562 0.050000
0 0.913281 0.428472 0.015625 0.026389
0 0.369141 0.620833 0.016406 0.047222
0 0.094531 0.354167 0.020313 0.033333
0 0.693750 0.915972 0.017188 0.034722
0 0.724609 0.950694 0.014844 0.045833
0 0.500000 0.101389 0.017188 0.033333
0 0.973437 0.911806 0.028125 0.045833
0 0.271484 0.214583 0.017969 0.029167
0 0.407813 0.148611 0.020313 0.050000
0 0.783203 0.938194 0.022656 0.043056
0 0.510938 0.043056 0.014063 0.027778
0 0.444531 0.295833 0.014063 0.027778
0 0.888672 0.255556 0.021094 0.033333
0 0.775000 0.034028 0.026562 0.034722
0 0.475781 0.039583 0.015625 0.045833
0 0.287891 0.873611 0.027344 0.038889
0 0.041406 0.291667 0.014063 0.050000
0 0.900781 0.147917 0.017188 0.034722
0 0.212500 0.311806 0.018750 0.029167
0 0.970703 0.615278 0.025781 0.025000
0 0.823438 0.471528 0.015625 0.026389
0 0.594922 0.923611 0.014844 0.038889
0 0.122266 0.847917 0.016406 0.048611
0 0.550000 0.948611 0.021875 0.036111
0 0.035156 0.188194 0.018750 0.043056
0 0.767578 0.602083 0.027344 0.048611
0 0.547266 0.338194 0.019531 0.029167
0 0.240625 0.128472 0.017188 0.029167
0 0.797266 0.870833 0.022656 0.033333
0 0.821094 0.917361 0.028125 0.031944
0 0.253125 0.676389 0.018750 0.025000
0 0.389844 0.095139 0.026562 0.026389
0 0.225000 0.252083 0.017188 0.043056
0 0.254688 0.292361 0.014063 0.045833
0 0.246484 0.054861 0.017969 0.043056
0 0.589063 0.677778 0.025000 0.027778
0 0.090234 0.462500 0.014844 0.038889
0 0.058203 0.804861 0.027344 0.034722
0 0.259766 0.390972 0.017969 0.043056
0 0.410938 0.905556 0.028125 0.041667
0 0.959375 0.478472 0.017188 0.031944
0 0.030078 0.518750 0.022656 0.031944
0 0.655469 0.600694 0.017188 0.037500
0 0.817969 0.387500 0.026562 0.038889
0 0.742969 0.188194 0.014063 0.029167
0 0.265625 0.436806 0.017188 0.031944
0 0.960938 0.743750 0.021875 0.031944
0 0.112891 0.073611 0.014844 0.036111
0 0.983203 0.547222 0.014844 0.030556
1 0.501953 0.578472 0.110156 0.284722
1 0.665625 0.444444 0.171875 0.191667
1 0.133203 0.215278 0.102344 0.216667
1 0.153516 0.657639 0.158594 0.187500
1 0.694922 0.742361 0.163281 0.193056
1 0.351953 0.349306 0.121094 0.290278
1 0.653125 0.172917 0.154688 0.245833
1 0.819531 0.204861 0.098437 0.284722
1 0.882812 0.720833 0.123438 0.286111
1 0.173437 0.454167 0.128125 0.166667