0 0.537500 0.344444 0.025000 0.025000
0 0.113281 0.444444 0.026562 0.047222
0 0.765625 0.559722 0.017188 0.030556
0 0.226172 0.054167 0.019531 0.044444
0 0.895312 0.552778 0.015625 0.044444
0 0.067187 0.856250 0.028125 0.040278
0 0.394141 0.952778 0.021094 0.027778
0 0.060937 0.803472 0.018750 0.026389
0 0.677344 0.688889 0.017188 0.041667
0 0.054297 0.668750 0.022656 0.029167
0 0.812891 0.365278 0.017969 0.027778
0 0.589453 0.397222 0.014844 0.050000
0 0.865625 0.493750 0.025000 0.026389
0 0.095703 0.836806 0.014844 0.040278
0 0.064062 0.477778 0.028125 0.047222
0 0.888672 0.070139 0.017969 0.034722
0 0.806250 0.418056 0.015625 0.033333
0 0.382812 0.136806 0.014063 0.026389
0 0.068750 0.397917 0.017188 0.045833
0 0.561719 0.070833 0.018750 0.027778
0 0.310156 0.062500 0.020313 0.027778
0 0.120703 0.743750 0.014844 0.045833
0 0.307812 0.145139 0.021875 0.048611
0 0.343359 0.327083 0.019531 0.031944
0 0.080859 0.041667 0.022656 0.038889
0 0.112109 0.193750 0.019531 0.043056
0 0.157812 0.031944 0.026562 0.027778
0 0.940625 0.451389 0.028125 0.025000
0 0.138281 0.201389 0.014063 0.027778
0 0.051562 0.559028 0.025000 0.026389
0 0.042969 0.281250 0.025000 0.034722
0 0.380469 0.073611 0.014063 0.047222
0 0.083594 0.688889 0.020313 0.027778
0 0.033984 0.419444 0.025781 0.044444
0 0.675000 0.936806 0.018750 0.034722
0 0.708594 0.533333 0.026562 0.033333
0 0.667969 0.442361 0.020313 0.048611
0 0.825781 0.537500 0.015625 0.047222
0 0.449219 0.356250 0.017188 0.029167
0 0.763672 0.925000 0.019531 0.027778
0 0.342187 0.765278 0.023438 0.030556
0 0.529687 0.247917 0.026562 0.040278
0 0.740625 0.410417 0.021875 0.031944
0 0.855859 0.576389 0.016406 0.038889
0 0.544531 0.961806 0.015625 0.029167
0 0.132812 0.589583 0.014063 0.029167
0 0.566016 0.356250 0.019531 0.034722
0 0.101172 0.581250 0.025781 0.037500
0 0.843750 0.234722 0.026562 0.036111
0 0.535937 0.441667 0.015625 0.033333
0 0.830859 0.443056 0.019531 0.033333
0 0.584766 0.800694 0.022656 0.034722
0 0.426172 0.241667 0.025781 0.030556
0 0.483594 0.319444 0.014063 0.044444
0 0.923438 0.570833 0.028125 0.044444
0 0.043359 0.044444 0.025781 0.050000
0 0.958203 0.225694 0.027344 0.029167
0 0.178906 0.084722 0.021875 0.041667
0 0.529687 0.177778 0.026562 0.047222
0 0.924219 0.118750 0.023438 0.043056
0 0.900000 0.461806 0.021875 0.029167
0 0.650391 0.921528 0.021094 0.034722
0 0.075000 0.187500 0.025000 0.044444
0 0.861719 0.272917 0.020313 0.029167
0 0.067969 0.270833 0.018750 0.036111
0 0.973828 0.479167 0.016406 0.030556
0 0.875000 0.195139 0.017188 0.048611
0 0.298828 0.966667 0.019531 0.027778
0 0.433984 0.950000 0.019531 0.038889
0 0.384375 0.272222 0.017188 0.044444
0 0.602734 0.208333 0.022656 0.041667
0 0.498047 0.154861 0.025781 0.043056
0 0.339062 0.823611 0.020313 0.025000
0 0.626172 0.131250 0.027344 0.034722
0 0.336328 0.189583 0.014844 0.026389
0 0.857422 0.049306 0.027344 0.040278
0 0.902734 0.393056 0.022656 0.036111
0 0.932031 0.503472 0.026562 0.034722
0 0.028906 0.715278 0.021875 0.047222
0 0.904687 0.217361 0.028125 0.048611
0 0.350781 0.906250 0.015625 0.045833
0 0.674219 0.854167 0.018750 0.038889
0 0.082422 0.756944 0.027344 0.038889
0 0.846094 0.374306 0.017188 0.026389
0 0.089063 0.329167 0.026562 0.027778
0 0.894922 0.915972 0.014844 0.026389
0 0.122656 0.906250 0.021875 0.026389
0 0.928516 0.302083 0.016406 0.029167
0 0.341016 0.142361 0.019531 0.040278
0 0.513281 0.824306 0.028125 0.043056
0 0.104297 0.034722 0.017969 0.036111
0 0.800000 0.579167 0.023438 0.027778
0 0.820703 0.120139 0.017969 0.037500
0 0.621094 0.431944 0.015625 0.038889
0 0.968750 0.328472 0.018750 0.031944
0 0.957031 0.404861 0.023438 0.034722
0 0.037109 0.375000 0.016406 0.033333
0 0.465625 0.908333 0.017188 0.041667
0 0.551172 0.300000 0.016406 0.033333
0 0.050781 0.913889 0.017188 0.027778
0 0.145313 0.831944 0.015625 0.050000
0 0.807422 0.824306 0.019531 0.026389
0 0.128906 0.673611 0.017188 0.041667
0 0.201953 0.953472 0.014844 0.026389
0 0.657813 0.800694 0.020313 0.037500
0 0.900781 0.959722 0.015625 0.041667
1 0.740625 0.704167 0.095312 0.175000
1 0.244141 0.552083 0.169531 0.204167
1 0.720313 0.211806 0.143750 0.298611
1 0.903906 0.767361 0.140625 0.243056
1 0.570312 0.638194 0.167187 0.268056
1 0.239063 0.302778 0.168750 0.211111
1 0.213281 0.812500 0.095312 0.166667
1 0.410938 0.581250 0.115625 0.287500