0 0.405273 0.608398 0.041016 0.037109
0 0.159180 0.383789 0.044922 0.056641
0 0.353516 0.655273 0.042969 0.033203
0 0.516602 0.909180 0.048828 0.048828
0 0.947266 0.357422 0.031250 0.046875
0 0.863281 0.953125 0.039062 0.039062
0 0.963867 0.504883 0.033203 0.044922
0 0.486328 0.198242 0.054688 0.033203
0 0.591797 0.599609 0.046875 0.046875
0 0.184570 0.038086 0.044922 0.037109
0 0.585938 0.121094 0.054688 0.042969
0 0.124023 0.126953 0.044922 0.058594
0 0.770508 0.467773 0.037109 0.044922
0 0.876953 0.203125 0.054688 0.054688
0 0.080078 0.046875 0.054688 0.054688
0 0.106445 0.377930 0.033203 0.041016
0 0.934570 0.458984 0.033203 0.031250
0 0.051758 0.922852 0.056641 0.041016
0 0.721680 0.943359 0.048828 0.042969
0 0.953125 0.642578 0.035156 0.042969
0 0.536133 0.344727 0.056641 0.052734
0 0.849609 0.045898 0.031250 0.048828
0 0.384766 0.470703 0.050781 0.031250
0 0.136719 0.058594 0.031250 0.031250
0 0.183594 0.298828 0.046875 0.035156
0 0.941406 0.938477 0.035156 0.044922
0 0.377930 0.803711 0.037109 0.037109
0 0.750000 0.064453 0.046875 0.039062
0 0.114258 0.301758 0.033203 0.044922
0 0.840820 0.885742 0.037109 0.052734
0 0.538086 0.561523 0.033203 0.052734
0 0.039062 0.812500 0.035156 0.054688
0 0.925781 0.138672 0.054688 0.046875
0 0.534180 0.051758 0.037109 0.044922
0 0.063477 0.214844 0.048828 0.046875
0 0.046875 0.114258 0.046875 0.044922
0 0.586914 0.953125 0.037109 0.054688
0 0.494141 0.279297 0.039062 0.054688
0 0.497070 0.130859 0.041016 0.035156
0 0.510742 0.505859 0.041016 0.031250
0 0.737305 0.840820 0.041016 0.044922
1 0.659180 0.483398 0.166016 0.162109
1 0.235352 0.866211 0.208984 0.228516
1 0.311523 0.162109 0.251953 0.152344
1 0.541992 0.741211 0.248047 0.201172
1 0.170898 0.582031 0.197266 0.195312
1 0.734375 0.244141 0.203125 0.246094
1 0.839844 0.680664 0.144531 0.240234
1 0.389648 0.352539 0.146484 0.169922