0 0.560547 0.949306 0.016406 0.037500
0 0.739844 0.847917 0.021875 0.037500
0 0.856641 0.443056 0.014844 0.025000
0 0.255859 0.897222 0.024219 0.041667
0 0.062109 0.940278 0.025781 0.025000
0 0.233594 0.495833 0.028125 0.030556
0 0.645312 0.627083 0.020313 0.043056
0 0.130078 0.388889 0.022656 0.033333
0 0.929297 0.399306 0.022656 0.040278
0 0.192578 0.803472 0.022656 0.040278
0 0.186328 0.886806 0.022656 0.037500
0 0.816406 0.082639 0.025000 0.026389
0 0.603906 0.870139 0.020313 0.048611
0 0.811719 0.904861 0.015625 0.026389
0 0.823047 0.849306 0.024219 0.029167
0 0.492969 0.765278 0.028125 0.025000
0 0.173828 0.090278 0.024219 0.050000
0 0.963281 0.425000 0.015625 0.047222
0 0.486719 0.291667 0.025000 0.038889
0 0.684375 0.647917 0.020313 0.031944
0 0.143750 0.946528 0.020313 0.037500
0 0.960547 0.147222 0.014844 0.025000
0 0.437500 0.777083 0.023438 0.040278
0 0.494531 0.849306 0.028125 0.045833
0 0.389844 0.065972 0.014063 0.043056
0 0.862500 0.803472 0.015625 0.040278
0 0.977344 0.300000 0.021875 0.050000
0 0.744922 0.904861 0.016406 0.031944
0 0.552344 0.863194 0.026562 0.045833
0 0.407422 0.883333 0.025781 0.038889
0 0.096094 0.868056 0.021875 0.025000
0 0.451172 0.054861 0.027344 0.026389
0 0.310547 0.120139 0.014844 0.045833
0 0.144141 0.894444 0.019531 0.038889
0 0.958203 0.047222 0.016406 0.041667
0 0.044922 0.124306 0.021094 0.026389
0 0.324219 0.822917 0.020313 0.029167
0 0.767188 0.150000 0.023438 0.038889
0 0.466016 0.934722 0.014844 0.044444
0 0.158594 0.271528 0.018750 0.045833
0 0.650000 0.040278 0.021875 0.044444
0 0.096094 0.948611 0.018750 0.047222
0 0.189844 0.847917 0.023438 0.029167
0 0.656641 0.717361 0.022656 0.029167
0 0.916406 0.503472 0.014063 0.029167
0 0.036328 0.897917 0.016406 0.040278
0 0.659766 0.761111 0.016406 0.033333
0 0.716797 0.113194 0.027344 0.031944
0 0.158984 0.501389 0.017969 0.047222
0 0.905078 0.708333 0.021094 0.041667
0 0.895312 0.802778 0.026562 0.038889
0 0.382031 0.938194 0.020313 0.048611
0 0.521094 0.903472 0.023438 0.029167
0 0.508203 0.107639 0.022656 0.031944
0 0.153125 0.341667 0.015625 0.047222
0 0.489063 0.375000 0.015625 0.041667
0 0.417969 0.661806 0.026562 0.026389
0 0.616016 0.781944 0.022656 0.038889
0 0.291016 0.848611 0.021094 0.050000
0 0.255469 0.075694 0.017188 0.031944
0 0.084766 0.415278 0.021094 0.033333
0 0.783984 0.806944 0.024219 0.044444
0 0.969531 0.613889 0.026562 0.033333
0 0.954688 0.813889 0.018750 0.036111
0 0.152344 0.841667 0.017188 0.030556
0 0.149219 0.755556 0.020313 0.050000
0 0.307031 0.293750 0.014063 0.048611
0 0.483984 0.151389 0.019531 0.047222
0 0.098047 0.089583 0.017969 0.045833
0 0.379297 0.752083 0.021094 0.045833
0 0.948438 0.749306 0.028125 0.034722
0 0.928906 0.627778 0.023438 0.030556
0 0.417187 0.942361 0.017188 0.031944
0 0.669141 0.865278 0.021094 0.050000
0 0.334766 0.677083 0.021094 0.037500
0 0.349219 0.936111 0.018750 0.030556
0 0.696875 0.256944 0.023438 0.041667
0 0.178906 0.369444 0.015625 0.047222
0 0.042188 0.179861 0.015625 0.029167
1 0.791797 0.619444 0.164844 0.277778
1 0.550391 0.597917 0.142969 0.251389
1 0.081641 0.650694 0.100781 0.287500
1 0.246484 0.638194 0.127344 0.170833
1 0.246484 0.343750 0.097656 0.170833
1 0.588281 0.233333 0.103125 0.305556
1 0.871875 0.240278 0.131250 0.252778
1 0.395313 0.195833 0.109375 0.188889