0 0.333984 0.868164 0.054688 0.033203
0 0.775391 0.597656 0.039062 0.046875
0 0.097656 0.411133 0.046875 0.044922
0 0.710938 0.903320 0.046875 0.044922
0 0.502930 0.608398 0.037109 0.056641
0 0.901367 0.644531 0.037109 0.058594
0 0.171875 0.490234 0.058594 0.046875
0 0.560547 0.060547 0.058594 0.035156
0 0.680664 0.043945 0.033203 0.056641
0 0.801758 0.064453 0.052734 0.035156
0 0.627930 0.254883 0.048828 0.052734
0 0.244141 0.050781 0.054688 0.050781
0 0.145508 0.358398 0.033203 0.037109
0 0.944336 0.349609 0.037109 0.039062
0 0.226562 0.906250 0.035156 0.039062
0 0.450195 0.291016 0.052734 0.054688
0 0.294922 0.955078 0.054688 0.039062
0 0.804688 0.917969 0.050781 0.050781
0 0.641602 0.111328 0.044922 0.050781
0 0.222656 0.441406 0.054688 0.035156
0 0.070312 0.042969 0.058594 0.031250
0 0.133789 0.552734 0.041016 0.050781
0 0.674805 0.673828 0.033203 0.042969
0 0.923828 0.194336 0.046875 0.037109
0 0.929688 0.570312 0.035156 0.035156
0 0.680664 0.851562 0.041016 0.042969
0 0.309570 0.306641 0.048828 0.035156
0 0.933594 0.084961 0.046875 0.044922
0 0.878906 0.031250 0.046875 0.031250
0 0.353516 0.600586 0.031250 0.037109
0 0.889648 0.869141 0.033203 0.039062
0 0.182617 0.061523 0.052734 0.044922
1 0.338867 0.721680 0.185547 0.189453
1 0.763672 0.471680 0.230469 0.158203
1 0.789062 0.738281 0.148438 0.160156
1 0.793945 0.241211 0.166016 0.224609
1 0.146484 0.737305 0.152344 0.263672
1 0.436523 0.448242 0.271484 0.232422
1 0.151367 0.186523 0.138672 0.146484
1 0.547852 0.789062 0.162109 0.269531
1 0.407227 0.142578 0.220703 0.195312