0 0.144531 0.897917 0.015625 0.037500
0 0.180469 0.868056 0.020313 0.033333
0 0.655469 0.409028 0.023438 0.043056
0 0.338672 0.318750 0.024219 0.037500
0 0.082812 0.443750 0.028125 0.029167
0 0.039453 0.849306 0.025781 0.045833
0 0.500781 0.620139 0.026562 0.040278
0 0.040625 0.042361 0.021875 0.048611
0 0.084766 0.059722 0.022656 0.044444
0 0.505078 0.088889 0.014844 0.047222
0 0.112109 0.520833 0.017969 0.027778
0 0.103125 0.919444 0.015625 0.038889
0 0.648828 0.522917 0.017969 0.040278
0 0.245312 0.054861 0.021875 0.045833
0 0.431250 0.659028 0.015625 0.045833
0 0.048828 0.150694 0.025781 0.045833
0 0.342969 0.107639 0.028125 0.045833
0 0.398047 0.955556 0.019531 0.030556
0 0.076953 0.269444 0.019531 0.050000
0 0.405469 0.722222 0.018750 0.044444
0 0.906641 0.550000 0.025781 0.038889
0 0.570312 0.478472 0.028125 0.029167
0 0.859375 0.345139 0.023438 0.040278
0 0.795312 0.218056 0.025000 0.038889
0 0.638281 0.958333 0.023438 0.027778
0 0.458594 0.528472 0.028125 0.029167
0 0.038281 0.280556 0.015625 0.044444
0 0.163281 0.179167 0.028125 0.047222
0 0.457031 0.945833 0.015625 0.033333
0 0.372266 0.358333 0.024219 0.038889
0 0.316797 0.180556 0.014844 0.025000
0 0.508594 0.516667 0.014063 0.050000
0 0.188672 0.263194 0.016406 0.037500
0 0.966406 0.715972 0.018750 0.031944
0 0.962109 0.877778 0.022656 0.038889
0 0.471094 0.725000 0.020313 0.038889
0 0.760938 0.060417 0.017188 0.034722
0 0.909766 0.496528 0.024219 0.034722
0 0.962500 0.919444 0.014063 0.033333
0 0.382422 0.149306 0.019531 0.048611
0 0.949609 0.634028 0.027344 0.040278
0 0.792188 0.161806 0.021875 0.045833
0 0.758594 0.686111 0.025000 0.033333
0 0.547266 0.075000 0.016406 0.038889
0 0.132031 0.110417 0.021875 0.040278
0 0.421094 0.578472 0.015625 0.048611
0 0.468359 0.091667 0.016406 0.044444
0 0.765625 0.813889 0.026562 0.030556
0 0.662500 0.059028 0.014063 0.040278
0 0.440625 0.802083 0.018750 0.029167
0 0.579297 0.368750 0.016406 0.026389
0 0.043750 0.208333 0.018750 0.050000
0 0.607031 0.310417 0.021875 0.037500
0 0.436719 0.714583 0.026562 0.029167
0 0.036719 0.493056 0.023438 0.030556
0 0.085547 0.132639 0.025781 0.026389
0 0.375000 0.896528 0.021875 0.043056
0 0.181641 0.917361 0.024219 0.034722
0 0.680469 0.613194 0.015625 0.029167
0 0.084766 0.215278 0.024219 0.033333
0 0.142578 0.534028 0.014844 0.040278
0 0.716016 0.061806 0.017969 0.026389
0 0.148047 0.043750 0.027344 0.034722
0 0.375781 0.234028 0.021875 0.040278
0 0.113281 0.043750 0.023438 0.029167
0 0.347656 0.159722 0.015625 0.033333
0 0.424609 0.944444 0.022656 0.047222
0 0.237109 0.200694 0.014844 0.043056
0 0.566406 0.929861 0.014063 0.026389
0 0.183594 0.113194 0.020313 0.034722
0 0.912109 0.404861 0.021094 0.037500
0 0.972266 0.483333 0.014844 0.047222
0 0.553906 0.886111 0.021875 0.050000
0 0.109375 0.473611 0.015625 0.036111
0 0.369141 0.515278 0.016406 0.033333
0 0.937500 0.873611 0.015625 0.025000
0 0.042188 0.413194 0.021875 0.043056
0 0.503906 0.882639 0.028125 0.043056
0 0.084766 0.546528 0.025781 0.043056
0 0.943359 0.363194 0.025781 0.043056
0 0.412891 0.491667 0.019531 0.036111
0 0.970703 0.806250 0.016406 0.045833
1 0.474609 0.275000 0.153906 0.300000
1 0.785937 0.506250 0.139063 0.170833
1 0.276562 0.840972 0.131250 0.234722
1 0.224219 0.448611 0.132812 0.233333
1 0.581641 0.627778 0.102344 0.183333
1 0.857422 0.761806 0.113281 0.206944
1 0.667969 0.182639 0.132812 0.184722
1 0.116016 0.687500 0.114844 0.180556
1 0.897266 0.150694 0.152344 0.212500