0 0.189453 0.784180 0.031250 0.033203
0 0.638672 0.207031 0.039062 0.050781
0 0.816406 0.573242 0.031250 0.048828
0 0.671875 0.876953 0.035156 0.046875
0 0.941406 0.113281 0.042969 0.054688
0 0.791992 0.815430 0.048828 0.037109
0 0.585938 0.669922 0.031250 0.046875
0 0.298828 0.587891 0.035156 0.054688
0 0.458008 0.063477 0.044922 0.044922
0 0.512695 0.595703 0.052734 0.042969
0 0.411133 0.640625 0.052734 0.035156
0 0.876953 0.718750 0.058594 0.031250
0 0.937500 0.529297 0.039062 0.058594
0 0.049805 0.688477 0.048828 0.033203
0 0.561523 0.932617 0.033203 0.044922
0 0.140625 0.306641 0.035156 0.058594
0 0.883789 0.833984 0.037109 0.046875
0 0.475586 0.216797 0.033203 0.046875
0 0.592773 0.869141 0.037109 0.039062
0 0.122070 0.222656 0.044922 0.046875
0 0.929688 0.256836 0.054688 0.041016
0 0.430664 0.560547 0.044922 0.050781
0 0.681641 0.179688 0.031250 0.035156
0 0.333984 0.050781 0.046875 0.050781
0 0.627930 0.113281 0.056641 0.058594
0 0.119141 0.427734 0.050781 0.054688
0 0.032227 0.225586 0.033203 0.052734
0 0.839844 0.302734 0.054688 0.058594
0 0.587891 0.195312 0.039062 0.035156
0 0.915039 0.421875 0.052734 0.054688
0 0.583008 0.521484 0.052734 0.054688
0 0.826172 0.441406 0.046875 0.035156
0 0.216797 0.088867 0.031250 0.056641
0 0.756836 0.930664 0.037109 0.056641
0 0.058594 0.609375 0.042969 0.058594
0 0.362305 0.511719 0.041016 0.046875
0 0.889648 0.770508 0.048828 0.041016
0 0.541992 0.202148 0.037109 0.044922
0 0.582031 0.619141 0.042969 0.035156
0 0.696289 0.794922 0.048828 0.058594
0 0.508789 0.645508 0.048828 0.041016
0 0.853516 0.897461 0.042969 0.037109
0 0.196289 0.429688 0.041016 0.050781
0 0.466797 0.122070 0.046875 0.033203
0 0.066406 0.050781 0.054688 0.054688
1 0.708984 0.616211 0.160156 0.263672
1 0.814453 0.116211 0.191406 0.173828
1 0.424805 0.796875 0.177734 0.191406
1 0.169922 0.608398 0.144531 0.255859
1 0.650391 0.362305 0.242188 0.162109
1 0.333984 0.274414 0.234375 0.228516
1 0.166992 0.906250 0.193359 0.140625