0 0.903320 0.522461 0.056641 0.041016
0 0.085938 0.415039 0.031250 0.048828
0 0.414062 0.414062 0.035156 0.050781
0 0.072266 0.493164 0.035156 0.052734
0 0.667969 0.470703 0.031250 0.050781
0 0.516602 0.935547 0.037109 0.058594
0 0.559570 0.779297 0.041016 0.054688
0 0.907227 0.958984 0.033203 0.050781
0 0.502930 0.566406 0.033203 0.050781
0 0.745117 0.378906 0.056641 0.050781
0 0.737305 0.312500 0.041016 0.054688
0 0.234375 0.069336 0.035156 0.033203
0 0.736328 0.189453 0.046875 0.054688
0 0.956055 0.824219 0.041016 0.042969
0 0.073242 0.949219 0.056641 0.058594
0 0.418945 0.658203 0.052734 0.046875
0 0.695312 0.054688 0.035156 0.050781
0 0.678711 0.238281 0.041016 0.031250
0 0.664062 0.400391 0.050781 0.054688
0 0.166016 0.076172 0.039062 0.031250
0 0.941406 0.705078 0.046875 0.054688
0 0.326172 0.267578 0.058594 0.031250
0 0.554688 0.348633 0.058594 0.033203
0 0.820312 0.449219 0.039062 0.058594
0 0.620117 0.090820 0.037109 0.041016
0 0.560547 0.464844 0.039062 0.039062
0 0.893555 0.896484 0.033203 0.042969
0 0.839844 0.663086 0.054688 0.056641
0 0.689453 0.911133 0.035156 0.037109
0 0.365234 0.105469 0.031250 0.046875
0 0.898438 0.062500 0.039062 0.054688
0 0.273438 0.714844 0.046875 0.039062
0 0.502930 0.834961 0.048828 0.041016
0 0.431641 0.354492 0.058594 0.037109
0 0.771484 0.933594 0.054688 0.031250
0 0.901367 0.465820 0.044922 0.048828
0 0.505859 0.662109 0.035156 0.050781
0 0.310547 0.351562 0.046875 0.046875
0 0.839844 0.525391 0.031250 0.054688
0 0.152344 0.879883 0.054688 0.037109
0 0.538086 0.035156 0.056641 0.035156
0 0.494141 0.489258 0.046875 0.041016
0 0.125977 0.312500 0.044922 0.058594
0 0.437500 0.548828 0.042969 0.039062
0 0.957031 0.233398 0.046875 0.033203
0 0.359375 0.698242 0.050781 0.056641
0 0.759766 0.783203 0.035156 0.031250
0 0.323242 0.185547 0.041016 0.031250
0 0.647461 0.857422 0.052734 0.054688
1 0.262695 0.502930 0.248047 0.232422
1 0.128906 0.724609 0.156250 0.160156
1 0.527344 0.219727 0.234375 0.181641
1 0.696289 0.646484 0.216797 0.203125
1 0.136719 0.172852 0.238281 0.146484
1 0.852539 0.214844 0.138672 0.234375
1 0.343750 0.862305 0.214844 0.240234