0 0.130859 0.178472 0.014844 0.037500
0 0.112109 0.084722 0.021094 0.047222
0 0.647656 0.050694 0.014063 0.043056
0 0.933594 0.937500 0.018750 0.030556
0 0.499609 0.771528 0.021094 0.029167
0 0.835547 0.936806 0.022656 0.029167
0 0.393359 0.291667 0.017969 0.033333
0 0.667969 0.212500 0.020313 0.044444
0 0.101953 0.827083 0.016406 0.031944
0 0.898438 0.217361 0.017188 0.029167
0 0.610938 0.899306 0.015625 0.043056
0 0.876953 0.120139 0.024219 0.034722
0 0.715625 0.606944 0.017188 0.036111
0 0.306641 0.554167 0.021094 0.027778
0 0.855078 0.032639 0.027344 0.029167
0 0.534375 0.456250 0.021875 0.048611
0 0.106641 0.304861 0.014844 0.037500
0 0.044531 0.691667 0.018750 0.030556
0 0.971094 0.437500 0.020313 0.044444
0 0.507812 0.534722 0.025000 0.038889
0 0.555078 0.565278 0.017969 0.027778
0 0.792578 0.497917 0.024219 0.037500
0 0.650000 0.686111 0.014063 0.044444
0 0.040625 0.406250 0.028125 0.048611
0 0.739844 0.607639 0.025000 0.029167
0 0.362500 0.251389 0.026562 0.041667
0 0.359375 0.552083 0.028125 0.048611
0 0.348828 0.311111 0.024219 0.025000
0 0.053125 0.890278 0.026562 0.033333
0 0.485156 0.861111 0.021875 0.025000
0 0.517578 0.940278 0.025781 0.041667
0 0.073828 0.759722 0.022656 0.033333
0 0.230469 0.405556 0.021875 0.036111
0 0.396875 0.908333 0.028125 0.030556
0 0.482031 0.046528 0.026562 0.037500
0 0.310937 0.467361 0.026562 0.029167
0 0.075781 0.273611 0.028125 0.047222
0 0.967187 0.962500 0.020313 0.038889
0 0.935156 0.363889 0.025000 0.044444
0 0.429297 0.421528 0.016406 0.043056
0 0.527734 0.864583 0.017969 0.034722
0 0.404297 0.420833 0.022656 0.041667
0 0.433203 0.596528 0.024219 0.040278
0 0.195312 0.336111 0.020313 0.033333
0 0.058984 0.818056 0.022656 0.025000
0 0.402734 0.218056 0.017969 0.041667
0 0.720313 0.086806 0.014063 0.037500
0 0.908984 0.131944 0.022656 0.033333
0 0.098437 0.206250 0.020313 0.040278
0 0.976172 0.640278 0.025781 0.030556
0 0.812891 0.035417 0.021094 0.037500
0 0.021484 0.563889 0.024219 0.038889
0 0.073828 0.088889 0.014844 0.041667
0 0.583984 0.658333 0.022656 0.047222
0 0.075000 0.363889 0.023438 0.025000
0 0.360547 0.854167 0.025781 0.041667
0 0.634766 0.775000 0.027344 0.044444
0 0.062891 0.031250 0.019531 0.029167
0 0.799219 0.693056 0.023438 0.030556
0 0.316797 0.354861 0.016406 0.048611
0 0.450781 0.401389 0.014063 0.027778
0 0.409766 0.140278 0.017969 0.036111
0 0.369531 0.432639 0.025000 0.026389
0 0.570312 0.152778 0.014063 0.027778
0 0.423438 0.045833 0.026562 0.041667
0 0.400391 0.510417 0.014844 0.040278
0 0.075000 0.643750 0.017188 0.040278
0 0.622266 0.660417 0.014844 0.037500
0 0.727734 0.543750 0.017969 0.034722
0 0.896484 0.038194 0.019531 0.037500
0 0.575781 0.860417 0.018750 0.034722
0 0.713672 0.674306 0.014844 0.040278
0 0.520703 0.679167 0.016406 0.033333
0 0.975391 0.150694 0.022656 0.045833
0 0.656641 0.156250 0.016406 0.029167
0 0.963281 0.240278 0.025000 0.036111
0 0.966406 0.730556 0.015625 0.047222
0 0.328906 0.881250 0.028125 0.048611
0 0.806641 0.636806 0.025781 0.034722
0 0.372266 0.040278 0.022656 0.041667
0 0.464062 0.542361 0.023438 0.037500
0 0.587500 0.938194 0.025000 0.026389
0 0.631250 0.848611 0.015625 0.025000
0 0.641016 0.913194 0.022656 0.040278
0 0.283203 0.931944 0.025781 0.025000
0 0.575781 0.763889 0.018750 0.030556
0 0.021875 0.072222 0.025000 0.038889
0 0.580078 0.193750 0.017969 0.037500
0 0.178125 0.388194 0.017188 0.034722
0 0.977734 0.531250 0.016406 0.048611
0 0.777734 0.618056 0.021094 0.038889
0 0.787109 0.450000 0.017969 0.025000
0 0.386328 0.122917 0.021094 0.045833
0 0.545312 0.640278 0.023438 0.047222
0 0.489453 0.447917 0.016406 0.029167
0 0.955469 0.895139 0.023438 0.037500
1 0.239063 0.177083 0.150000 0.268056
1 0.640234 0.434722 0.127344 0.266667
1 0.416016 0.715972 0.128906 0.181944
1 0.879297 0.804167 0.119531 0.191667
1 0.905078 0.556944 0.100781 0.216667
1 0.177734 0.838194 0.094531 0.220833
1 0.187109 0.574306 0.150781 0.243056
1 0.718750 0.818056 0.104688 0.172222