0 0.932031 0.627778 0.026562 0.027778
0 0.142578 0.823611 0.016406 0.025000
0 0.823047 0.090278 0.024219 0.050000
0 0.647266 0.103472 0.017969 0.029167
0 0.032031 0.100694 0.023438 0.037500
0 0.623047 0.234722 0.022656 0.038889
0 0.195703 0.654861 0.016406 0.045833
0 0.079687 0.447222 0.025000 0.036111
0 0.930469 0.840972 0.021875 0.034722
0 0.289844 0.437500 0.015625 0.030556
0 0.430078 0.464583 0.016406 0.031944
0 0.768750 0.639583 0.028125 0.040278
0 0.473047 0.603472 0.024219 0.043056
0 0.961328 0.427778 0.027344 0.030556
0 0.857812 0.669444 0.028125 0.047222
0 0.375000 0.396528 0.018750 0.043056
0 0.264453 0.536806 0.022656 0.031944
0 0.108984 0.326389 0.021094 0.030556
0 0.326562 0.667361 0.021875 0.029167
0 0.837109 0.547222 0.027344 0.036111
0 0.200000 0.321528 0.025000 0.029167
0 0.857031 0.476389 0.026562 0.038889
0 0.892188 0.498611 0.018750 0.044444
0 0.303516 0.564583 0.022656 0.048611
0 0.806250 0.338889 0.026562 0.033333
0 0.553125 0.431944 0.026562 0.047222
0 0.575391 0.279861 0.025781 0.037500
0 0.444922 0.572917 0.022656 0.048611
0 0.076563 0.528472 0.021875 0.026389
0 0.215234 0.273611 0.024219 0.025000
0 0.108594 0.261111 0.015625 0.027778
0 0.414062 0.653472 0.017188 0.045833
0 0.720313 0.093750 0.026562 0.026389
0 0.875781 0.956250 0.014063 0.040278
0 0.026953 0.736806 0.025781 0.029167
0 0.546094 0.849306 0.021875 0.040278
0 0.519141 0.045833 0.022656 0.044444
0 0.369922 0.638889 0.021094 0.027778
0 0.174219 0.538889 0.017188 0.041667
0 0.155859 0.252083 0.027344 0.043056
0 0.707812 0.232639 0.014063 0.029167
0 0.099219 0.745139 0.021875 0.043056
0 0.406641 0.036806 0.024219 0.026389
0 0.558203 0.350694 0.025781 0.043056
0 0.026172 0.942361 0.025781 0.031944
0 0.335156 0.052778 0.026562 0.030556
0 0.894141 0.788194 0.021094 0.026389
0 0.565625 0.200694 0.015625 0.037500
0 0.744141 0.316667 0.022656 0.050000
0 0.353516 0.556250 0.014844 0.037500
0 0.114062 0.686806 0.014063 0.031944
0 0.132422 0.509722 0.025781 0.038889
0 0.397656 0.587500 0.015625 0.050000
0 0.615625 0.294444 0.015625 0.044444
0 0.082812 0.821528 0.014063 0.040278
0 0.110547 0.881250 0.019531 0.029167
0 0.026953 0.586111 0.024219 0.027778
0 0.570312 0.106944 0.020313 0.030556
0 0.063672 0.381250 0.014844 0.045833
0 0.857422 0.613194 0.027344 0.040278
0 0.222656 0.476389 0.021875 0.038889
0 0.953516 0.960417 0.025781 0.045833
0 0.191797 0.412500 0.017969 0.033333
0 0.067969 0.779861 0.023438 0.029167
0 0.870703 0.043750 0.024219 0.040278
0 0.598047 0.913889 0.025781 0.030556
0 0.233594 0.418056 0.015625 0.027778
0 0.228125 0.316667 0.014063 0.033333
0 0.562109 0.141667 0.027344 0.025000
0 0.466406 0.485417 0.017188 0.045833
0 0.666016 0.185417 0.014844 0.045833
0 0.219141 0.145139 0.022656 0.034722
0 0.103125 0.056944 0.021875 0.047222
0 0.137109 0.936111 0.025781 0.038889
0 0.281250 0.645833 0.014063 0.027778
0 0.164453 0.059722 0.024219 0.025000
0 0.333594 0.930556 0.028125 0.050000
0 0.529687 0.939583 0.020313 0.040278
0 0.930078 0.542361 0.021094 0.029167
0 0.333203 0.426389 0.022656 0.030556
0 0.067578 0.590972 0.022656 0.048611
0 0.915625 0.892361 0.023438 0.031944
0 0.697656 0.197917 0.014063 0.026389
0 0.078125 0.653472 0.023438 0.034722
0 0.196484 0.592361 0.019531 0.037500
0 0.889453 0.832639 0.019531 0.043056
0 0.926172 0.764583 0.025781 0.034722
0 0.905078 0.943750 0.024219 0.037500
0 0.328125 0.839583 0.017188 0.045833
0 0.105469 0.361111 0.017188 0.027778
0 0.062891 0.255556 0.017969 0.033333
0 0.666797 0.048611 0.025781 0.033333
0 0.617188 0.829167 0.026562 0.025000
0 0.941406 0.068056 0.028125 0.033333
0 0.788281 0.587500 0.020313 0.030556
0 0.106641 0.811111 0.014844 0.036111
0 0.713281 0.594444 0.017188 0.033333
0 0.119141 0.175000 0.024219 0.036111
0 0.973828 0.729861 0.019531 0.048611
0 0.065625 0.190972 0.026562 0.048611
0 0.787891 0.117361 0.027344 0.040278
0 0.389062 0.450000 0.020313 0.044444
0 0.041797 0.301389 0.019531 0.025000
0 0.166797 0.314583 0.014844 0.026389
0 0.378125 0.943056 0.021875 0.041667
1 0.725000 0.454167 0.103125 0.177778
1 0.735547 0.816667 0.167969 0.263889
1 0.477344 0.228472 0.110937 0.265278
1 0.318359 0.207639 0.133594 0.256944
1 0.462500 0.847917 0.103125 0.170833
1 0.237891 0.845139 0.146094 0.220833
1 0.898047 0.263889 0.133594 0.280556