0 0.049609 0.788194 0.019531 0.040278
0 0.803125 0.050000 0.021875 0.038889
0 0.074219 0.670833 0.023438 0.025000
0 0.507422 0.586806 0.024219 0.037500
0 0.589063 0.916667 0.018750 0.041667
0 0.335156 0.825694 0.025000 0.037500
0 0.643359 0.863889 0.024219 0.047222
0 0.492188 0.943750 0.018750 0.040278
0 0.892578 0.800000 0.016406 0.041667
0 0.245312 0.036806 0.021875 0.037500
0 0.961328 0.947917 0.014844 0.045833
0 0.858203 0.852778 0.027344 0.033333
0 0.094141 0.126389 0.024219 0.027778
0 0.199219 0.100694 0.014063 0.043056
0 0.123828 0.134028 0.027344 0.048611
0 0.369922 0.825694 0.027344 0.045833
0 0.321484 0.575000 0.021094 0.027778
0 0.690234 0.718750 0.021094 0.040278
0 0.549609 0.903472 0.025781 0.045833
0 0.266406 0.212500 0.021875 0.027778
0 0.021484 0.200000 0.019531 0.050000
0 0.939063 0.362500 0.018750 0.030556
0 0.791797 0.784722 0.024219 0.036111
0 0.775391 0.873611 0.022656 0.050000
0 0.646094 0.404861 0.025000 0.045833
0 0.578125 0.368750 0.026562 0.045833
0 0.954688 0.692361 0.023438 0.034722
0 0.310937 0.067361 0.023438 0.037500
0 0.822266 0.946528 0.027344 0.045833
0 0.560156 0.821528 0.014063 0.040278
0 0.725781 0.036806 0.025000 0.029167
0 0.210156 0.900694 0.023438 0.031944
0 0.720703 0.427778 0.022656 0.036111
0 0.505078 0.796528 0.016406 0.037500
0 0.975781 0.204167 0.015625 0.041667
0 0.522266 0.636806 0.014844 0.040278
0 0.634375 0.916667 0.015625 0.025000
0 0.594531 0.844444 0.015625 0.030556
0 0.466406 0.580556 0.018750 0.030556
0 0.292187 0.225694 0.020313 0.029167
0 0.106250 0.684028 0.014063 0.048611
0 0.791016 0.391667 0.025781 0.038889
0 0.227344 0.083333 0.014063 0.038889
0 0.342578 0.503472 0.027344 0.037500
0 0.429297 0.929167 0.025781 0.038889
0 0.814453 0.384722 0.014844 0.025000
0 0.963672 0.356250 0.016406 0.048611
0 0.535156 0.296528 0.014063 0.043056
0 0.930469 0.782639 0.021875 0.031944
0 0.811719 0.895833 0.017188 0.027778
0 0.025781 0.763194 0.021875 0.037500
0 0.982422 0.494444 0.014844 0.047222
0 0.923047 0.885417 0.019531 0.034722
0 0.506250 0.882639 0.014063 0.037500
0 0.924609 0.041667 0.027344 0.041667
0 0.796094 0.958333 0.017188 0.025000
0 0.551562 0.354861 0.014063 0.043056
0 0.153125 0.295139 0.015625 0.031944
0 0.968750 0.400694 0.026562 0.029167
0 0.050000 0.069444 0.023438 0.027778
0 0.554297 0.451389 0.027344 0.027778
0 0.157812 0.121528 0.014063 0.037500
0 0.140234 0.038889 0.025781 0.038889
0 0.118750 0.197222 0.018750 0.025000
0 0.739453 0.909028 0.021094 0.040278
0 0.331250 0.906944 0.025000 0.038889
0 0.940234 0.497222 0.014844 0.044444
0 0.464453 0.881250 0.016406 0.048611
0 0.612891 0.573611 0.022656 0.047222
0 0.087109 0.281250 0.019531 0.043056
0 0.939063 0.590972 0.023438 0.040278
0 0.767578 0.715278 0.017969 0.047222
0 0.910547 0.388889 0.024219 0.030556
0 0.047656 0.601389 0.020313 0.033333
0 0.862891 0.901389 0.017969 0.036111
0 0.137500 0.956944 0.028125 0.044444
0 0.363281 0.434722 0.021875 0.027778
0 0.901953 0.688194 0.027344 0.026389
0 0.284766 0.891667 0.017969 0.036111
1 0.604688 0.695833 0.114062 0.169444
1 0.240625 0.389583 0.150000 0.279167
1 0.467578 0.435417 0.135156 0.193056
1 0.830078 0.572222 0.097656 0.272222
1 0.702734 0.252083 0.136719 0.229167
1 0.210547 0.710417 0.138281 0.265278
1 0.867578 0.222917 0.142969 0.218056
1 0.404687 0.708333 0.171875 0.172222
1 0.530469 0.137500 0.168750 0.175000
1 0.077734 0.414583 0.105469 0.187500