0 0.042969 0.659180 0.031250 0.033203
0 0.145508 0.511719 0.041016 0.054688
0 0.705078 0.475586 0.058594 0.056641
0 0.647461 0.202148 0.037109 0.041016
0 0.068359 0.401367 0.042969 0.041016
0 0.721680 0.082031 0.044922 0.039062
0 0.732422 0.270508 0.054688 0.033203
0 0.492188 0.880859 0.046875 0.035156
0 0.433594 0.897461 0.039062 0.052734
0 0.131836 0.654297 0.037109 0.031250
0 0.037109 0.784180 0.031250 0.056641
0 0.929688 0.949219 0.050781 0.042969
0 0.639648 0.396484 0.056641 0.054688
0 0.583984 0.440430 0.035156 0.044922
0 0.458984 0.042969 0.039062 0.042969
0 0.291992 0.889648 0.056641 0.037109
0 0.210938 0.494141 0.031250 0.054688
0 0.791016 0.197266 0.039062 0.035156
0 0.625977 0.541016 0.041016 0.039062
0 0.221680 0.949219 0.056641 0.050781
0 0.077148 0.037109 0.044922 0.042969
0 0.737305 0.335938 0.048828 0.058594
0 0.059570 0.888672 0.037109 0.046875
0 0.539062 0.071289 0.042969 0.044922
0 0.069336 0.495117 0.033203 0.056641
0 0.949219 0.753906 0.042969 0.035156
0 0.730469 0.142578 0.058594 0.039062
0 0.826172 0.717773 0.054688 0.041016
0 0.663086 0.260742 0.044922 0.044922
0 0.845703 0.562500 0.031250 0.058594
0 0.433594 0.509766 0.050781 0.058594
0 0.908203 0.861328 0.054688 0.031250
0 0.133789 0.769531 0.041016 0.054688
0 0.495117 0.559570 0.044922 0.052734
0 0.451172 0.364258 0.050781 0.041016
0 0.562500 0.552734 0.042969 0.035156
0 0.087891 0.622070 0.035156 0.033203
0 0.317383 0.369141 0.033203 0.039062
1 0.790039 0.897461 0.142578 0.142578
1 0.867188 0.395508 0.195312 0.201172
1 0.320312 0.500000 0.144531 0.195312
1 0.481445 0.212891 0.197266 0.214844
1 0.326172 0.757812 0.222656 0.199219
1 0.574219 0.724609 0.175781 0.250000
1 0.204102 0.214844 0.177734 0.265625