0 0.366211 0.928711 0.048828 0.033203
0 0.576172 0.553711 0.058594 0.056641
0 0.618164 0.930664 0.033203 0.048828
0 0.934570 0.450195 0.056641 0.033203
0 0.168945 0.613281 0.048828 0.039062
0 0.946289 0.566406 0.033203 0.058594
0 0.619141 0.458008 0.031250 0.044922
0 0.511719 0.951172 0.050781 0.031250
0 0.350586 0.127930 0.033203 0.033203
0 0.434570 0.960938 0.037109 0.031250
0 0.854492 0.660156 0.056641 0.046875
0 0.682617 0.879883 0.041016 0.037109
0 0.141602 0.077148 0.048828 0.044922
0 0.812500 0.594727 0.050781 0.037109
0 0.300781 0.038086 0.046875 0.033203
0 0.210938 0.685547 0.039062 0.050781
0 0.326172 0.681641 0.039062 0.039062
0 0.941406 0.822266 0.035156 0.050781
0 0.261719 0.632812 0.035156 0.050781
0 0.064453 0.258789 0.058594 0.056641
0 0.675781 0.399414 0.046875 0.044922
0 0.753906 0.926758 0.042969 0.052734
0 0.052734 0.095703 0.058594 0.031250
0 0.953125 0.680664 0.031250 0.048828
0 0.522461 0.055664 0.037109 0.044922
0 0.857422 0.247070 0.031250 0.056641
0 0.685547 0.448242 0.035156 0.033203
0 0.708984 0.614258 0.031250 0.052734
0 0.680664 0.949219 0.033203 0.039062
0 0.415039 0.688477 0.037109 0.048828
0 0.069336 0.711914 0.041016 0.048828
1 0.142578 0.460938 0.152344 0.238281
1 0.805664 0.464844 0.177734 0.207031
1 0.552734 0.772461 0.152344 0.193359
1 0.675781 0.166016 0.218750 0.246094
1 0.199219 0.865234 0.253906 0.167969
1 0.408203 0.538086 0.195312 0.228516
1 0.791992 0.776367 0.193359 0.142578
1 0.185547 0.208008 0.160156 0.201172
1 0.420898 0.286133 0.220703 0.205078