0 0.958594 0.729167 0.020313 0.025000
0 0.879297 0.053472 0.022656 0.043056
0 0.303516 0.693750 0.014844 0.031944
0 0.957422 0.453472 0.017969 0.048611
0 0.034766 0.034028 0.027344 0.031944
0 0.296875 0.756944 0.023438 0.025000
0 0.186328 0.954167 0.022656 0.030556
0 0.829688 0.218750 0.015625 0.040278
0 0.937891 0.361111 0.027344 0.050000
0 0.211328 0.844444 0.027344 0.050000
0 0.782031 0.270139 0.018750 0.026389
0 0.962891 0.047222 0.016406 0.041667
0 0.907422 0.718750 0.024219 0.026389
0 0.183984 0.775000 0.021094 0.033333
0 0.757422 0.461111 0.014844 0.036111
0 0.321094 0.209722 0.014063 0.027778
0 0.508984 0.441667 0.017969 0.030556
0 0.767969 0.217361 0.026562 0.040278
0 0.394531 0.870139 0.020313 0.029167
0 0.605469 0.639583 0.015625 0.040278
0 0.567969 0.899306 0.025000 0.031944
0 0.275781 0.475694 0.020313 0.040278
0 0.440234 0.388194 0.019531 0.048611
0 0.039844 0.109722 0.020313 0.050000
0 0.641406 0.911111 0.023438 0.047222
0 0.250781 0.715278 0.020313 0.036111
0 0.481250 0.917361 0.021875 0.026389
0 0.783594 0.744444 0.020313 0.036111
0 0.435937 0.895139 0.014063 0.026389
0 0.121484 0.273611 0.014844 0.044444
0 0.510547 0.125000 0.017969 0.036111
0 0.786719 0.786111 0.015625 0.025000
0 0.025391 0.951389 0.025781 0.038889
0 0.094141 0.674306 0.027344 0.037500
0 0.796094 0.136111 0.021875 0.044444
0 0.410938 0.275000 0.018750 0.027778
0 0.081641 0.802778 0.019531 0.027778
0 0.840234 0.059028 0.027344 0.040278
0 0.894922 0.886111 0.014844 0.033333
0 0.801562 0.196528 0.015625 0.048611
0 0.823047 0.954167 0.027344 0.047222
0 0.350391 0.886806 0.024219 0.043056
0 0.539453 0.852778 0.016406 0.025000
0 0.141016 0.816667 0.019531 0.030556
0 0.919531 0.641667 0.014063 0.047222
0 0.284766 0.278472 0.014844 0.043056
0 0.271094 0.936806 0.023438 0.048611
0 0.107422 0.770139 0.014844 0.026389
0 0.375391 0.827778 0.022656 0.027778
0 0.686328 0.535417 0.017969 0.031944
0 0.331250 0.648611 0.015625 0.044444
0 0.517969 0.966667 0.020313 0.033333
0 0.887500 0.365972 0.028125 0.048611
0 0.839453 0.350694 0.016406 0.048611
0 0.580078 0.792361 0.025781 0.037500
0 0.952344 0.779861 0.028125 0.029167
0 0.026562 0.184722 0.021875 0.041667
0 0.568359 0.449306 0.022656 0.029167
0 0.067578 0.888889 0.017969 0.025000
0 0.413672 0.447917 0.019531 0.045833
0 0.372266 0.963889 0.022656 0.036111
0 0.415625 0.359722 0.018750 0.041667
0 0.805469 0.251389 0.021875 0.038889
0 0.528125 0.168750 0.017188 0.029167
0 0.076172 0.945833 0.014844 0.025000
0 0.491797 0.390972 0.016406 0.040278
0 0.760547 0.935417 0.025781 0.034722
0 0.401562 0.755556 0.028125 0.047222
0 0.109375 0.034028 0.025000 0.026389
0 0.855859 0.756944 0.024219 0.030556
0 0.223828 0.290972 0.021094 0.029167
0 0.742188 0.135417 0.020313 0.043056
0 0.335156 0.938889 0.026562 0.036111
0 0.235937 0.896528 0.028125 0.026389
0 0.349609 0.141667 0.021094 0.038889
0 0.050000 0.790972 0.020313 0.037500
0 0.971094 0.598611 0.025000 0.033333
0 0.059766 0.195139 0.022656 0.045833
0 0.786328 0.832639 0.017969 0.037500
0 0.504687 0.808333 0.017188 0.033333
0 0.875781 0.804167 0.020313 0.047222
0 0.137109 0.918750 0.021094 0.045833
1 0.417578 0.151389 0.103906 0.183333
1 0.694531 0.727083 0.104688 0.304167
1 0.170703 0.625000 0.113281 0.222222
1 0.666016 0.150694 0.117969 0.176389
1 0.509766 0.629861 0.163281 0.226389
1 0.187891 0.158333 0.105469 0.211111
1 0.920312 0.200694 0.110937 0.218056
1 0.825391 0.616667 0.105469 0.194444
1 0.653516 0.387500 0.135156 0.205556
1 0.344531 0.461806 0.100000 0.273611