0 0.824219 0.842773 0.050781 0.056641
0 0.130859 0.072266 0.042969 0.054688
0 0.051758 0.257812 0.044922 0.039062
0 0.565430 0.697266 0.037109 0.058594
0 0.941406 0.635742 0.046875 0.037109
0 0.896484 0.765625 0.042969 0.054688
0 0.622070 0.092773 0.056641 0.044922
0 0.950195 0.183594 0.056641 0.042969
0 0.590820 0.601562 0.037109 0.035156
0 0.517578 0.212891 0.035156 0.058594
0 0.463867 0.439453 0.037109 0.042969
0 0.939453 0.434570 0.031250 0.052734
0 0.802734 0.421875 0.046875 0.046875
0 0.220703 0.946289 0.035156 0.044922
0 0.430664 0.369141 0.037109 0.042969
0 0.047852 0.522461 0.044922 0.033203
0 0.127930 0.322266 0.041016 0.039062
0 0.474609 0.138672 0.039062 0.035156
0 0.073242 0.055664 0.041016 0.033203
0 0.500977 0.518555 0.056641 0.048828
0 0.865234 0.378906 0.046875 0.035156
0 0.944336 0.316406 0.052734 0.058594
0 0.891602 0.957031 0.041016 0.035156
0 0.614258 0.169922 0.044922 0.058594
0 0.561523 0.065430 0.033203 0.056641
0 0.814453 0.742188 0.058594 0.042969
0 0.923828 0.847656 0.039062 0.050781
0 0.103516 0.532227 0.042969 0.033203
0 0.900391 0.910156 0.058594 0.042969
0 0.750977 0.031250 0.037109 0.031250
0 0.177734 0.952148 0.035156 0.052734
0 0.622070 0.522461 0.052734 0.048828
0 0.400391 0.429688 0.050781 0.042969
0 0.153320 0.864258 0.041016 0.056641
0 0.830078 0.966797 0.031250 0.035156
0 0.644531 0.685547 0.054688 0.039062
0 0.690430 0.042969 0.056641 0.039062
0 0.750000 0.384766 0.031250 0.042969
0 0.117188 0.378906 0.031250 0.035156
0 0.083984 0.187500 0.039062 0.054688
0 0.867188 0.291992 0.042969 0.048828
0 0.760742 0.301758 0.044922 0.037109
0 0.959961 0.747070 0.048828 0.056641
1 0.771484 0.159180 0.218750 0.173828
1 0.813477 0.597656 0.189453 0.226562
1 0.294922 0.193359 0.265625 0.242188
1 0.415039 0.680664 0.248047 0.232422
1 0.140625 0.695312 0.167969 0.250000
1 0.597656 0.360352 0.203125 0.158203
1 0.659180 0.840820 0.185547 0.189453
1 0.247070 0.438477 0.208984 0.158203
1 0.406250 0.910156 0.250000 0.136719