0 0.796094 0.480556 0.014063 0.050000
0 0.375000 0.184722 0.028125 0.033333
0 0.740625 0.843750 0.020313 0.026389
0 0.549609 0.857639 0.021094 0.048611
0 0.523047 0.772222 0.017969 0.030556
0 0.443750 0.899306 0.017188 0.043056
0 0.930469 0.673611 0.026562 0.050000
0 0.598828 0.375000 0.025781 0.033333
0 0.803906 0.559722 0.025000 0.036111
0 0.664453 0.389583 0.025781 0.045833
0 0.257031 0.264583 0.021875 0.043056
0 0.048047 0.297222 0.027344 0.025000
0 0.055469 0.081944 0.021875 0.025000
0 0.498047 0.542361 0.016406 0.031944
0 0.896484 0.418750 0.016406 0.026389
0 0.346484 0.592361 0.019531 0.031944
0 0.451953 0.348611 0.019531 0.033333
0 0.414453 0.088889 0.016406 0.033333
0 0.493359 0.702083 0.025781 0.034722
0 0.250781 0.415972 0.028125 0.040278
0 0.480469 0.395139 0.015625 0.031944
0 0.426563 0.599306 0.018750 0.034722
0 0.223438 0.951389 0.028125 0.030556
0 0.950391 0.331250 0.016406 0.031944
0 0.426563 0.786111 0.025000 0.027778
0 0.753125 0.427083 0.017188 0.034722
0 0.693359 0.468056 0.022656 0.027778
0 0.362500 0.727778 0.015625 0.038889
0 0.357812 0.901389 0.017188 0.025000
0 0.848047 0.551389 0.024219 0.036111
0 0.848047 0.947222 0.024219 0.044444
0 0.072266 0.556250 0.022656 0.037500
0 0.874219 0.345833 0.023438 0.047222
0 0.885938 0.717361 0.023438 0.048611
0 0.328516 0.918056 0.017969 0.044444
0 0.955078 0.859028 0.024219 0.037500
0 0.252344 0.567361 0.020313 0.045833
0 0.415234 0.300694 0.021094 0.026389
0 0.827344 0.880556 0.025000 0.050000
0 0.741016 0.510417 0.024219 0.037500
0 0.348828 0.139583 0.025781 0.045833
0 0.969531 0.777778 0.020313 0.050000
0 0.454688 0.036806 0.015625 0.037500
0 0.025000 0.831944 0.018750 0.033333
0 0.472656 0.795139 0.018750 0.043056
0 0.417969 0.209722 0.015625 0.041667
0 0.096875 0.936806 0.028125 0.031944
0 0.683203 0.431944 0.024219 0.025000
0 0.391797 0.916667 0.019531 0.033333
0 0.258984 0.209028 0.027344 0.040278
0 0.953906 0.917361 0.028125 0.048611
0 0.210938 0.381944 0.014063 0.036111
0 0.046094 0.860417 0.015625 0.031944
0 0.685156 0.518056 0.021875 0.033333
0 0.369922 0.859722 0.027344 0.033333
0 0.785156 0.925694 0.023438 0.029167
0 0.426953 0.520139 0.022656 0.045833
0 0.954688 0.601389 0.017188 0.038889
0 0.266797 0.147917 0.022656 0.048611
0 0.433984 0.728472 0.027344 0.037500
0 0.052344 0.140278 0.017188 0.044444
0 0.029687 0.388889 0.021875 0.041667
0 0.024219 0.245833 0.020313 0.044444
0 0.893359 0.922222 0.027344 0.036111
0 0.926562 0.540972 0.015625 0.029167
0 0.759375 0.908333 0.014063 0.027778
0 0.901953 0.509722 0.014844 0.027778
0 0.451953 0.426389 0.014844 0.047222
0 0.176172 0.418056 0.021094 0.044444
0 0.342187 0.806250 0.028125 0.040278
0 0.505859 0.954861 0.025781 0.048611
0 0.349219 0.656944 0.025000 0.030556
0 0.075391 0.334028 0.017969 0.034722
0 0.754297 0.572222 0.014844 0.047222
0 0.127734 0.386111 0.027344 0.050000
0 0.030859 0.577778 0.014844 0.044444
0 0.319141 0.204167 0.016406 0.036111
0 0.068359 0.911111 0.017969 0.044444
0 0.723828 0.932639 0.021094 0.029167
0 0.437500 0.679861 0.014063 0.045833
0 0.167578 0.904167 0.016406 0.038889
0 0.354297 0.941667 0.017969 0.025000
1 0.635156 0.833333 0.095312 0.222222
1 0.249609 0.761111 0.144531 0.200000
1 0.159375 0.174306 0.156250 0.209722
1 0.796484 0.713889 0.142969 0.197222
1 0.567578 0.554861 0.099219 0.270833
1 0.511719 0.197917 0.100000 0.251389
1 0.847266 0.175694 0.169531 0.201389
1 0.324609 0.401389 0.100781 0.261111