0 0.032813 0.719444 0.021875 0.047222
0 0.875391 0.852778 0.025781 0.036111
0 0.446875 0.877083 0.014063 0.034722
0 0.082422 0.043056 0.027344 0.044444
0 0.714453 0.510417 0.014844 0.040278
0 0.800391 0.786111 0.025781 0.047222
0 0.158594 0.605556 0.020313 0.036111
0 0.664062 0.488194 0.021875 0.048611
0 0.974219 0.950694 0.021875 0.029167
0 0.477344 0.572222 0.021875 0.038889
0 0.778516 0.048611 0.027344 0.038889
0 0.664453 0.360417 0.027344 0.040278
0 0.958984 0.835417 0.024219 0.029167
0 0.363281 0.604861 0.028125 0.029167
0 0.910937 0.486111 0.014063 0.033333
0 0.082422 0.511806 0.021094 0.034722
0 0.193359 0.607639 0.025781 0.045833
0 0.949219 0.700000 0.017188 0.027778
0 0.189844 0.093750 0.017188 0.040278
0 0.344141 0.713194 0.021094 0.029167
0 0.043359 0.488194 0.027344 0.031944
0 0.703516 0.709722 0.025781 0.033333
0 0.235547 0.765278 0.024219 0.033333
0 0.710547 0.167361 0.019531 0.045833
0 0.500781 0.560417 0.017188 0.034722
0 0.412500 0.103472 0.020313 0.034722
0 0.135156 0.550694 0.028125 0.026389
0 0.493359 0.043056 0.014844 0.050000
0 0.661719 0.763889 0.021875 0.027778
0 0.122266 0.150000 0.017969 0.036111
0 0.110937 0.610417 0.021875 0.037500
0 0.710547 0.589583 0.014844 0.037500
0 0.273047 0.650694 0.021094 0.043056
0 0.242188 0.622917 0.026562 0.048611
0 0.295312 0.704861 0.020313 0.045833
0 0.804688 0.179167 0.015625 0.044444
0 0.850000 0.597222 0.018750 0.036111
0 0.651563 0.936806 0.015625 0.034722
0 0.433984 0.675694 0.014844 0.040278
0 0.953516 0.562500 0.016406 0.036111
0 0.200781 0.534028 0.025000 0.048611
0 0.201563 0.670833 0.023438 0.033333
0 0.923438 0.537500 0.023438 0.050000
0 0.465234 0.052083 0.025781 0.043056
0 0.857422 0.551389 0.019531 0.036111
0 0.889062 0.535417 0.025000 0.029167
0 0.752344 0.563194 0.026562 0.045833
0 0.035547 0.885417 0.022656 0.043056
0 0.748437 0.925694 0.020313 0.029167
0 0.048047 0.264583 0.016406 0.026389
0 0.802344 0.892361 0.021875 0.040278
0 0.309766 0.849306 0.027344 0.034722
0 0.298828 0.962500 0.027344 0.036111
0 0.622656 0.614583 0.018750 0.040278
0 0.328516 0.755556 0.014844 0.033333
0 0.813672 0.686806 0.016406 0.048611
0 0.023438 0.164583 0.023438 0.045833
0 0.839453 0.957639 0.025781 0.026389
0 0.265234 0.846528 0.022656 0.026389
0 0.321484 0.609722 0.016406 0.036111
0 0.033594 0.212500 0.018750 0.025000
0 0.044922 0.938889 0.027344 0.025000
0 0.112500 0.713194 0.018750 0.034722
0 0.409375 0.801389 0.015625 0.044444
0 0.460156 0.150000 0.017188 0.036111
0 0.780859 0.513889 0.017969 0.038889
0 0.383203 0.070139 0.024219 0.037500
0 0.630859 0.693056 0.022656 0.027778
0 0.852344 0.138889 0.025000 0.030556
0 0.664453 0.881250 0.017969 0.034722
0 0.607812 0.852778 0.017188 0.027778
0 0.332422 0.666667 0.027344 0.041667
0 0.226953 0.067361 0.017969 0.029167
0 0.902734 0.880556 0.021094 0.030556
0 0.136328 0.394444 0.021094 0.036111
0 0.960156 0.629167 0.017188 0.047222
0 0.082422 0.590972 0.019531 0.043056
0 0.022656 0.663889 0.014063 0.030556
0 0.757812 0.739583 0.021875 0.029167
0 0.676172 0.603472 0.019531 0.043056
0 0.666016 0.656944 0.016406 0.041667
0 0.358594 0.052778 0.017188 0.033333
0 0.644922 0.842361 0.014844 0.040278
0 0.514453 0.143056 0.022656 0.033333
0 0.411328 0.931944 0.024219 0.025000
0 0.599219 0.565972 0.026562 0.040278
0 0.826953 0.845833 0.025781 0.025000
0 0.138672 0.938194 0.021094 0.029167
0 0.751172 0.183333 0.025781 0.033333
0 0.151953 0.061111 0.019531 0.050000
0 0.644922 0.409028 0.021094 0.029167
0 0.906250 0.096528 0.020313 0.026389
0 0.929688 0.811806 0.026562 0.026389
0 0.782031 0.723611 0.014063 0.036111
0 0.036328 0.120139 0.016406 0.026389
0 0.745313 0.642361 0.020313 0.034722
0 0.673828 0.936806 0.019531 0.029167
0 0.039844 0.817361 0.014063 0.026389
0 0.349219 0.884722 0.018750 0.027778
0 0.327344 0.925000 0.014063 0.038889
0 0.129297 0.258333 0.017969 0.041667
0 0.808984 0.540972 0.027344 0.031944
0 0.040625 0.545139 0.028125 0.029167
0 0.294531 0.802778 0.015625 0.030556
0 0.278125 0.918750 0.023438 0.040278
0 0.765625 0.127778 0.025000 0.025000
0 0.967969 0.878472 0.020313 0.043056
0 0.699609 0.867361 0.024219 0.045833
1 0.630078 0.184028 0.117969 0.204167
1 0.526172 0.790972 0.132031 0.295833
1 0.206641 0.361111 0.100781 0.275000
1 0.339453 0.442361 0.124219 0.245833
1 0.478906 0.395139 0.110937 0.184722
1 0.136328 0.826389 0.161719 0.175000
1 0.919531 0.294444 0.109375 0.208333