0 0.035156 0.256836 0.031250 0.041016
0 0.882812 0.256836 0.054688 0.037109
0 0.586914 0.665039 0.041016 0.033203
0 0.473633 0.435547 0.041016 0.031250
0 0.277344 0.699219 0.039062 0.050781
0 0.056641 0.121094 0.042969 0.035156
0 0.592773 0.591797 0.033203 0.042969
0 0.673828 0.160156 0.054688 0.031250
0 0.766602 0.153320 0.033203 0.048828
0 0.576172 0.425781 0.058594 0.046875
0 0.688477 0.079102 0.056641 0.056641
0 0.201172 0.104492 0.046875 0.052734
0 0.268555 0.455078 0.044922 0.031250
0 0.303711 0.918945 0.041016 0.048828
0 0.382812 0.416016 0.035156 0.031250
0 0.949219 0.792969 0.039062 0.042969
0 0.932617 0.713867 0.033203 0.033203
0 0.906250 0.939453 0.050781 0.046875
0 0.890625 0.047852 0.039062 0.056641
0 0.608398 0.121094 0.044922 0.042969
0 0.165039 0.919922 0.048828 0.050781
0 0.445312 0.071289 0.058594 0.044922
0 0.751953 0.050781 0.042969 0.031250
0 0.794922 0.253906 0.058594 0.039062
0 0.873047 0.368164 0.050781 0.052734
0 0.298828 0.639648 0.046875 0.052734
0 0.890625 0.140625 0.054688 0.046875
0 0.679688 0.951172 0.054688 0.042969
0 0.229492 0.505859 0.052734 0.039062
0 0.261719 0.099609 0.039062 0.054688
0 0.412109 0.819336 0.050781 0.037109
0 0.855469 0.514648 0.042969 0.048828
0 0.412109 0.938477 0.042969 0.033203
0 0.954102 0.530273 0.052734 0.033203
0 0.896484 0.851562 0.050781 0.050781
0 0.229492 0.373047 0.052734 0.035156
0 0.342773 0.042969 0.048828 0.035156
0 0.966797 0.604492 0.031250 0.033203
0 0.142578 0.096680 0.039062 0.033203
0 0.585938 0.491211 0.046875 0.044922
0 0.957031 0.395508 0.042969 0.044922
0 0.402344 0.129883 0.031250 0.048828
0 0.779297 0.405273 0.039062 0.037109
0 0.292969 0.409180 0.058594 0.033203
0 0.968750 0.096680 0.031250 0.052734
0 0.833984 0.208008 0.039062 0.033203
0 0.883789 0.677734 0.033203 0.039062
1 0.729492 0.516602 0.142578 0.138672
1 0.171875 0.222656 0.156250 0.156250
1 0.142578 0.745117 0.210938 0.150391
1 0.404297 0.270508 0.203125 0.185547
1 0.644531 0.293945 0.207031 0.173828
1 0.530273 0.833984 0.166016 0.218750
1 0.746094 0.764648 0.207031 0.255859
1 0.437500 0.571289 0.175781 0.212891
1 0.117188 0.489258 0.152344 0.259766