0 0.834375 0.622222 0.023438 0.033333
0 0.521484 0.267361 0.016406 0.034722
0 0.207813 0.173611 0.014063 0.041667
0 0.527344 0.179167 0.020313 0.038889
0 0.451562 0.745833 0.014063 0.030556
0 0.024609 0.108333 0.016406 0.027778
0 0.383594 0.101389 0.017188 0.025000
0 0.362500 0.655556 0.014063 0.030556
0 0.780078 0.909028 0.014844 0.040278
0 0.499609 0.901389 0.022656 0.027778
0 0.246875 0.209028 0.014063 0.040278
0 0.667578 0.851389 0.017969 0.038889
0 0.967578 0.768056 0.025781 0.047222
0 0.827734 0.669444 0.017969 0.050000
0 0.925391 0.045139 0.017969 0.029167
0 0.257031 0.863889 0.020313 0.050000
0 0.963672 0.548611 0.021094 0.038889
0 0.969141 0.266667 0.019531 0.027778
0 0.465234 0.129167 0.017969 0.025000
0 0.121094 0.107639 0.021875 0.037500
0 0.291406 0.181250 0.026562 0.034722
0 0.915625 0.200000 0.026562 0.050000
0 0.862109 0.115278 0.019531 0.030556
0 0.250781 0.372222 0.018750 0.044444
0 0.581641 0.360417 0.021094 0.048611
0 0.909766 0.724306 0.017969 0.029167
0 0.256641 0.278472 0.014844 0.037500
0 0.873437 0.652778 0.026562 0.036111
0 0.242969 0.084722 0.025000 0.050000
0 0.916797 0.484722 0.024219 0.027778
0 0.846875 0.922917 0.021875 0.034722
0 0.820703 0.800694 0.022656 0.026389
0 0.394531 0.577083 0.021875 0.037500
0 0.361719 0.189583 0.025000 0.043056
0 0.203516 0.909028 0.014844 0.026389
0 0.798828 0.082639 0.024219 0.048611
0 0.759766 0.055556 0.022656 0.036111
0 0.872656 0.247917 0.023438 0.045833
0 0.032813 0.929167 0.021875 0.036111
0 0.318359 0.657639 0.022656 0.045833
0 0.758203 0.943750 0.019531 0.037500
0 0.232031 0.452778 0.028125 0.025000
0 0.764844 0.257639 0.020313 0.026389
0 0.394141 0.522917 0.022656 0.031944
0 0.859375 0.162500 0.026562 0.036111
0 0.975781 0.952083 0.026562 0.029167
0 0.970313 0.319444 0.017188 0.050000
0 0.652344 0.740972 0.015625 0.045833
0 0.259375 0.146528 0.023438 0.045833
0 0.212891 0.301389 0.019531 0.036111
0 0.976562 0.640278 0.015625 0.047222
0 0.832812 0.750694 0.025000 0.029167
0 0.080078 0.112500 0.027344 0.047222
0 0.298438 0.066667 0.020313 0.047222
0 0.408594 0.127083 0.014063 0.034722
0 0.955078 0.211111 0.025781 0.036111
0 0.960156 0.494444 0.014063 0.025000
0 0.862891 0.695139 0.017969 0.026389
0 0.979297 0.862500 0.016406 0.027778
0 0.863281 0.556944 0.017188 0.030556
0 0.262109 0.436806 0.024219 0.040278
0 0.910156 0.356250 0.015625 0.029167
0 0.632031 0.885417 0.025000 0.037500
0 0.780078 0.851389 0.014844 0.038889
0 0.373437 0.582639 0.014063 0.040278
0 0.321094 0.495139 0.015625 0.045833
0 0.870313 0.860417 0.015625 0.037500
0 0.307031 0.579861 0.018750 0.037500
0 0.854297 0.795833 0.017969 0.044444
0 0.905078 0.679861 0.017969 0.026389
0 0.904687 0.860417 0.017188 0.043056
0 0.041797 0.743750 0.022656 0.048611
0 0.282422 0.377778 0.022656 0.041667
0 0.972656 0.436111 0.017188 0.041667
0 0.493359 0.238889 0.017969 0.030556
0 0.171094 0.163194 0.021875 0.029167
0 0.528125 0.827083 0.026562 0.026389
0 0.943750 0.700694 0.014063 0.043056
0 0.942969 0.868750 0.020313 0.031944
0 0.362500 0.145833 0.018750 0.030556
0 0.952734 0.605556 0.025781 0.036111
0 0.667188 0.789583 0.020313 0.040278
0 0.361328 0.070833 0.021094 0.033333
0 0.561719 0.920139 0.025000 0.026389
0 0.955078 0.060417 0.014844 0.043056
0 0.854297 0.067361 0.022656 0.029167
0 0.698047 0.927778 0.025781 0.044444
0 0.518359 0.343750 0.019531 0.040278
0 0.800000 0.262500 0.020313 0.044444
0 0.533984 0.903472 0.022656 0.048611
0 0.575391 0.957639 0.025781 0.037500
0 0.265625 0.942361 0.018750 0.026389
0 0.747656 0.554861 0.017188 0.043056
0 0.278125 0.227083 0.018750 0.026389
0 0.742969 0.879861 0.023438 0.048611
0 0.492578 0.092361 0.024219 0.037500
0 0.271484 0.095833 0.017969 0.041667
0 0.893750 0.949306 0.028125 0.048611
0 0.043750 0.859028 0.017188 0.029167
0 0.671094 0.939583 0.020313 0.043056
1 0.379688 0.337500 0.156250 0.205556
1 0.098437 0.604167 0.125000 0.200000
1 0.621484 0.173611 0.155469 0.213889
1 0.794922 0.412500 0.144531 0.208333
1 0.562500 0.692361 0.151562 0.218056
1 0.112109 0.330556 0.138281 0.261111
1 0.236328 0.652778 0.107031 0.302778
1 0.112109 0.829167 0.108594 0.183333
1 0.740234 0.706944 0.099219 0.219444
1 0.368750 0.813889 0.110937 0.213889