0 0.560156 0.356944 0.020313 0.030556
0 0.286328 0.961806 0.025781 0.040278
0 0.922656 0.361111 0.014063 0.027778
0 0.508594 0.100694 0.023438 0.031944
0 0.768750 0.847917 0.025000 0.034722
0 0.695312 0.783333 0.023438 0.047222
0 0.973437 0.610417 0.023438 0.026389
0 0.100000 0.440972 0.028125 0.043056
0 0.727734 0.647917 0.024219 0.029167
0 0.622266 0.411806 0.027344 0.040278
0 0.128125 0.749306 0.025000 0.045833
0 0.103516 0.792361 0.016406 0.031944
0 0.091016 0.581250 0.027344 0.031944
0 0.924219 0.244444 0.018750 0.033333
0 0.156250 0.937500 0.021875 0.044444
0 0.647656 0.886806 0.026562 0.045833
0 0.337891 0.154167 0.016406 0.036111
0 0.090625 0.927083 0.015625 0.029167
0 0.471484 0.528472 0.027344 0.034722
0 0.315234 0.637500 0.025781 0.038889
0 0.884375 0.881944 0.017188 0.044444
0 0.542969 0.912500 0.017188 0.027778
0 0.403906 0.526389 0.021875 0.027778
0 0.504687 0.168056 0.023438 0.036111
0 0.923438 0.453472 0.026562 0.029167
0 0.463672 0.060417 0.021094 0.026389
0 0.280469 0.315972 0.023438 0.034722
0 0.563672 0.419444 0.016406 0.038889
0 0.037109 0.857639 0.022656 0.026389
0 0.700781 0.353472 0.021875 0.034722
0 0.376953 0.173611 0.021094 0.038889
0 0.692578 0.111111 0.016406 0.027778
0 0.714844 0.568750 0.018750 0.026389
0 0.466797 0.229167 0.019531 0.047222
0 0.953516 0.282639 0.017969 0.048611
0 0.349219 0.665278 0.021875 0.038889
0 0.955859 0.138194 0.027344 0.034722
0 0.533203 0.052083 0.025781 0.029167
0 0.842969 0.805556 0.015625 0.044444
0 0.347656 0.766667 0.021875 0.038889
0 0.611328 0.953472 0.017969 0.029167
0 0.437500 0.140972 0.023438 0.037500
0 0.499219 0.331250 0.015625 0.043056
0 0.306641 0.694444 0.019531 0.047222
0 0.670703 0.761111 0.017969 0.030556
0 0.433203 0.202778 0.019531 0.025000
0 0.971484 0.056944 0.014844 0.036111
0 0.544531 0.868750 0.025000 0.026389
0 0.598437 0.334722 0.021875 0.038889
0 0.290625 0.081944 0.014063 0.027778
0 0.866406 0.067361 0.025000 0.034722
0 0.668750 0.344444 0.023438 0.033333
0 0.866406 0.136806 0.015625 0.043056
0 0.768359 0.640972 0.014844 0.043056
0 0.677734 0.941667 0.016406 0.027778
0 0.520703 0.223611 0.019531 0.025000
0 0.801562 0.916667 0.026562 0.050000
0 0.782031 0.509722 0.020313 0.044444
0 0.641797 0.843056 0.021094 0.030556
0 0.615625 0.505556 0.020313 0.033333
0 0.731641 0.306250 0.025781 0.031944
0 0.033594 0.163194 0.020313 0.040278
0 0.605078 0.879861 0.021094 0.043056
0 0.744141 0.588194 0.014844 0.043056
0 0.510938 0.422222 0.021875 0.038889
0 0.935937 0.059028 0.020313 0.048611
0 0.329297 0.570833 0.022656 0.050000
0 0.320312 0.032639 0.015625 0.031944
0 0.692187 0.529861 0.025000 0.034722
0 0.028125 0.306944 0.025000 0.030556
0 0.391797 0.069444 0.019531 0.041667
0 0.799609 0.722917 0.016406 0.029167
0 0.339062 0.498611 0.028125 0.027778
0 0.077344 0.761806 0.026562 0.045833
0 0.094531 0.522222 0.021875 0.027778
0 0.396094 0.263194 0.017188 0.037500
0 0.310937 0.260417 0.028125 0.034722
0 0.539844 0.663889 0.015625 0.038889
0 0.033203 0.204861 0.025781 0.026389
0 0.974219 0.727083 0.014063 0.029167
0 0.978125 0.518056 0.015625 0.038889
0 0.951172 0.336806 0.024219 0.026389
0 0.712500 0.052778 0.026562 0.025000
0 0.770312 0.917361 0.026562 0.045833
0 0.152344 0.840278 0.021875 0.050000
0 0.063281 0.409722 0.020313 0.036111
0 0.351562 0.933333 0.020313 0.038889
0 0.458594 0.584028 0.017188 0.040278
0 0.696484 0.293056 0.016406 0.038889
0 0.922656 0.309722 0.020313 0.050000
0 0.684766 0.056250 0.021094 0.034722
0 0.101562 0.881250 0.014063 0.037500
0 0.962500 0.957639 0.020313 0.031944
0 0.701172 0.858333 0.016406 0.038889
0 0.392969 0.571528 0.020313 0.040278
0 0.960547 0.913194 0.021094 0.043056
0 0.577734 0.851389 0.019531 0.047222
1 0.450781 0.736806 0.135937 0.243056
1 0.206250 0.491667 0.162500 0.294444
1 0.826562 0.372222 0.140625 0.188889
1 0.616406 0.637500 0.104688 0.188889
1 0.414844 0.399306 0.110937 0.187500
1 0.880859 0.639583 0.127344 0.229167
1 0.588281 0.187500 0.104688 0.222222
1 0.227344 0.795139 0.118750 0.209722
1 0.764453 0.163194 0.096094 0.173611