0 0.321094 0.030556 0.015625 0.025000
0 0.330469 0.472917 0.014063 0.040278
0 0.105078 0.556250 0.021094 0.043056
0 0.052344 0.717361 0.017188 0.045833
0 0.031641 0.195833 0.024219 0.041667
0 0.839063 0.105556 0.014063 0.050000
0 0.980469 0.253472 0.015625 0.045833
0 0.098047 0.432639 0.019531 0.034722
0 0.566797 0.768750 0.014844 0.029167
0 0.200000 0.084722 0.017188 0.038889
0 0.032813 0.247222 0.025000 0.050000
0 0.328516 0.664583 0.024219 0.026389
0 0.835938 0.909028 0.028125 0.034722
0 0.734766 0.957639 0.025781 0.029167
0 0.444141 0.862500 0.017969 0.050000
0 0.300781 0.687500 0.023438 0.027778
0 0.120703 0.071528 0.024219 0.031944
0 0.087500 0.661111 0.028125 0.044444
0 0.332031 0.101389 0.020313 0.036111
0 0.208203 0.951389 0.022656 0.047222
0 0.861328 0.448611 0.025781 0.025000
0 0.874219 0.354861 0.021875 0.043056
0 0.960547 0.323611 0.027344 0.033333
0 0.123828 0.959028 0.024219 0.034722
0 0.258984 0.934028 0.021094 0.037500
0 0.117188 0.789583 0.021875 0.043056
0 0.279687 0.063889 0.014063 0.047222
0 0.785156 0.561111 0.020313 0.038889
0 0.050391 0.862500 0.014844 0.047222
0 0.913281 0.131944 0.023438 0.041667
0 0.369531 0.489583 0.015625 0.048611
0 0.023047 0.123611 0.025781 0.050000
0 0.972656 0.822917 0.017188 0.045833
0 0.082031 0.568750 0.017188 0.029167
0 0.821094 0.166667 0.021875 0.041667
0 0.379297 0.870833 0.019531 0.044444
0 0.590625 0.936111 0.014063 0.047222
0 0.257812 0.814583 0.018750 0.034722
0 0.053516 0.812500 0.021094 0.038889
0 0.168359 0.897222 0.027344 0.047222
0 0.825781 0.470139 0.014063 0.045833
0 0.835938 0.281250 0.018750 0.045833
0 0.087500 0.788194 0.015625 0.040278
0 0.030078 0.611111 0.021094 0.041667
0 0.689844 0.529167 0.023438 0.030556
0 0.614844 0.537500 0.017188 0.038889
0 0.542969 0.098611 0.020313 0.047222
0 0.950000 0.490278 0.021875 0.025000
0 0.109375 0.391667 0.014063 0.030556
0 0.515625 0.789583 0.018750 0.045833
0 0.464453 0.797222 0.022656 0.044444
0 0.070312 0.478472 0.023438 0.026389
0 0.776172 0.454861 0.014844 0.037500
0 0.356641 0.572222 0.016406 0.025000
0 0.485156 0.862500 0.018750 0.025000
0 0.686719 0.912500 0.026562 0.047222
0 0.403516 0.396528 0.024219 0.034722
0 0.919531 0.898611 0.018750 0.044444
0 0.075000 0.115972 0.023438 0.037500
0 0.594922 0.470139 0.019531 0.034722
0 0.508594 0.604167 0.026562 0.025000
0 0.927344 0.184028 0.028125 0.043056
0 0.123828 0.667361 0.016406 0.031944
0 0.951172 0.104861 0.025781 0.026389
0 0.319922 0.786806 0.027344 0.045833
0 0.154688 0.045833 0.026562 0.047222
0 0.503125 0.477778 0.026562 0.044444
0 0.112891 0.877778 0.017969 0.036111
0 0.801172 0.318056 0.024219 0.050000
0 0.908203 0.040278 0.021094 0.047222
0 0.361719 0.700000 0.018750 0.036111
0 0.862500 0.956250 0.020313 0.040278
0 0.946094 0.363194 0.020313 0.026389
0 0.207813 0.706250 0.018750 0.045833
0 0.084375 0.929861 0.025000 0.031944
0 0.820312 0.050000 0.025000 0.050000
0 0.780078 0.244444 0.024219 0.047222
0 0.860547 0.513889 0.024219 0.027778
0 0.969141 0.171528 0.022656 0.034722
0 0.733594 0.498611 0.028125 0.041667
0 0.678516 0.420139 0.027344 0.031944
0 0.201563 0.136111 0.014063 0.038889
1 0.881250 0.738194 0.151562 0.237500
1 0.216797 0.541667 0.157031 0.227778
1 0.433984 0.577083 0.102344 0.270833
1 0.132031 0.264583 0.156250 0.187500
1 0.662109 0.709028 0.157031 0.270833
1 0.642578 0.177778 0.164844 0.211111
1 0.284766 0.259028 0.116406 0.218056
1 0.426953 0.195139 0.094531 0.301389