0 0.217969 0.946528 0.026562 0.037500
0 0.467969 0.104167 0.014063 0.030556
0 0.933203 0.477778 0.016406 0.033333
0 0.030859 0.511806 0.027344 0.031944
0 0.426953 0.195833 0.017969 0.036111
0 0.444922 0.577778 0.014844 0.025000
0 0.114062 0.498611 0.021875 0.025000
0 0.216797 0.177778 0.014844 0.047222
0 0.605469 0.071528 0.021875 0.029167
0 0.842187 0.063889 0.025000 0.030556
0 0.549219 0.151389 0.017188 0.038889
0 0.771875 0.384722 0.014063 0.033333
0 0.215625 0.241667 0.018750 0.027778
0 0.453125 0.701389 0.018750 0.033333
0 0.505078 0.219444 0.019531 0.047222
0 0.225391 0.101389 0.025781 0.030556
0 0.276562 0.090278 0.021875 0.027778
0 0.108203 0.218750 0.025781 0.026389
0 0.951953 0.059028 0.016406 0.043056
0 0.194531 0.882639 0.014063 0.031944
0 0.353125 0.211111 0.017188 0.050000
0 0.953906 0.813194 0.020313 0.043056
0 0.029297 0.656250 0.016406 0.037500
0 0.713281 0.300000 0.021875 0.030556
0 0.100781 0.936111 0.017188 0.050000
0 0.489063 0.065972 0.028125 0.034722
0 0.800781 0.568056 0.015625 0.050000
0 0.879297 0.106250 0.016406 0.037500
0 0.701953 0.484722 0.027344 0.036111
0 0.366406 0.843056 0.023438 0.033333
0 0.768750 0.041667 0.020313 0.025000
0 0.368359 0.306250 0.022656 0.026389
0 0.733984 0.594444 0.025781 0.041667
0 0.922656 0.895139 0.017188 0.029167
0 0.651172 0.897222 0.024219 0.030556
0 0.162500 0.210417 0.028125 0.029167
0 0.070703 0.842361 0.019531 0.037500
0 0.785156 0.190278 0.021875 0.050000
0 0.843750 0.504861 0.015625 0.045833
0 0.937891 0.953472 0.014844 0.037500
0 0.700781 0.729167 0.021875 0.038889
0 0.051953 0.795139 0.022656 0.031944
0 0.590234 0.142361 0.021094 0.040278
0 0.298047 0.960417 0.024219 0.034722
0 0.503125 0.762500 0.018750 0.025000
0 0.311328 0.775000 0.014844 0.036111
0 0.054297 0.245139 0.024219 0.043056
0 0.881641 0.468056 0.021094 0.050000
0 0.834766 0.952778 0.025781 0.041667
0 0.361328 0.533333 0.025781 0.047222
0 0.120703 0.115278 0.016406 0.027778
0 0.522656 0.901389 0.023438 0.033333
0 0.516406 0.679167 0.021875 0.036111
0 0.961328 0.498611 0.022656 0.050000
0 0.973047 0.277083 0.016406 0.026389
0 0.069531 0.102778 0.015625 0.050000
0 0.314453 0.181250 0.024219 0.034722
0 0.830859 0.452083 0.017969 0.034722
0 0.174219 0.068750 0.014063 0.040278
0 0.353125 0.071528 0.023438 0.034722
0 0.873437 0.813194 0.020313 0.037500
0 0.367578 0.145139 0.025781 0.040278
0 0.451953 0.258333 0.025781 0.047222
0 0.180469 0.942361 0.020313 0.026389
0 0.430859 0.073611 0.016406 0.036111
0 0.355078 0.457639 0.021094 0.040278
0 0.387500 0.089583 0.015625 0.045833
0 0.379297 0.260417 0.014844 0.034722
0 0.720703 0.874306 0.017969 0.045833
0 0.089453 0.786111 0.016406 0.047222
0 0.473047 0.811111 0.021094 0.041667
0 0.722266 0.677778 0.022656 0.030556
0 0.063281 0.514583 0.026562 0.043056
0 0.512109 0.295139 0.024219 0.037500
0 0.544531 0.100694 0.017188 0.043056
0 0.746484 0.428472 0.027344 0.034722
0 0.485938 0.606250 0.014063 0.031944
0 0.181641 0.503472 0.024219 0.043056
0 0.347656 0.353472 0.014063 0.026389
1 0.599219 0.572222 0.107813 0.280556
1 0.462891 0.418750 0.135156 0.176389
1 0.197266 0.759028 0.153906 0.170833
1 0.268750 0.415278 0.128125 0.297222
1 0.878516 0.274306 0.138281 0.273611
1 0.794922 0.751389 0.111719 0.238889
1 0.095312 0.372917 0.104688 0.173611
1 0.383594 0.716667 0.098437 0.175000
1 0.684766 0.135417 0.121094 0.184722
1 0.922656 0.671528 0.096875 0.170833