0 0.928125 0.615972 0.015625 0.026389
0 0.563281 0.770833 0.021875 0.044444
0 0.490234 0.619444 0.025781 0.030556
0 0.164453 0.572222 0.014844 0.044444
0 0.059375 0.450694 0.028125 0.043056
0 0.272266 0.520833 0.016406 0.036111
0 0.028906 0.536111 0.026562 0.036111
0 0.657422 0.177778 0.022656 0.041667
0 0.053125 0.733333 0.026562 0.038889
0 0.764844 0.909028 0.026562 0.034722
0 0.040625 0.778472 0.020313 0.037500
0 0.650781 0.338194 0.026562 0.026389
0 0.585938 0.381944 0.015625 0.027778
0 0.638672 0.447917 0.014844 0.029167
0 0.308203 0.324306 0.019531 0.045833
0 0.320703 0.238194 0.021094 0.037500
0 0.161328 0.740972 0.021094 0.031944
0 0.098437 0.525000 0.014063 0.038889
0 0.524219 0.927083 0.028125 0.037500
0 0.208594 0.801389 0.025000 0.030556
0 0.851562 0.495833 0.028125 0.044444
0 0.301953 0.568750 0.014844 0.029167
0 0.428125 0.631944 0.020313 0.030556
0 0.623047 0.270139 0.014844 0.045833
0 0.046484 0.211806 0.024219 0.031944
0 0.823438 0.543750 0.015625 0.029167
0 0.325781 0.599306 0.018750 0.045833
0 0.931250 0.543750 0.020313 0.040278
0 0.510938 0.799306 0.014063 0.034722
0 0.473047 0.875694 0.014844 0.043056
0 0.057031 0.667361 0.021875 0.034722
0 0.252344 0.602778 0.017188 0.027778
0 0.704297 0.242361 0.021094 0.037500
0 0.302734 0.486806 0.022656 0.043056
0 0.950781 0.667361 0.025000 0.037500
0 0.646484 0.932639 0.024219 0.029167
0 0.247656 0.228472 0.015625 0.040278
0 0.177734 0.468056 0.027344 0.044444
0 0.557031 0.699306 0.023438 0.034722
0 0.606641 0.315278 0.025781 0.027778
0 0.588281 0.919444 0.018750 0.044444
0 0.976172 0.332639 0.022656 0.026389
0 0.583594 0.420139 0.021875 0.037500
0 0.350000 0.105556 0.025000 0.041667
0 0.556641 0.890278 0.014844 0.050000
0 0.901953 0.053472 0.016406 0.040278
0 0.539453 0.622917 0.016406 0.040278
0 0.170313 0.669444 0.014063 0.025000
0 0.225781 0.541667 0.021875 0.047222
0 0.090234 0.575000 0.022656 0.025000
0 0.582422 0.336111 0.014844 0.033333
0 0.766016 0.456250 0.014844 0.040278
0 0.284766 0.227083 0.022656 0.045833
0 0.905859 0.215278 0.016406 0.030556
0 0.303125 0.134028 0.025000 0.034722
0 0.743750 0.963194 0.017188 0.037500
0 0.242188 0.790278 0.018750 0.036111
0 0.458984 0.793056 0.021094 0.038889
0 0.366406 0.213194 0.020313 0.045833
0 0.391016 0.648611 0.014844 0.030556
0 0.147656 0.948611 0.023438 0.027778
0 0.338672 0.643056 0.024219 0.025000
0 0.679688 0.497917 0.026562 0.037500
0 0.669922 0.263194 0.022656 0.040278
0 0.491406 0.668750 0.020313 0.045833
0 0.720313 0.883333 0.026562 0.033333
0 0.962109 0.040972 0.019531 0.048611
0 0.071875 0.923611 0.026562 0.044444
0 0.113672 0.943750 0.027344 0.029167
0 0.638281 0.222917 0.018750 0.031944
0 0.143750 0.806944 0.015625 0.025000
0 0.694531 0.132639 0.020313 0.029167
0 0.067578 0.844444 0.016406 0.025000
0 0.250781 0.306944 0.015625 0.047222
0 0.389844 0.135417 0.015625 0.048611
0 0.232031 0.648611 0.028125 0.025000
0 0.309766 0.391667 0.014844 0.044444
0 0.336719 0.193056 0.017188 0.036111
0 0.641406 0.481944 0.020313 0.025000
0 0.207813 0.706250 0.020313 0.037500
0 0.254297 0.056944 0.021094 0.044444
0 0.927734 0.061111 0.016406 0.030556
0 0.882031 0.104167 0.017188 0.047222
1 0.833594 0.687500 0.093750 0.227778
1 0.495703 0.161806 0.171094 0.201389
1 0.378516 0.445139 0.103906 0.243056
1 0.804297 0.301389 0.160156 0.197222
1 0.503906 0.439583 0.115625 0.293056
1 0.354687 0.834722 0.160938 0.236111
1 0.152344 0.259722 0.128125 0.305556
1 0.679297 0.674306 0.171094 0.251389