0 0.862305 0.134766 0.052734 0.054688
0 0.211914 0.537109 0.037109 0.046875
0 0.725586 0.370117 0.052734 0.056641
0 0.796875 0.174805 0.054688 0.041016
0 0.390625 0.913086 0.058594 0.052734
0 0.126953 0.872070 0.035156 0.052734
0 0.104492 0.788086 0.056641 0.056641
0 0.938477 0.388672 0.056641 0.042969
0 0.193359 0.109375 0.054688 0.054688
0 0.878906 0.328125 0.058594 0.050781
0 0.923828 0.863281 0.058594 0.039062
0 0.824219 0.391602 0.035156 0.052734
0 0.614258 0.642578 0.037109 0.058594
0 0.049805 0.056641 0.037109 0.050781
0 0.184570 0.477539 0.044922 0.033203
0 0.851562 0.228516 0.054688 0.042969
0 0.156250 0.183594 0.058594 0.042969
0 0.255859 0.403320 0.042969 0.052734
0 0.726562 0.708008 0.031250 0.041016
0 0.280273 0.473633 0.041016 0.041016
0 0.891602 0.791992 0.056641 0.056641
0 0.129883 0.510742 0.048828 0.056641
0 0.739258 0.529297 0.052734 0.031250
0 0.168945 0.312500 0.033203 0.042969
0 0.141602 0.651367 0.041016 0.041016
0 0.966797 0.046875 0.031250 0.054688
0 0.275391 0.565430 0.031250 0.048828
0 0.461914 0.347656 0.048828 0.031250
0 0.503906 0.862305 0.046875 0.041016
0 0.564453 0.880859 0.035156 0.058594
0 0.045898 0.479492 0.033203 0.037109
0 0.693359 0.593750 0.054688 0.042969
0 0.935547 0.213867 0.039062 0.041016
0 0.657227 0.709961 0.048828 0.048828
0 0.054688 0.703125 0.042969 0.035156
0 0.486328 0.941406 0.050781 0.046875
0 0.329102 0.660156 0.037109 0.050781
0 0.110352 0.406250 0.044922 0.054688
0 0.796875 0.585938 0.058594 0.050781
0 0.084961 0.252930 0.056641 0.044922
0 0.049805 0.602539 0.048828 0.033203
0 0.326172 0.603516 0.035156 0.031250
0 0.627930 0.535156 0.041016 0.054688
0 0.571289 0.808594 0.037109 0.042969
0 0.109375 0.703125 0.046875 0.046875
0 0.929688 0.929688 0.039062 0.035156
0 0.114258 0.061523 0.044922 0.037109
0 0.083008 0.129883 0.037109 0.048828
0 0.783203 0.406250 0.031250 0.039062
1 0.337891 0.189453 0.183594 0.226562
1 0.705078 0.823242 0.183594 0.138672
1 0.913086 0.568359 0.138672 0.246094
1 0.608398 0.169922 0.224609 0.265625
1 0.258789 0.850586 0.181641 0.267578
1 0.452148 0.480469 0.224609 0.179688
1 0.449219 0.688477 0.144531 0.169922