0 0.953125 0.356445 0.050781 0.044922
0 0.051758 0.298828 0.044922 0.042969
0 0.089844 0.046875 0.035156 0.058594
0 0.824219 0.915039 0.035156 0.037109
0 0.519531 0.609375 0.039062 0.035156
0 0.661133 0.931641 0.044922 0.039062
0 0.603516 0.583984 0.042969 0.042969
0 0.278320 0.108398 0.033203 0.033203
0 0.272461 0.656250 0.056641 0.042969
0 0.801758 0.562500 0.041016 0.042969
0 0.966797 0.108398 0.031250 0.037109
0 0.853516 0.560547 0.039062 0.058594
0 0.240234 0.206055 0.031250 0.048828
0 0.933594 0.537109 0.058594 0.054688
0 0.362305 0.619141 0.041016 0.054688
0 0.177734 0.387695 0.039062 0.037109
0 0.738281 0.608398 0.046875 0.033203
0 0.496094 0.963867 0.046875 0.041016
0 0.209961 0.035156 0.044922 0.035156
0 0.689453 0.785156 0.046875 0.050781
0 0.683594 0.675781 0.039062 0.039062
0 0.185547 0.168945 0.039062 0.037109
0 0.838867 0.395508 0.052734 0.044922
0 0.634766 0.051758 0.058594 0.048828
0 0.966797 0.639648 0.031250 0.037109
0 0.414062 0.563477 0.042969 0.041016
0 0.822266 0.677734 0.058594 0.050781
0 0.125977 0.129883 0.056641 0.033203
0 0.472656 0.277344 0.050781 0.058594
0 0.477539 0.445312 0.033203 0.042969
0 0.954102 0.444336 0.052734 0.044922
0 0.947266 0.841797 0.050781 0.050781
0 0.083984 0.239258 0.050781 0.056641
0 0.149414 0.076172 0.056641 0.042969
0 0.123047 0.396484 0.050781 0.031250
0 0.609375 0.100586 0.058594 0.033203
1 0.816406 0.797852 0.191406 0.166016
1 0.338867 0.395508 0.197266 0.251953
1 0.885742 0.225586 0.166016 0.181641
1 0.633789 0.245117 0.255859 0.232422
1 0.515625 0.771484 0.265625 0.234375
1 0.228516 0.828125 0.250000 0.218750
1 0.656250 0.458984 0.269531 0.136719
1 0.123047 0.529297 0.171875 0.199219
1 0.375000 0.154297 0.144531 0.167969