0 0.975000 0.042361 0.018750 0.040278
0 0.037109 0.633333 0.017969 0.044444
0 0.353125 0.911806 0.025000 0.040278
0 0.754297 0.525000 0.025781 0.047222
0 0.364844 0.278472 0.014063 0.034722
0 0.726953 0.039583 0.021094 0.026389
0 0.332813 0.813889 0.017188 0.044444
0 0.575781 0.075000 0.015625 0.036111
0 0.616797 0.304167 0.024219 0.041667
0 0.885938 0.061806 0.020313 0.037500
0 0.956250 0.718750 0.021875 0.040278
0 0.062891 0.069444 0.017969 0.036111
0 0.519141 0.739583 0.017969 0.034722
0 0.309375 0.889583 0.015625 0.037500
0 0.161719 0.528472 0.026562 0.026389
0 0.958203 0.831250 0.025781 0.048611
0 0.060156 0.143056 0.018750 0.033333
0 0.744531 0.453472 0.020313 0.040278
0 0.158594 0.400000 0.018750 0.044444
0 0.894141 0.936111 0.024219 0.030556
0 0.092188 0.174306 0.015625 0.034722
0 0.676562 0.094444 0.023438 0.027778
0 0.911719 0.720139 0.026562 0.031944
0 0.032031 0.740972 0.023438 0.045833
0 0.642578 0.293750 0.019531 0.031944
0 0.626563 0.081944 0.023438 0.044444
0 0.069141 0.913194 0.027344 0.045833
0 0.718359 0.416667 0.017969 0.036111
0 0.171484 0.484722 0.025781 0.038889
0 0.058594 0.843056 0.025000 0.041667
0 0.430469 0.872917 0.020313 0.026389
0 0.408984 0.297222 0.021094 0.044444
0 0.799609 0.622222 0.016406 0.036111
0 0.333594 0.629861 0.018750 0.026389
0 0.285938 0.361111 0.015625 0.033333
0 0.119141 0.885417 0.021094 0.045833
0 0.107813 0.094444 0.014063 0.050000
0 0.364063 0.729167 0.018750 0.050000
0 0.396484 0.942361 0.021094 0.026389
0 0.209375 0.547222 0.023438 0.033333
0 0.089844 0.807639 0.026562 0.034722
0 0.031641 0.933333 0.025781 0.050000
0 0.073438 0.579167 0.014063 0.038889
0 0.062891 0.794444 0.019531 0.041667
0 0.753906 0.115278 0.017188 0.044444
0 0.470313 0.345139 0.020313 0.031944
0 0.961719 0.095833 0.018750 0.038889
0 0.675000 0.376389 0.023438 0.044444
0 0.961328 0.397917 0.016406 0.043056
0 0.509375 0.323611 0.026562 0.041667
0 0.554688 0.931250 0.020313 0.040278
0 0.034766 0.568056 0.027344 0.027778
0 0.881250 0.648611 0.028125 0.025000
0 0.462891 0.436111 0.024219 0.044444
0 0.204687 0.934722 0.028125 0.036111
0 0.398047 0.885417 0.022656 0.043056
0 0.514453 0.901389 0.021094 0.036111
0 0.928125 0.534028 0.023438 0.045833
0 0.125391 0.755556 0.024219 0.027778
0 0.168359 0.861806 0.025781 0.043056
0 0.161719 0.909028 0.017188 0.031944
0 0.199219 0.882639 0.023438 0.026389
0 0.529687 0.600000 0.023438 0.047222
0 0.032422 0.116667 0.021094 0.033333
0 0.971094 0.250694 0.025000 0.040278
0 0.586328 0.262500 0.022656 0.047222
0 0.491016 0.271528 0.017969 0.029167
0 0.301953 0.282639 0.014844 0.034722
0 0.478516 0.576389 0.014844 0.041667
0 0.513281 0.539583 0.014063 0.029167
0 0.271875 0.770833 0.014063 0.050000
0 0.895312 0.853472 0.018750 0.026389
0 0.661328 0.165278 0.019531 0.044444
0 0.109766 0.656944 0.025781 0.025000
0 0.789844 0.485417 0.021875 0.043056
1 0.626172 0.556250 0.127344 0.279167
1 0.088672 0.370833 0.107031 0.222222
1 0.760156 0.274306 0.137500 0.170833
1 0.801953 0.779167 0.117969 0.238889
1 0.431250 0.747222 0.106250 0.191667
1 0.462500 0.140972 0.167187 0.181944
1 0.352734 0.490278 0.161719 0.194444
1 0.202734 0.681250 0.108594 0.212500
1 0.897656 0.340278 0.096875 0.180556
1 0.220312 0.177778 0.109375 0.252778