0 0.913086 0.901367 0.048828 0.037109
0 0.920898 0.841797 0.033203 0.039062
0 0.606445 0.352539 0.048828 0.044922
0 0.327148 0.378906 0.037109 0.058594
0 0.032227 0.599609 0.033203 0.050781
0 0.574219 0.623047 0.046875 0.042969
0 0.662109 0.439453 0.050781 0.050781
0 0.883789 0.699219 0.041016 0.039062
0 0.089844 0.458984 0.039062 0.042969
0 0.075195 0.059570 0.048828 0.041016
0 0.301758 0.281250 0.052734 0.031250
0 0.158203 0.653320 0.054688 0.048828
0 0.887695 0.144531 0.033203 0.042969
0 0.307617 0.560547 0.056641 0.035156
0 0.038086 0.904297 0.033203 0.054688
0 0.165039 0.049805 0.037109 0.056641
0 0.700195 0.914062 0.041016 0.058594
0 0.302734 0.700195 0.042969 0.044922
0 0.924805 0.075195 0.056641 0.041016
0 0.168945 0.546875 0.048828 0.039062
0 0.202148 0.438477 0.048828 0.033203
0 0.156250 0.949219 0.046875 0.054688
0 0.089844 0.688477 0.054688 0.048828
0 0.782227 0.935547 0.044922 0.039062
0 0.613281 0.948242 0.031250 0.037109
0 0.436523 0.485352 0.041016 0.041016
0 0.720703 0.500977 0.042969 0.056641
0 0.631836 0.104492 0.041016 0.056641
0 0.261719 0.381836 0.035156 0.044922
0 0.954102 0.270508 0.056641 0.052734
0 0.386719 0.658203 0.039062 0.031250
0 0.557617 0.074219 0.056641 0.042969
0 0.921875 0.796875 0.035156 0.035156
0 0.088867 0.916992 0.044922 0.037109
0 0.946289 0.335938 0.048828 0.058594
0 0.296875 0.200195 0.035156 0.033203
0 0.639648 0.830078 0.033203 0.042969
0 0.613281 0.255859 0.035156 0.042969
1 0.151367 0.795898 0.224609 0.146484
1 0.541016 0.503906 0.140625 0.164062
1 0.480469 0.253906 0.183594 0.250000
1 0.718750 0.713867 0.136719 0.150391
1 0.780273 0.301758 0.224609 0.154297
1 0.429688 0.824219 0.191406 0.253906
1 0.119141 0.244141 0.148438 0.214844
1 0.853516 0.526367 0.203125 0.177734
1 0.755859 0.096680 0.171875 0.158203