0 0.092773 0.428711 0.048828 0.044922
0 0.602539 0.391602 0.037109 0.052734
0 0.679688 0.779297 0.058594 0.050781
0 0.143555 0.758789 0.052734 0.041016
0 0.560547 0.088867 0.031250 0.033203
0 0.357422 0.173828 0.050781 0.031250
0 0.724609 0.406250 0.058594 0.039062
0 0.727539 0.849609 0.044922 0.035156
0 0.792969 0.690430 0.031250 0.048828
0 0.280273 0.710938 0.052734 0.035156
0 0.269531 0.205078 0.054688 0.054688
0 0.451172 0.062500 0.035156 0.046875
0 0.649414 0.506836 0.033203 0.033203
0 0.810547 0.443359 0.046875 0.042969
0 0.700195 0.894531 0.033203 0.035156
0 0.298828 0.366211 0.042969 0.033203
0 0.844727 0.915039 0.041016 0.056641
0 0.871094 0.634766 0.058594 0.046875
0 0.916992 0.464844 0.056641 0.039062
0 0.374023 0.500000 0.044922 0.039062
0 0.061523 0.112305 0.041016 0.056641
0 0.311523 0.449219 0.056641 0.050781
0 0.383789 0.660156 0.052734 0.039062
0 0.890625 0.141602 0.046875 0.048828
0 0.214844 0.801758 0.046875 0.033203
0 0.859375 0.779297 0.031250 0.035156
0 0.574219 0.196289 0.039062 0.052734
0 0.916016 0.249023 0.054688 0.056641
0 0.279297 0.582031 0.035156 0.058594
0 0.656250 0.418945 0.050781 0.052734
0 0.819336 0.379883 0.041016 0.033203
0 0.889648 0.082031 0.041016 0.031250
0 0.313477 0.078125 0.037109 0.058594
0 0.902344 0.316406 0.039062 0.054688
0 0.949219 0.694336 0.054688 0.056641
0 0.882812 0.561523 0.042969 0.044922
0 0.558594 0.468750 0.058594 0.035156
1 0.304688 0.915039 0.183594 0.138672
1 0.721680 0.165039 0.232422 0.259766
1 0.607422 0.633789 0.273438 0.193359
1 0.137695 0.245117 0.154297 0.193359
1 0.135742 0.598633 0.189453 0.259766
1 0.441406 0.316406 0.175781 0.238281
1 0.113281 0.861328 0.136719 0.140625
1 0.533203 0.873047 0.207031 0.214844