0 0.346875 0.110417 0.017188 0.026389
0 0.615625 0.150694 0.026562 0.043056
0 0.935937 0.127778 0.023438 0.025000
0 0.055859 0.595833 0.025781 0.027778
0 0.064844 0.865972 0.025000 0.040278
0 0.109766 0.129861 0.025781 0.040278
0 0.026953 0.392361 0.014844 0.037500
0 0.973437 0.492361 0.015625 0.048611
0 0.573828 0.890278 0.019531 0.044444
0 0.115625 0.659722 0.020313 0.041667
0 0.702734 0.494444 0.017969 0.025000
0 0.101562 0.206944 0.026562 0.033333
0 0.062109 0.657639 0.019531 0.026389
0 0.066016 0.540972 0.027344 0.040278
0 0.533984 0.517361 0.017969 0.045833
0 0.488281 0.549306 0.014063 0.034722
0 0.735938 0.524306 0.026562 0.040278
0 0.694141 0.212500 0.025781 0.027778
0 0.437500 0.880556 0.021875 0.033333
0 0.912500 0.232639 0.020313 0.029167
0 0.300781 0.446528 0.018750 0.029167
0 0.674609 0.385417 0.021094 0.040278
0 0.908594 0.280556 0.020313 0.027778
0 0.583203 0.159722 0.024219 0.038889
0 0.582031 0.804167 0.017188 0.033333
0 0.226562 0.720833 0.014063 0.038889
0 0.277344 0.618056 0.017188 0.044444
0 0.625391 0.968750 0.016406 0.029167
0 0.953125 0.504167 0.015625 0.036111
0 0.943359 0.782639 0.024219 0.043056
0 0.734766 0.070139 0.017969 0.048611
0 0.049219 0.475000 0.021875 0.030556
0 0.076563 0.095833 0.028125 0.030556
0 0.290625 0.113194 0.018750 0.026389
0 0.380469 0.794444 0.026562 0.050000
0 0.380469 0.945833 0.014063 0.050000
0 0.687891 0.304167 0.019531 0.030556
0 0.031250 0.204861 0.028125 0.045833
0 0.787891 0.087500 0.022656 0.027778
0 0.618750 0.836111 0.026562 0.027778
0 0.029687 0.287500 0.028125 0.041667
0 0.920312 0.935417 0.028125 0.029167
0 0.692187 0.781944 0.018750 0.044444
0 0.505469 0.830556 0.014063 0.025000
0 0.662109 0.827083 0.014844 0.048611
0 0.700781 0.730556 0.023438 0.033333
0 0.636719 0.034722 0.018750 0.030556
0 0.065625 0.380556 0.020313 0.025000
0 0.344922 0.775000 0.017969 0.030556
0 0.516016 0.427083 0.016406 0.048611
0 0.621484 0.773611 0.024219 0.050000
0 0.064453 0.248611 0.025781 0.030556
0 0.718359 0.905556 0.022656 0.027778
0 0.427344 0.940972 0.018750 0.029167
0 0.855859 0.045833 0.024219 0.044444
0 0.979688 0.640972 0.021875 0.045833
0 0.908594 0.145139 0.020313 0.043056
0 0.972656 0.704861 0.018750 0.029167
0 0.532031 0.070139 0.015625 0.045833
0 0.960156 0.914583 0.023438 0.037500
0 0.942969 0.600694 0.017188 0.031944
0 0.618750 0.916667 0.026562 0.038889
0 0.748047 0.877778 0.021094 0.050000
0 0.262891 0.066667 0.016406 0.036111
0 0.385937 0.874306 0.014063 0.037500
0 0.029297 0.725694 0.017969 0.043056
0 0.554688 0.179861 0.026562 0.034722
0 0.154688 0.079167 0.020313 0.047222
0 0.942187 0.717361 0.018750 0.029167
0 0.157031 0.713194 0.021875 0.040278
0 0.130469 0.288889 0.015625 0.041667
0 0.719531 0.820139 0.020313 0.048611
0 0.310156 0.809722 0.020313 0.047222
0 0.089063 0.625000 0.018750 0.027778
0 0.041016 0.786111 0.022656 0.050000
0 0.690625 0.867361 0.014063 0.043056
0 0.080078 0.420833 0.024219 0.041667
1 0.214453 0.225000 0.117969 0.172222
1 0.612891 0.627083 0.113281 0.190278
1 0.588672 0.328472 0.105469 0.195833
1 0.801172 0.279167 0.166406 0.297222
1 0.387109 0.619444 0.155469 0.255556
1 0.833203 0.565278 0.114844 0.205556
1 0.195312 0.534028 0.121875 0.251389
1 0.833594 0.817361 0.132812 0.193056
1 0.210547 0.863194 0.116406 0.190278
1 0.431641 0.272917 0.135156 0.273611