0 0.926172 0.477778 0.027344 0.047222
0 0.221094 0.350000 0.014063 0.038889
0 0.125781 0.488194 0.028125 0.048611
0 0.680469 0.175000 0.028125 0.044444
0 0.035547 0.496528 0.016406 0.040278
0 0.767969 0.452778 0.023438 0.033333
0 0.022656 0.136806 0.020313 0.034722
0 0.596484 0.617361 0.017969 0.029167
0 0.959375 0.470833 0.026562 0.033333
0 0.707422 0.795139 0.019531 0.031944
0 0.975000 0.907639 0.018750 0.034722
0 0.307422 0.275000 0.014844 0.047222
0 0.907031 0.061111 0.023438 0.047222
0 0.457031 0.496528 0.018750 0.043056
0 0.974609 0.149306 0.014844 0.040278
0 0.937891 0.543750 0.021094 0.031944
0 0.470313 0.304167 0.018750 0.030556
0 0.892188 0.264583 0.023438 0.048611
0 0.533203 0.055556 0.022656 0.038889
0 0.268359 0.120833 0.017969 0.027778
0 0.560156 0.515972 0.023438 0.031944
0 0.619141 0.927778 0.016406 0.033333
0 0.358594 0.551389 0.025000 0.044444
0 0.174219 0.531250 0.017188 0.031944
0 0.305078 0.377083 0.016406 0.037500
0 0.399219 0.500000 0.018750 0.047222
0 0.406250 0.625000 0.021875 0.050000
0 0.266016 0.462500 0.025781 0.027778
0 0.088672 0.945139 0.016406 0.048611
0 0.154688 0.494444 0.015625 0.041667
0 0.156641 0.863889 0.014844 0.047222
0 0.205859 0.506250 0.014844 0.029167
0 0.135937 0.554167 0.015625 0.027778
0 0.119531 0.776389 0.020313 0.033333
0 0.084766 0.845833 0.024219 0.047222
0 0.892188 0.545139 0.025000 0.048611
0 0.666797 0.303472 0.016406 0.045833
0 0.405469 0.079167 0.023438 0.033333
0 0.870703 0.202778 0.017969 0.027778
0 0.502344 0.535417 0.023438 0.043056
0 0.542188 0.611111 0.028125 0.050000
0 0.204297 0.438889 0.025781 0.038889
0 0.324609 0.605556 0.021094 0.027778
0 0.955078 0.702778 0.019531 0.027778
0 0.327344 0.440972 0.018750 0.026389
0 0.372656 0.887500 0.025000 0.038889
0 0.252734 0.320833 0.024219 0.027778
0 0.200000 0.562500 0.025000 0.033333
0 0.557031 0.156250 0.015625 0.048611
0 0.367969 0.612500 0.023438 0.041667
0 0.970703 0.029861 0.016406 0.026389
0 0.503125 0.200000 0.025000 0.025000
0 0.461328 0.936111 0.025781 0.030556
0 0.685156 0.860417 0.020313 0.031944
0 0.650781 0.672917 0.028125 0.029167
0 0.450000 0.722917 0.025000 0.045833
0 0.674609 0.045139 0.019531 0.040278
0 0.711328 0.288889 0.014844 0.033333
0 0.851562 0.120833 0.020313 0.038889
0 0.035156 0.750694 0.028125 0.034722
0 0.116797 0.037500 0.017969 0.030556
0 0.422266 0.779167 0.022656 0.038889
0 0.520312 0.121528 0.026562 0.048611
0 0.295703 0.584028 0.022656 0.026389
0 0.764453 0.530556 0.014844 0.038889
0 0.488281 0.626389 0.028125 0.047222
0 0.839063 0.473611 0.020313 0.044444
0 0.023047 0.556250 0.016406 0.048611
0 0.299609 0.092361 0.017969 0.037500
0 0.701953 0.935417 0.014844 0.040278
0 0.164844 0.420139 0.017188 0.043056
0 0.867578 0.505556 0.017969 0.033333
0 0.845313 0.520139 0.018750 0.029167
0 0.085938 0.593056 0.028125 0.027778
0 0.370312 0.775694 0.018750 0.048611
0 0.040625 0.966667 0.015625 0.033333
0 0.763281 0.050000 0.028125 0.047222
0 0.427734 0.838194 0.017969 0.043056
0 0.714063 0.058333 0.018750 0.044444
0 0.697656 0.729167 0.021875 0.041667
0 0.330078 0.507639 0.014844 0.029167
0 0.789844 0.502083 0.014063 0.040278
0 0.306641 0.142361 0.019531 0.043056
1 0.689063 0.474306 0.123438 0.273611
1 0.823828 0.329861 0.103906 0.187500
1 0.259766 0.778472 0.161719 0.276389
1 0.388672 0.273611 0.110156 0.277778
1 0.850391 0.761111 0.160156 0.283333
1 0.545703 0.776389 0.155469 0.230556
1 0.544141 0.361806 0.107031 0.256944