0 0.362500 0.061806 0.028125 0.026389
0 0.362109 0.847917 0.024219 0.037500
0 0.879687 0.254861 0.021875 0.031944
0 0.148438 0.060417 0.021875 0.040278
0 0.842969 0.129861 0.020313 0.029167
0 0.238281 0.161806 0.020313 0.045833
0 0.023828 0.156944 0.017969 0.030556
0 0.562500 0.857639 0.025000 0.029167
0 0.531641 0.893750 0.017969 0.048611
0 0.097656 0.201389 0.018750 0.025000
0 0.439453 0.940972 0.027344 0.045833
0 0.278906 0.959722 0.015625 0.041667
0 0.114062 0.109722 0.018750 0.038889
0 0.032422 0.516667 0.027344 0.025000
0 0.082031 0.076389 0.015625 0.036111
0 0.410938 0.702083 0.021875 0.048611
0 0.033984 0.559028 0.025781 0.029167
0 0.531250 0.476389 0.026562 0.025000
0 0.610156 0.895139 0.025000 0.034722
0 0.560937 0.045833 0.015625 0.044444
0 0.705469 0.944444 0.014063 0.044444
0 0.171875 0.209722 0.023438 0.025000
0 0.625781 0.713889 0.023438 0.025000
0 0.628906 0.602083 0.025000 0.045833
0 0.164062 0.640972 0.026562 0.031944
0 0.875391 0.736111 0.027344 0.027778
0 0.272656 0.157639 0.018750 0.034722
0 0.305469 0.223611 0.015625 0.025000
0 0.035547 0.850000 0.025781 0.033333
0 0.917969 0.219444 0.018750 0.027778
0 0.113672 0.649306 0.014844 0.029167
0 0.186719 0.721528 0.025000 0.045833
0 0.658594 0.322917 0.017188 0.043056
0 0.437500 0.723611 0.023438 0.038889
0 0.019531 0.727778 0.018750 0.027778
0 0.439453 0.047222 0.021094 0.050000
0 0.684375 0.793750 0.023438 0.040278
0 0.115234 0.716667 0.017969 0.038889
0 0.877344 0.854861 0.028125 0.031944
0 0.246875 0.206944 0.025000 0.030556
0 0.239453 0.056250 0.027344 0.031944
0 0.621484 0.054167 0.017969 0.027778
0 0.275000 0.062500 0.026562 0.036111
0 0.941406 0.875000 0.026562 0.030556
0 0.662109 0.836806 0.019531 0.034722
0 0.696875 0.326389 0.028125 0.025000
0 0.062109 0.643056 0.017969 0.050000
0 0.065625 0.226389 0.025000 0.036111
0 0.953906 0.100694 0.026562 0.026389
0 0.691797 0.044444 0.021094 0.041667
0 0.895312 0.062500 0.015625 0.030556
0 0.793750 0.137500 0.026562 0.027778
0 0.587500 0.836806 0.018750 0.043056
0 0.813281 0.913194 0.021875 0.043056
0 0.401172 0.053472 0.016406 0.040278
0 0.948438 0.749306 0.017188 0.037500
0 0.752344 0.902083 0.023438 0.037500
0 0.666016 0.877083 0.027344 0.034722
0 0.098437 0.941667 0.017188 0.033333
0 0.782422 0.758333 0.016406 0.033333
0 0.227734 0.281944 0.019531 0.041667
0 0.979688 0.204861 0.017188 0.043056
0 0.650781 0.940972 0.018750 0.045833
0 0.977344 0.875694 0.021875 0.031944
0 0.050781 0.108333 0.014063 0.050000
0 0.066406 0.797222 0.025000 0.027778
0 0.284375 0.347222 0.023438 0.033333
0 0.490625 0.135417 0.014063 0.040278
0 0.450781 0.195139 0.020313 0.029167
0 0.910937 0.724306 0.018750 0.040278
0 0.227344 0.098611 0.018750 0.027778
0 0.400391 0.584028 0.021094 0.029167
0 0.258203 0.287500 0.019531 0.047222
0 0.910937 0.276389 0.017188 0.044444
0 0.155859 0.943750 0.024219 0.031944
0 0.841406 0.034722 0.015625 0.036111
0 0.088281 0.721528 0.020313 0.037500
0 0.116406 0.854861 0.015625 0.034722
0 0.427734 0.843750 0.022656 0.043056
0 0.424609 0.429861 0.025781 0.037500
0 0.778516 0.889583 0.022656 0.037500
0 0.741406 0.844444 0.023438 0.036111
0 0.603125 0.956250 0.028125 0.031944
0 0.657031 0.714583 0.028125 0.048611
0 0.021484 0.774306 0.017969 0.043056
0 0.428125 0.594444 0.020313 0.033333
0 0.900391 0.950694 0.025781 0.043056
0 0.563672 0.189583 0.019531 0.043056
0 0.600781 0.120139 0.014063 0.048611
0 0.938672 0.672222 0.016406 0.033333
0 0.276562 0.116667 0.023438 0.036111
1 0.535937 0.350694 0.170313 0.176389
1 0.724219 0.518750 0.150000 0.262500
1 0.289844 0.529861 0.128125 0.173611
1 0.895312 0.486806 0.143750 0.231944
1 0.707422 0.190278 0.135156 0.191667
1 0.532031 0.646528 0.137500 0.259722
1 0.372656 0.238194 0.100000 0.243056
1 0.117969 0.409028 0.131250 0.293056