0 0.958984 0.885742 0.046875 0.056641
0 0.681641 0.907227 0.042969 0.041016
0 0.757812 0.128906 0.050781 0.054688
0 0.498047 0.460938 0.042969 0.035156
0 0.451172 0.097656 0.042969 0.031250
0 0.508789 0.130859 0.041016 0.050781
0 0.865234 0.543945 0.031250 0.048828
0 0.433594 0.919922 0.035156 0.058594
0 0.559570 0.495117 0.048828 0.048828
0 0.103516 0.938477 0.046875 0.044922
0 0.785156 0.039062 0.050781 0.031250
0 0.565430 0.394531 0.056641 0.035156
0 0.772461 0.378906 0.041016 0.035156
0 0.426758 0.050781 0.056641 0.031250
0 0.861328 0.944336 0.058594 0.044922
0 0.693359 0.121094 0.035156 0.039062
0 0.884766 0.247070 0.046875 0.048828
0 0.896484 0.866211 0.039062 0.052734
0 0.654297 0.239258 0.035156 0.044922
0 0.033203 0.432617 0.035156 0.048828
0 0.153320 0.351562 0.037109 0.035156
0 0.331055 0.307617 0.037109 0.048828
0 0.385742 0.408203 0.056641 0.050781
0 0.216797 0.916016 0.050781 0.042969
0 0.759766 0.200195 0.046875 0.056641
0 0.796875 0.282227 0.050781 0.052734
0 0.064453 0.726562 0.031250 0.050781
0 0.364258 0.239258 0.056641 0.033203
0 0.955078 0.667969 0.031250 0.031250
0 0.589844 0.577148 0.035156 0.041016
0 0.756836 0.708008 0.041016 0.037109
0 0.875977 0.157227 0.041016 0.044922
0 0.642578 0.039062 0.050781 0.042969
0 0.828125 0.868164 0.035156 0.033203
0 0.124023 0.787109 0.037109 0.058594
0 0.568359 0.955078 0.058594 0.035156
0 0.058594 0.821289 0.046875 0.041016
0 0.675781 0.772461 0.050781 0.048828
0 0.355469 0.504883 0.054688 0.041016
0 0.155273 0.296875 0.056641 0.039062
1 0.199219 0.496094 0.234375 0.175781
1 0.747070 0.575195 0.146484 0.189453
1 0.280273 0.754883 0.189453 0.259766
1 0.567383 0.803711 0.150391 0.158203
1 0.511719 0.256836 0.203125 0.166016
1 0.184570 0.161133 0.259766 0.197266