0 0.430859 0.677778 0.017969 0.036111
0 0.437500 0.343750 0.026562 0.031944
0 0.576172 0.295833 0.021094 0.030556
0 0.638672 0.138194 0.024219 0.040278
0 0.967187 0.713194 0.025000 0.045833
0 0.658594 0.501389 0.014063 0.033333
0 0.451953 0.456944 0.019531 0.041667
0 0.362109 0.187500 0.019531 0.033333
0 0.358984 0.510417 0.021094 0.026389
0 0.462109 0.407639 0.019531 0.026389
0 0.559375 0.428472 0.017188 0.048611
0 0.665625 0.161111 0.018750 0.036111
0 0.606250 0.571528 0.025000 0.029167
0 0.401562 0.606944 0.025000 0.038889
0 0.687109 0.345139 0.014844 0.031944
0 0.584766 0.875000 0.025781 0.033333
0 0.533203 0.939583 0.016406 0.043056
0 0.523438 0.268056 0.028125 0.050000
0 0.571875 0.348611 0.026562 0.047222
0 0.346875 0.464583 0.017188 0.043056
0 0.303125 0.167361 0.014063 0.037500
0 0.685547 0.843056 0.025781 0.027778
0 0.394531 0.069444 0.020313 0.025000
0 0.207813 0.097917 0.025000 0.034722
0 0.710156 0.250000 0.020313 0.030556
0 0.755859 0.087500 0.025781 0.025000
0 0.367578 0.545833 0.014844 0.033333
0 0.219141 0.950694 0.021094 0.037500
0 0.892969 0.480556 0.017188 0.030556
0 0.513672 0.881944 0.016406 0.036111
0 0.416797 0.813889 0.025781 0.025000
0 0.891797 0.881944 0.022656 0.050000
0 0.181250 0.208333 0.020313 0.030556
0 0.508984 0.400000 0.022656 0.025000
0 0.446875 0.306944 0.025000 0.027778
0 0.749219 0.161111 0.020313 0.038889
0 0.261719 0.955556 0.026562 0.041667
0 0.610547 0.288889 0.021094 0.025000
0 0.792578 0.051389 0.024219 0.030556
0 0.637109 0.665278 0.014844 0.047222
0 0.337891 0.071528 0.025781 0.031944
0 0.250000 0.179167 0.014063 0.050000
0 0.366406 0.345139 0.015625 0.048611
0 0.459766 0.155556 0.021094 0.030556
0 0.457031 0.274306 0.018750 0.026389
0 0.830469 0.577778 0.025000 0.038889
0 0.557031 0.257639 0.017188 0.031944
0 0.447656 0.227778 0.014063 0.038889
0 0.969531 0.115278 0.018750 0.047222
0 0.963672 0.526389 0.025781 0.041667
0 0.206250 0.161111 0.018750 0.025000
0 0.972656 0.337500 0.021875 0.033333
0 0.730469 0.034722 0.025000 0.027778
0 0.866406 0.954861 0.018750 0.043056
0 0.358594 0.403472 0.028125 0.037500
0 0.683594 0.537500 0.021875 0.025000
0 0.680078 0.591667 0.021094 0.041667
0 0.487109 0.938194 0.014844 0.048611
0 0.823047 0.507639 0.014844 0.034722
0 0.649609 0.593056 0.017969 0.030556
0 0.129297 0.588889 0.021094 0.041667
0 0.450000 0.050000 0.020313 0.047222
0 0.892969 0.820833 0.020313 0.033333
0 0.975000 0.900000 0.017188 0.041667
0 0.226172 0.653472 0.019531 0.031944
0 0.610938 0.709722 0.017188 0.025000
0 0.664062 0.229861 0.023438 0.031944
0 0.629687 0.063889 0.023438 0.041667
0 0.684375 0.060417 0.018750 0.026389
0 0.347266 0.140972 0.017969 0.026389
0 0.957812 0.421528 0.021875 0.031944
0 0.745313 0.254167 0.020313 0.038889
0 0.574609 0.965972 0.017969 0.029167
0 0.614844 0.802083 0.015625 0.037500
0 0.387109 0.202083 0.021094 0.026389
0 0.483984 0.477083 0.027344 0.031944
0 0.410156 0.478472 0.023438 0.029167
0 0.940234 0.462500 0.022656 0.033333
0 0.612109 0.363889 0.019531 0.033333
0 0.562109 0.479167 0.027344 0.027778
0 0.678906 0.445833 0.023438 0.044444
0 0.604297 0.959028 0.027344 0.031944
1 0.253516 0.469444 0.136719 0.288889
1 0.750781 0.578472 0.096875 0.168056
1 0.536328 0.134722 0.111719 0.175000
1 0.299609 0.806250 0.133594 0.234722
1 0.874219 0.166667 0.093750 0.186111
1 0.523438 0.690278 0.118750 0.305556
1 0.104297 0.788889 0.157031 0.300000
1 0.087109 0.443056 0.117969 0.208333
1 0.779297 0.821528 0.121094 0.256944
1 0.780078 0.378472 0.158594 0.181944