0 0.189453 0.198611 0.025781 0.038889
0 0.207422 0.931944 0.022656 0.036111
0 0.394141 0.922222 0.019531 0.033333
0 0.592578 0.185417 0.025781 0.048611
0 0.972266 0.650000 0.017969 0.033333
0 0.972656 0.945833 0.020313 0.033333
0 0.306250 0.952083 0.023438 0.031944
0 0.937109 0.054861 0.024219 0.029167
0 0.135937 0.318056 0.018750 0.025000
0 0.603516 0.610417 0.022656 0.048611
0 0.038672 0.477778 0.027344 0.050000
0 0.209766 0.152778 0.022656 0.038889
0 0.430859 0.068750 0.025781 0.045833
0 0.833594 0.529167 0.026562 0.033333
0 0.841797 0.044444 0.016406 0.033333
0 0.931250 0.437500 0.020313 0.030556
0 0.189062 0.854167 0.017188 0.041667
0 0.544922 0.169444 0.019531 0.050000
0 0.382422 0.055556 0.017969 0.030556
0 0.789062 0.068750 0.028125 0.037500
0 0.763281 0.952778 0.015625 0.038889
0 0.199219 0.784722 0.028125 0.041667
0 0.509766 0.195833 0.022656 0.027778
0 0.044922 0.198611 0.021094 0.030556
0 0.246875 0.829861 0.015625 0.043056
0 0.405078 0.451389 0.017969 0.033333
0 0.498047 0.630556 0.022656 0.027778
0 0.133203 0.190972 0.019531 0.034722
0 0.445703 0.356944 0.016406 0.030556
0 0.344141 0.068750 0.022656 0.037500
0 0.180078 0.259722 0.019531 0.041667
0 0.543750 0.309028 0.017188 0.026389
0 0.572656 0.295833 0.017188 0.038889
0 0.397656 0.813194 0.023438 0.037500
0 0.974609 0.787500 0.021094 0.033333
0 0.518359 0.890972 0.022656 0.029167
0 0.956250 0.259028 0.026562 0.029167
0 0.612109 0.331944 0.022656 0.047222
0 0.292578 0.915972 0.019531 0.029167
0 0.830078 0.353472 0.027344 0.034722
0 0.244141 0.284722 0.021094 0.025000
0 0.057422 0.375694 0.025781 0.026389
0 0.959375 0.371528 0.028125 0.029167
0 0.909375 0.578472 0.028125 0.040278
0 0.309375 0.864583 0.017188 0.026389
0 0.031250 0.387500 0.018750 0.047222
0 0.236719 0.165278 0.025000 0.047222
0 0.136328 0.068750 0.016406 0.029167
0 0.478516 0.167361 0.027344 0.034722
0 0.878906 0.280556 0.028125 0.025000
0 0.445703 0.617361 0.021094 0.045833
0 0.862500 0.909722 0.021875 0.030556
0 0.502344 0.238194 0.018750 0.026389
0 0.816016 0.275000 0.014844 0.036111
0 0.241016 0.943750 0.025781 0.048611
0 0.937891 0.551389 0.019531 0.025000
0 0.900391 0.050694 0.024219 0.040278
0 0.079687 0.259722 0.028125 0.025000
0 0.058203 0.074306 0.022656 0.043056
0 0.778516 0.395139 0.014844 0.045833
0 0.466016 0.245833 0.014844 0.047222
0 0.820703 0.171528 0.025781 0.048611
0 0.447266 0.519444 0.022656 0.036111
0 0.924609 0.143056 0.017969 0.033333
0 0.439844 0.189583 0.017188 0.026389
0 0.310547 0.815972 0.022656 0.045833
0 0.915234 0.102778 0.024219 0.025000
0 0.482031 0.922917 0.026562 0.043056
0 0.929297 0.765972 0.024219 0.026389
0 0.098047 0.176389 0.025781 0.030556
0 0.526172 0.600694 0.019531 0.026389
0 0.935547 0.508333 0.022656 0.050000
0 0.973437 0.481944 0.023438 0.033333
0 0.480859 0.515972 0.027344 0.034722
0 0.590625 0.243056 0.023438 0.050000
0 0.087500 0.078472 0.018750 0.034722
0 0.377734 0.867361 0.024219 0.026389
0 0.934766 0.839583 0.025781 0.040278
0 0.223828 0.340972 0.021094 0.029167
0 0.564063 0.120139 0.021875 0.029167
0 0.912109 0.326389 0.017969 0.027778
0 0.483594 0.471528 0.018750 0.026389
0 0.107813 0.356250 0.015625 0.043056
0 0.169141 0.342361 0.025781 0.029167
1 0.345703 0.245139 0.150781 0.265278
1 0.511328 0.770833 0.163281 0.194444
1 0.548438 0.440972 0.095312 0.201389
1 0.682422 0.468750 0.130469 0.193056
1 0.335547 0.610417 0.153906 0.223611
1 0.155859 0.504861 0.160156 0.237500
1 0.691797 0.190278 0.152344 0.186111
1 0.821484 0.763889 0.121094 0.233333
1 0.672656 0.804861 0.129688 0.301389
1 0.095703 0.784028 0.116406 0.270833