0 0.719727 0.614258 0.037109 0.056641
0 0.164062 0.292969 0.042969 0.054688
0 0.404297 0.647461 0.035156 0.056641
0 0.458008 0.941406 0.033203 0.035156
0 0.884766 0.065430 0.042969 0.052734
0 0.328125 0.526367 0.039062 0.037109
0 0.057617 0.645508 0.041016 0.041016
0 0.723633 0.679688 0.044922 0.050781
0 0.756836 0.124023 0.037109 0.056641
0 0.083984 0.337891 0.046875 0.035156
0 0.342773 0.216797 0.044922 0.035156
0 0.666992 0.310547 0.052734 0.054688
0 0.261719 0.326172 0.042969 0.058594
0 0.495117 0.140625 0.041016 0.035156
0 0.727539 0.896484 0.041016 0.039062
0 0.078125 0.530273 0.050781 0.041016
0 0.202148 0.725586 0.037109 0.052734
0 0.202148 0.941406 0.056641 0.035156
0 0.688477 0.135742 0.033203 0.037109
0 0.064453 0.098633 0.039062 0.041016
0 0.259766 0.534180 0.054688 0.056641
0 0.166016 0.379883 0.054688 0.033203
0 0.919922 0.340820 0.035156 0.033203
0 0.564453 0.199219 0.046875 0.042969
0 0.827148 0.499023 0.041016 0.037109
0 0.667969 0.231445 0.058594 0.052734
0 0.149414 0.753906 0.037109 0.058594
0 0.812500 0.354492 0.054688 0.056641
0 0.666992 0.631836 0.048828 0.041016
0 0.906250 0.810547 0.035156 0.039062
0 0.077148 0.765625 0.033203 0.042969
0 0.218750 0.636719 0.031250 0.039062
0 0.344727 0.433594 0.037109 0.058594
0 0.864258 0.905273 0.044922 0.037109
0 0.155273 0.524414 0.048828 0.056641
0 0.948242 0.395508 0.044922 0.037109
0 0.254883 0.751953 0.052734 0.054688
0 0.624023 0.114258 0.033203 0.041016
0 0.939453 0.660156 0.039062 0.050781
0 0.197266 0.818359 0.054688 0.042969
0 0.905273 0.603516 0.048828 0.035156
1 0.458984 0.348633 0.148438 0.255859
1 0.426758 0.790039 0.236328 0.205078
1 0.202148 0.141602 0.205078 0.193359
1 0.822266 0.242188 0.195312 0.144531
1 0.673828 0.791016 0.167969 0.136719
1 0.676758 0.461914 0.197266 0.154297