0 0.800781 0.875000 0.031250 0.050781
0 0.514648 0.725586 0.052734 0.048828
0 0.850586 0.372070 0.048828 0.048828
0 0.603516 0.109375 0.042969 0.046875
0 0.446289 0.038086 0.048828 0.044922
0 0.471680 0.120117 0.052734 0.037109
0 0.067383 0.869141 0.037109 0.031250
0 0.905273 0.129883 0.056641 0.048828
0 0.677734 0.319336 0.031250 0.033203
0 0.886719 0.181641 0.035156 0.039062
0 0.279297 0.843750 0.039062 0.042969
0 0.618164 0.222656 0.037109 0.039062
0 0.837891 0.133789 0.042969 0.044922
0 0.533203 0.511719 0.042969 0.031250
0 0.350586 0.266602 0.048828 0.033203
0 0.857422 0.458008 0.042969 0.056641
0 0.960938 0.788086 0.031250 0.037109
0 0.070312 0.172852 0.054688 0.033203
0 0.471680 0.792969 0.044922 0.058594
0 0.371094 0.846680 0.050781 0.044922
0 0.616211 0.053711 0.041016 0.044922
0 0.074219 0.055664 0.050781 0.048828
0 0.153320 0.071289 0.044922 0.052734
0 0.363281 0.466797 0.058594 0.046875
0 0.952148 0.243164 0.033203 0.033203
0 0.935547 0.910156 0.050781 0.050781
0 0.046875 0.942383 0.042969 0.033203
0 0.409180 0.911133 0.048828 0.037109
0 0.871094 0.302734 0.042969 0.042969
0 0.227539 0.058594 0.052734 0.058594
0 0.665039 0.458008 0.048828 0.041016
0 0.741211 0.746094 0.037109 0.039062
0 0.742188 0.091797 0.039062 0.042969
0 0.345703 0.963867 0.058594 0.037109
0 0.575195 0.604492 0.041016 0.056641
0 0.504883 0.605469 0.033203 0.050781
0 0.105469 0.264648 0.046875 0.044922
0 0.881836 0.242188 0.052734 0.035156
0 0.757812 0.425781 0.058594 0.042969
0 0.224609 0.812500 0.039062 0.058594
0 0.188477 0.947266 0.044922 0.039062
0 0.479492 0.873047 0.033203 0.050781
0 0.356445 0.208008 0.041016 0.044922
0 0.334961 0.902344 0.044922 0.039062
1 0.232422 0.182617 0.171875 0.154297
1 0.689453 0.617188 0.171875 0.191406
1 0.291016 0.643555 0.183594 0.251953
1 0.735352 0.205078 0.146484 0.144531
1 0.502930 0.366211 0.193359 0.228516
1 0.912109 0.645508 0.140625 0.177734
1 0.198242 0.375000 0.236328 0.156250
1 0.615234 0.879883 0.195312 0.208984
1 0.092773 0.653320 0.150391 0.267578