0 0.913086 0.474609 0.044922 0.039062
0 0.066406 0.593750 0.054688 0.046875
0 0.342773 0.088867 0.056641 0.041016
0 0.517578 0.615234 0.031250 0.031250
0 0.898438 0.548828 0.031250 0.035156
0 0.410156 0.475586 0.035156 0.048828
0 0.385742 0.416992 0.048828 0.041016
0 0.604492 0.152344 0.044922 0.046875
0 0.485352 0.449219 0.041016 0.039062
0 0.310547 0.155273 0.039062 0.052734
0 0.376953 0.886719 0.039062 0.054688
0 0.960938 0.285156 0.031250 0.039062
0 0.045898 0.291992 0.056641 0.052734
0 0.594727 0.081055 0.052734 0.037109
0 0.246094 0.885742 0.046875 0.044922
0 0.425781 0.081055 0.031250 0.037109
0 0.294922 0.314453 0.039062 0.042969
0 0.151367 0.315430 0.041016 0.048828
0 0.388672 0.185547 0.058594 0.039062
0 0.458984 0.165039 0.058594 0.033203
0 0.117188 0.168945 0.042969 0.052734
0 0.699219 0.047852 0.031250 0.056641
0 0.941406 0.713867 0.035156 0.037109
0 0.568359 0.530273 0.054688 0.048828
0 0.952148 0.043945 0.041016 0.033203
0 0.478516 0.821289 0.031250 0.052734
0 0.466797 0.558594 0.058594 0.046875
0 0.944336 0.914062 0.037109 0.039062
0 0.148438 0.061523 0.054688 0.041016
0 0.755859 0.922852 0.050781 0.041016
0 0.584961 0.610352 0.048828 0.044922
0 0.121094 0.651367 0.031250 0.052734
0 0.483398 0.759766 0.044922 0.054688
0 0.618164 0.923828 0.052734 0.054688
0 0.523438 0.195312 0.042969 0.050781
0 0.204102 0.161133 0.037109 0.041016
0 0.922852 0.375000 0.048828 0.031250
0 0.661133 0.507812 0.033203 0.035156
0 0.114258 0.368164 0.052734 0.037109
0 0.043945 0.428711 0.044922 0.048828
0 0.390625 0.573242 0.035156 0.056641
0 0.684570 0.199219 0.041016 0.054688
0 0.187500 0.574219 0.042969 0.050781
0 0.885742 0.687500 0.033203 0.050781
0 0.949219 0.607422 0.035156 0.046875
0 0.536133 0.067383 0.044922 0.052734
1 0.344727 0.721680 0.205078 0.181641
1 0.249023 0.435547 0.193359 0.167969
1 0.519531 0.309570 0.269531 0.150391
1 0.754883 0.778320 0.142578 0.228516
1 0.777344 0.453125 0.144531 0.230469
1 0.826172 0.144531 0.195312 0.238281
1 0.142578 0.816406 0.144531 0.187500