0 0.942383 0.348633 0.044922 0.033203
0 0.242188 0.310547 0.050781 0.054688
0 0.069336 0.165039 0.056641 0.033203
0 0.558594 0.403320 0.039062 0.037109
0 0.091797 0.567383 0.054688 0.048828
0 0.555664 0.050781 0.033203 0.039062
0 0.373047 0.953125 0.058594 0.058594
0 0.691406 0.759766 0.039062 0.035156
0 0.848633 0.932617 0.052734 0.041016
0 0.352539 0.375000 0.056641 0.054688
0 0.660156 0.337891 0.054688 0.042969
0 0.250977 0.247070 0.044922 0.044922
0 0.057617 0.115234 0.052734 0.031250
0 0.408203 0.410156 0.039062 0.042969
0 0.231445 0.041992 0.044922 0.048828
0 0.952148 0.695312 0.033203 0.058594
0 0.870117 0.861328 0.052734 0.035156
0 0.285156 0.916016 0.046875 0.035156
0 0.349609 0.505859 0.031250 0.039062
0 0.947266 0.253906 0.054688 0.050781
0 0.270508 0.556641 0.037109 0.046875
0 0.185547 0.256836 0.031250 0.041016
0 0.638672 0.731445 0.050781 0.033203
0 0.073242 0.875000 0.044922 0.050781
0 0.891602 0.416016 0.044922 0.039062
0 0.937500 0.135742 0.058594 0.048828
0 0.130859 0.104492 0.058594 0.056641
0 0.877930 0.611328 0.056641 0.039062
0 0.561523 0.821289 0.048828 0.048828
0 0.657227 0.823242 0.037109 0.056641
0 0.796875 0.598633 0.031250 0.048828
0 0.708984 0.588867 0.054688 0.037109
0 0.948242 0.883789 0.037109 0.041016
0 0.784180 0.872070 0.041016 0.048828
0 0.591797 0.208008 0.031250 0.056641
0 0.881836 0.138672 0.033203 0.031250
0 0.879883 0.261719 0.052734 0.042969
1 0.448242 0.203125 0.216797 0.203125
1 0.496094 0.680664 0.207031 0.169922
1 0.236328 0.742188 0.250000 0.261719
1 0.121094 0.412109 0.160156 0.246094
1 0.700195 0.467773 0.220703 0.173828
1 0.731445 0.189453 0.185547 0.199219