0 0.110937 0.887500 0.026562 0.030556
0 0.976953 0.143056 0.021094 0.036111
0 0.935547 0.715972 0.017969 0.029167
0 0.192969 0.875694 0.020313 0.040278
0 0.075391 0.458333 0.027344 0.036111
0 0.080078 0.859722 0.025781 0.030556
0 0.670703 0.189583 0.027344 0.026389
0 0.156641 0.093056 0.025781 0.038889
0 0.586328 0.362500 0.017969 0.027778
0 0.320703 0.352778 0.024219 0.038889
0 0.533984 0.323611 0.016406 0.030556
0 0.269922 0.559028 0.021094 0.031944
0 0.933203 0.183333 0.019531 0.025000
0 0.366016 0.517361 0.019531 0.048611
0 0.030078 0.552083 0.025781 0.037500
0 0.669531 0.243750 0.026562 0.034722
0 0.402734 0.670139 0.022656 0.031944
0 0.695312 0.119444 0.018750 0.033333
0 0.918359 0.945833 0.021094 0.025000
0 0.971875 0.211111 0.025000 0.030556
0 0.563281 0.825694 0.020313 0.048611
0 0.432031 0.395139 0.028125 0.045833
0 0.676562 0.921528 0.020313 0.037500
0 0.429297 0.456944 0.025781 0.044444
0 0.621484 0.530556 0.027344 0.030556
0 0.937891 0.661111 0.025781 0.036111
0 0.222266 0.925694 0.014844 0.037500
0 0.950781 0.052778 0.020313 0.038889
0 0.723437 0.063194 0.017188 0.029167
0 0.729688 0.907639 0.015625 0.034722
0 0.154688 0.538889 0.028125 0.025000
0 0.048828 0.102083 0.021094 0.034722
0 0.756250 0.953472 0.026562 0.034722
0 0.956641 0.940972 0.025781 0.037500
0 0.119141 0.165972 0.022656 0.037500
0 0.382031 0.462500 0.014063 0.036111
0 0.955859 0.515278 0.017969 0.038889
0 0.733984 0.730556 0.016406 0.036111
0 0.608594 0.049306 0.017188 0.031944
0 0.494531 0.561111 0.018750 0.050000
0 0.502734 0.650000 0.017969 0.036111
0 0.271094 0.929861 0.020313 0.040278
0 0.838672 0.956250 0.027344 0.029167
0 0.082422 0.516667 0.019531 0.030556
0 0.541797 0.936111 0.027344 0.038889
0 0.646484 0.044444 0.021094 0.033333
0 0.199219 0.052083 0.025000 0.048611
0 0.474609 0.337500 0.014844 0.044444
0 0.156250 0.954167 0.026562 0.030556
0 0.231250 0.968750 0.023438 0.026389
0 0.721094 0.246528 0.026562 0.031944
0 0.935547 0.814583 0.027344 0.034722
0 0.546094 0.406944 0.018750 0.025000
0 0.145313 0.840972 0.014063 0.031944
0 0.180859 0.581250 0.014844 0.048611
0 0.281250 0.866667 0.021875 0.036111
0 0.087891 0.206944 0.027344 0.030556
0 0.032031 0.499306 0.028125 0.037500
0 0.908203 0.503472 0.016406 0.034722
0 0.164062 0.255556 0.020313 0.033333
0 0.591797 0.467361 0.014844 0.045833
0 0.044141 0.916667 0.025781 0.030556
0 0.430469 0.672917 0.015625 0.031944
0 0.069922 0.372917 0.027344 0.045833
0 0.120703 0.088889 0.016406 0.025000
0 0.701953 0.693750 0.027344 0.037500
0 0.631641 0.837500 0.014844 0.050000
0 0.310156 0.897917 0.025000 0.026389
0 0.503906 0.422222 0.014063 0.036111
0 0.742188 0.100694 0.018750 0.029167
0 0.243750 0.562500 0.020313 0.044444
0 0.444922 0.579861 0.014844 0.043056
0 0.093359 0.955556 0.024219 0.027778
0 0.317188 0.501389 0.023438 0.044444
0 0.545312 0.515278 0.017188 0.044444
0 0.548828 0.031944 0.014844 0.027778
0 0.039062 0.140972 0.026562 0.029167
0 0.519531 0.559722 0.020313 0.050000
0 0.900391 0.174306 0.021094 0.026389
0 0.477734 0.427778 0.019531 0.044444
0 0.649219 0.927778 0.021875 0.036111
1 0.251953 0.734722 0.153906 0.191667
1 0.200781 0.388889 0.162500 0.172222
1 0.553516 0.188194 0.141406 0.215278
1 0.829297 0.727778 0.138281 0.197222
1 0.760547 0.430556 0.160156 0.291667
1 0.592578 0.686111 0.142969 0.166667
1 0.391016 0.186111 0.094531 0.272222
1 0.419922 0.820139 0.097656 0.237500
1 0.924219 0.365278 0.100000 0.197222
1 0.091797 0.675694 0.130469 0.193056