0 0.910547 0.103472 0.021094 0.040278
0 0.801562 0.673611 0.014063 0.025000
0 0.768750 0.774306 0.015625 0.034722
0 0.243359 0.295139 0.022656 0.048611
0 0.341016 0.266667 0.014844 0.047222
0 0.589063 0.228472 0.017188 0.043056
0 0.262891 0.079167 0.024219 0.038889
0 0.308594 0.712500 0.023438 0.036111
0 0.859375 0.746528 0.026562 0.031944
0 0.526563 0.415278 0.014063 0.030556
0 0.267578 0.206944 0.017969 0.033333
0 0.271484 0.290972 0.024219 0.029167
0 0.530078 0.625694 0.017969 0.029167
0 0.235547 0.679861 0.024219 0.029167
0 0.981641 0.943750 0.014844 0.048611
0 0.165234 0.410417 0.019531 0.029167
0 0.630859 0.165278 0.024219 0.044444
0 0.651563 0.445139 0.015625 0.048611
0 0.731250 0.805556 0.021875 0.025000
0 0.455078 0.694444 0.019531 0.041667
0 0.400391 0.408333 0.014844 0.030556
0 0.021094 0.801389 0.017188 0.047222
0 0.055859 0.377083 0.017969 0.034722
0 0.497656 0.875694 0.023438 0.040278
0 0.085938 0.419444 0.015625 0.036111
0 0.022656 0.250000 0.017188 0.050000
0 0.296094 0.070139 0.020313 0.048611
0 0.941406 0.547917 0.028125 0.034722
0 0.843359 0.687500 0.019531 0.044444
0 0.503516 0.386111 0.019531 0.025000
0 0.848828 0.889583 0.019531 0.037500
0 0.335156 0.428472 0.014063 0.040278
0 0.808984 0.205556 0.016406 0.027778
0 0.341016 0.047222 0.025781 0.027778
0 0.892578 0.677083 0.016406 0.031944
0 0.303906 0.140278 0.020313 0.027778
0 0.491797 0.613889 0.017969 0.050000
0 0.315234 0.195833 0.024219 0.027778
0 0.814453 0.813889 0.022656 0.030556
0 0.202734 0.363194 0.027344 0.048611
0 0.803906 0.936806 0.018750 0.031944
0 0.236328 0.062500 0.019531 0.041667
0 0.591797 0.482639 0.021094 0.037500
0 0.970313 0.765972 0.017188 0.048611
0 0.051172 0.427083 0.021094 0.048611
0 0.387500 0.714583 0.026562 0.031944
0 0.539844 0.328472 0.015625 0.029167
0 0.505859 0.947222 0.027344 0.047222
0 0.820312 0.156944 0.021875 0.036111
0 0.977734 0.145139 0.017969 0.048611
0 0.736719 0.713889 0.014063 0.044444
0 0.187500 0.288194 0.015625 0.031944
0 0.905859 0.950000 0.022656 0.025000
0 0.975391 0.234722 0.014844 0.033333
0 0.221875 0.138194 0.014063 0.031944
0 0.540234 0.667361 0.016406 0.026389
0 0.082812 0.298611 0.014063 0.038889
0 0.311328 0.419444 0.019531 0.041667
0 0.931250 0.743056 0.015625 0.044444
0 0.961719 0.313194 0.014063 0.034722
0 0.335547 0.106250 0.027344 0.040278
0 0.021484 0.418750 0.022656 0.045833
0 0.843750 0.053472 0.014063 0.045833
0 0.151953 0.452778 0.014844 0.033333
0 0.500781 0.722222 0.025000 0.025000
0 0.966016 0.699306 0.019531 0.029167
0 0.204297 0.411806 0.025781 0.031944
0 0.851953 0.538194 0.022656 0.040278
0 0.929297 0.797917 0.017969 0.037500
0 0.267969 0.425694 0.017188 0.034722
0 0.861328 0.602778 0.022656 0.047222
0 0.913281 0.493750 0.028125 0.026389
0 0.025781 0.538889 0.014063 0.027778
0 0.435937 0.779861 0.018750 0.045833
0 0.582422 0.050000 0.027344 0.044444
0 0.629297 0.116667 0.025781 0.038889
0 0.888281 0.639583 0.015625 0.029167
0 0.852734 0.125000 0.019531 0.044444
0 0.572656 0.313889 0.025000 0.027778
0 0.477344 0.694444 0.014063 0.047222
0 0.591797 0.370833 0.016406 0.025000
0 0.788672 0.159722 0.014844 0.044444
0 0.889844 0.736111 0.021875 0.036111
0 0.123828 0.295139 0.016406 0.037500
0 0.779297 0.337500 0.027344 0.033333
0 0.461328 0.823611 0.016406 0.047222
0 0.023828 0.944444 0.021094 0.041667
0 0.750391 0.375694 0.021094 0.040278
0 0.049219 0.072917 0.020313 0.045833
0 0.691797 0.352778 0.021094 0.027778
0 0.150391 0.363194 0.019531 0.048611
0 0.745313 0.890972 0.015625 0.043056
0 0.611328 0.293056 0.016406 0.050000
0 0.581641 0.134722 0.024219 0.047222
1 0.748437 0.511111 0.157812 0.211111
1 0.400391 0.575000 0.122656 0.175000
1 0.729297 0.163889 0.094531 0.236111
1 0.242188 0.554167 0.115625 0.183333
1 0.437891 0.181944 0.144531 0.250000
1 0.132031 0.159722 0.109375 0.200000
1 0.357031 0.856944 0.098437 0.188889
1 0.637891 0.765278 0.107031 0.227778
1 0.885156 0.279167 0.106250 0.175000
1 0.207422 0.827083 0.128906 0.170833