0 0.460156 0.131944 0.017188 0.027778
0 0.066016 0.806944 0.014844 0.047222
0 0.254688 0.384028 0.028125 0.045833
0 0.207813 0.353472 0.028125 0.043056
0 0.798828 0.103472 0.014844 0.040278
0 0.266016 0.052778 0.014844 0.041667
0 0.298438 0.425000 0.028125 0.044444
0 0.385547 0.177083 0.022656 0.031944
0 0.908203 0.495139 0.021094 0.048611
0 0.898438 0.798611 0.023438 0.050000
0 0.642969 0.107639 0.023438 0.045833
0 0.565625 0.927083 0.018750 0.037500
0 0.205859 0.488889 0.017969 0.044444
0 0.601562 0.044444 0.028125 0.050000
0 0.625781 0.693056 0.026562 0.041667
0 0.027344 0.480556 0.028125 0.036111
0 0.663281 0.677083 0.023438 0.037500
0 0.512109 0.107639 0.017969 0.048611
0 0.559375 0.126389 0.023438 0.041667
0 0.167187 0.098611 0.023438 0.036111
0 0.402344 0.245139 0.025000 0.034722
0 0.228906 0.153472 0.021875 0.034722
0 0.425391 0.729167 0.022656 0.036111
0 0.114453 0.459028 0.024219 0.029167
0 0.333594 0.162500 0.023438 0.033333
0 0.280469 0.114583 0.017188 0.045833
0 0.158984 0.150000 0.016406 0.044444
0 0.337109 0.706944 0.021094 0.041667
0 0.841406 0.061111 0.015625 0.047222
0 0.905859 0.570139 0.019531 0.045833
0 0.223438 0.561806 0.018750 0.037500
0 0.735156 0.647222 0.025000 0.050000
0 0.878125 0.068750 0.023438 0.043056
0 0.898828 0.950694 0.024219 0.029167
0 0.972266 0.486806 0.021094 0.029167
0 0.439844 0.925694 0.023438 0.037500
0 0.030078 0.657639 0.024219 0.040278
0 0.721875 0.075000 0.028125 0.041667
0 0.033984 0.434028 0.016406 0.043056
0 0.214844 0.239583 0.023438 0.029167
0 0.933203 0.593750 0.019531 0.040278
0 0.522656 0.621528 0.020313 0.045833
0 0.587109 0.686111 0.019531 0.025000
0 0.824609 0.894444 0.022656 0.030556
0 0.329688 0.650694 0.020313 0.037500
0 0.785937 0.761111 0.017188 0.036111
0 0.692969 0.698611 0.028125 0.038889
0 0.212109 0.606250 0.024219 0.026389
0 0.355078 0.047222 0.025781 0.041667
0 0.424609 0.034028 0.016406 0.034722
0 0.110937 0.773611 0.015625 0.033333
0 0.027344 0.529861 0.014063 0.034722
0 0.181250 0.561111 0.028125 0.044444
0 0.934375 0.741667 0.020313 0.025000
0 0.665234 0.899306 0.014844 0.031944
0 0.610156 0.890972 0.018750 0.040278
0 0.164062 0.260417 0.020313 0.043056
0 0.243750 0.452083 0.015625 0.037500
0 0.264453 0.629167 0.014844 0.033333
0 0.279297 0.722917 0.014844 0.031944
0 0.710156 0.893056 0.017188 0.041667
0 0.048047 0.095139 0.016406 0.034722
0 0.607422 0.808333 0.024219 0.047222
0 0.934766 0.868750 0.024219 0.037500
0 0.441406 0.815972 0.021875 0.045833
0 0.948438 0.543750 0.023438 0.037500
0 0.672656 0.963194 0.028125 0.031944
0 0.956250 0.072222 0.020313 0.025000
0 0.070312 0.725694 0.017188 0.029167
0 0.383203 0.681250 0.019531 0.029167
0 0.866797 0.776389 0.016406 0.025000
0 0.857031 0.834028 0.021875 0.043056
0 0.785547 0.915278 0.024219 0.044444
0 0.305078 0.618750 0.021094 0.034722
0 0.047656 0.911806 0.023438 0.037500
0 0.578516 0.754861 0.027344 0.031944
0 0.455469 0.227778 0.014063 0.041667
0 0.837891 0.748611 0.017969 0.044444
0 0.901953 0.084028 0.017969 0.026389
0 0.371484 0.252083 0.019531 0.045833
0 0.270313 0.252778 0.028125 0.038889
0 0.967187 0.744444 0.026562 0.050000
0 0.623047 0.941667 0.022656 0.025000
0 0.536328 0.734722 0.024219 0.030556
0 0.416406 0.873611 0.023438 0.025000
0 0.675000 0.640278 0.020313 0.025000
0 0.475391 0.834028 0.021094 0.043056
0 0.085938 0.907639 0.015625 0.037500
0 0.948047 0.680556 0.019531 0.044444
0 0.694922 0.797222 0.017969 0.050000
1 0.412500 0.450694 0.153125 0.279167
1 0.205469 0.813194 0.096875 0.281944
1 0.583203 0.453472 0.152344 0.170833
1 0.096875 0.279167 0.095312 0.288889
1 0.796094 0.518056 0.165625 0.169444
1 0.690234 0.234028 0.150781 0.184722
1 0.334766 0.859722 0.111719 0.177778