0 0.903320 0.146484 0.044922 0.054688
0 0.674805 0.695312 0.052734 0.039062
0 0.399414 0.773438 0.056641 0.042969
0 0.418945 0.329102 0.033203 0.044922
0 0.949219 0.309570 0.058594 0.044922
0 0.874023 0.749023 0.056641 0.037109
0 0.936523 0.235352 0.044922 0.044922
0 0.299805 0.865234 0.048828 0.054688
0 0.193359 0.604492 0.035156 0.033203
0 0.099609 0.596680 0.046875 0.056641
0 0.544922 0.584961 0.050781 0.052734
0 0.334961 0.673828 0.037109 0.035156
0 0.081055 0.375977 0.033203 0.044922
0 0.578125 0.350586 0.035156 0.048828
0 0.656250 0.787109 0.031250 0.058594
0 0.575195 0.478516 0.033203 0.058594
0 0.329102 0.921875 0.048828 0.035156
0 0.274414 0.225586 0.033203 0.048828
0 0.945312 0.057617 0.046875 0.056641
0 0.465820 0.290039 0.037109 0.037109
0 0.059570 0.897461 0.041016 0.033203
0 0.652344 0.954102 0.035156 0.056641
0 0.159180 0.649414 0.048828 0.041016
0 0.666016 0.447266 0.058594 0.042969
0 0.692383 0.389648 0.048828 0.044922
0 0.908203 0.602539 0.046875 0.052734
0 0.804688 0.375977 0.046875 0.041016
0 0.363281 0.835938 0.054688 0.046875
0 0.261719 0.623047 0.054688 0.054688
0 0.854492 0.083008 0.037109 0.044922
0 0.444336 0.621094 0.033203 0.035156
0 0.042969 0.563477 0.039062 0.033203
0 0.351562 0.614258 0.035156 0.041016
0 0.053711 0.664062 0.048828 0.031250
0 0.965820 0.707031 0.033203 0.050781
0 0.532227 0.282227 0.048828 0.037109
0 0.421875 0.562500 0.054688 0.031250
0 0.749023 0.714844 0.048828 0.050781
0 0.301758 0.799805 0.041016 0.041016
1 0.737305 0.564453 0.259766 0.167969
1 0.538086 0.813477 0.150391 0.189453
1 0.424805 0.438477 0.162109 0.158203
1 0.429688 0.138672 0.207031 0.234375
1 0.133789 0.160156 0.181641 0.226562
1 0.204102 0.428711 0.158203 0.255859
1 0.726562 0.212891 0.203125 0.261719
1 0.175781 0.842773 0.156250 0.263672
1 0.826172 0.875000 0.265625 0.171875