0 0.253516 0.059722 0.016406 0.050000
0 0.732031 0.918056 0.025000 0.025000
0 0.918359 0.359028 0.019531 0.031944
0 0.867969 0.056250 0.015625 0.037500
0 0.719141 0.115278 0.021094 0.050000
0 0.676953 0.287500 0.024219 0.030556
0 0.656641 0.222917 0.016406 0.037500
0 0.665234 0.365972 0.016406 0.034722
0 0.122656 0.195833 0.023438 0.044444
0 0.786328 0.870833 0.019531 0.044444
0 0.310156 0.946528 0.018750 0.034722
0 0.755469 0.564583 0.021875 0.029167
0 0.885547 0.540972 0.021094 0.031944
0 0.071094 0.156944 0.025000 0.027778
0 0.673828 0.047222 0.025781 0.025000
0 0.028516 0.318750 0.027344 0.040278
0 0.331641 0.700694 0.019531 0.026389
0 0.935937 0.302083 0.014063 0.034722
0 0.446094 0.605556 0.014063 0.036111
0 0.844141 0.057639 0.014844 0.040278
0 0.076172 0.077083 0.027344 0.034722
0 0.603125 0.583333 0.026562 0.044444
0 0.050391 0.511806 0.022656 0.045833
0 0.854297 0.546528 0.022656 0.026389
0 0.328516 0.052778 0.025781 0.025000
0 0.347266 0.956944 0.021094 0.033333
0 0.684375 0.229861 0.028125 0.037500
0 0.967187 0.444444 0.015625 0.025000
0 0.218750 0.043750 0.023438 0.045833
0 0.958203 0.611806 0.022656 0.043056
0 0.084375 0.464583 0.015625 0.043056
0 0.131641 0.290278 0.024219 0.033333
0 0.501172 0.951389 0.022656 0.027778
0 0.544531 0.600694 0.017188 0.026389
0 0.623828 0.102778 0.017969 0.025000
0 0.260156 0.147222 0.017188 0.038889
0 0.208984 0.296528 0.016406 0.043056
0 0.906641 0.049306 0.016406 0.031944
0 0.355078 0.570833 0.021094 0.027778
0 0.430859 0.936111 0.016406 0.036111
0 0.725781 0.339583 0.023438 0.040278
0 0.088672 0.343750 0.022656 0.037500
0 0.042969 0.088889 0.014063 0.025000
0 0.186719 0.171528 0.021875 0.048611
0 0.421875 0.037500 0.017188 0.030556
0 0.921484 0.202083 0.022656 0.043056
0 0.907422 0.495139 0.014844 0.037500
0 0.108984 0.941667 0.024219 0.044444
0 0.633594 0.730556 0.015625 0.038889
0 0.295312 0.908333 0.026562 0.030556
0 0.781641 0.144444 0.021094 0.041667
0 0.714844 0.588889 0.018750 0.027778
0 0.287109 0.071528 0.021094 0.026389
0 0.814453 0.529167 0.019531 0.030556
0 0.647266 0.150000 0.024219 0.030556
0 0.274219 0.331250 0.023438 0.026389
0 0.335938 0.447917 0.020313 0.034722
0 0.453906 0.928472 0.018750 0.040278
0 0.687500 0.439583 0.020313 0.026389
0 0.910937 0.420833 0.028125 0.047222
0 0.071484 0.870833 0.025781 0.036111
0 0.746875 0.611806 0.015625 0.045833
0 0.051562 0.438194 0.026562 0.043056
0 0.092578 0.389583 0.027344 0.031944
0 0.973437 0.556944 0.018750 0.033333
0 0.804297 0.098611 0.017969 0.038889
0 0.073828 0.275694 0.024219 0.031944
0 0.398438 0.954861 0.025000 0.043056
0 0.510156 0.075694 0.018750 0.043056
0 0.673047 0.673611 0.024219 0.030556
0 0.123438 0.520139 0.028125 0.045833
0 0.960156 0.382639 0.014063 0.037500
0 0.071484 0.234722 0.021094 0.036111
0 0.650781 0.274306 0.020313 0.043056
0 0.792578 0.750694 0.025781 0.040278
0 0.210156 0.390278 0.015625 0.033333
0 0.959766 0.962500 0.017969 0.025000
0 0.795312 0.697222 0.017188 0.038889
0 0.384766 0.631944 0.021094 0.027778
0 0.660156 0.596528 0.014063 0.031944
0 0.887109 0.608333 0.022656 0.033333
0 0.471094 0.544444 0.026562 0.038889
0 0.843750 0.452778 0.025000 0.036111
0 0.193359 0.231944 0.016406 0.027778
0 0.458203 0.061111 0.019531 0.027778
0 0.367188 0.909028 0.020313 0.031944
0 0.897266 0.121528 0.014844 0.034722
0 0.548828 0.554861 0.014844 0.037500
0 0.766797 0.798611 0.022656 0.033333
0 0.542578 0.135417 0.014844 0.045833
0 0.288672 0.475694 0.022656 0.029167
1 0.658594 0.863194 0.098437 0.187500
1 0.226172 0.652778 0.141406 0.277778
1 0.921094 0.759028 0.109375 0.206944
1 0.081641 0.705556 0.100781 0.244444
1 0.806250 0.288194 0.123438 0.170833
1 0.362500 0.245139 0.132812 0.262500
1 0.469531 0.776389 0.162500 0.186111