0 0.077148 0.448242 0.037109 0.052734
0 0.663086 0.406250 0.037109 0.054688
0 0.050781 0.128906 0.042969 0.042969
0 0.541016 0.445312 0.050781 0.058594
0 0.074219 0.864258 0.039062 0.052734
0 0.693359 0.678711 0.035156 0.037109
0 0.851562 0.845703 0.050781 0.035156
0 0.771484 0.106445 0.046875 0.056641
0 0.048828 0.771484 0.058594 0.042969
0 0.134766 0.701172 0.046875 0.046875
0 0.643555 0.671875 0.037109 0.042969
0 0.811523 0.958008 0.033203 0.044922
0 0.892578 0.420898 0.046875 0.037109
0 0.450195 0.447266 0.048828 0.054688
0 0.954102 0.893555 0.033203 0.033203
0 0.152344 0.242188 0.054688 0.054688
0 0.790039 0.901367 0.044922 0.044922
0 0.052734 0.200195 0.042969 0.044922
0 0.250977 0.052734 0.044922 0.031250
0 0.174805 0.113281 0.033203 0.031250
0 0.333984 0.057617 0.042969 0.044922
0 0.071289 0.508789 0.037109 0.041016
0 0.759766 0.500000 0.031250 0.039062
0 0.072266 0.929688 0.042969 0.042969
0 0.710938 0.947266 0.042969 0.046875
0 0.903320 0.542969 0.041016 0.050781
0 0.326172 0.632812 0.042969 0.054688
0 0.183594 0.056641 0.035156 0.031250
0 0.614258 0.379883 0.033203 0.056641
0 0.031250 0.877930 0.031250 0.037109
0 0.939453 0.271484 0.050781 0.039062
1 0.316406 0.239258 0.175781 0.244141
1 0.217773 0.868164 0.232422 0.169922
1 0.826172 0.696289 0.207031 0.224609
1 0.474609 0.589844 0.238281 0.191406
1 0.605469 0.203125 0.269531 0.265625
1 0.888672 0.145508 0.160156 0.154297
1 0.210938 0.539062 0.152344 0.250000
1 0.558594 0.816406 0.250000 0.160156