0 0.809766 0.410417 0.024219 0.043056
0 0.652734 0.902778 0.016406 0.044444
0 0.306641 0.312500 0.027344 0.038889
0 0.174609 0.189583 0.016406 0.029167
0 0.750000 0.853472 0.028125 0.034722
0 0.092188 0.340972 0.023438 0.031944
0 0.085938 0.179861 0.015625 0.034722
0 0.801562 0.945833 0.026562 0.047222
0 0.583984 0.050000 0.016406 0.050000
0 0.064453 0.481944 0.025781 0.044444
0 0.923438 0.705556 0.015625 0.047222
0 0.810937 0.477778 0.023438 0.030556
0 0.621875 0.513194 0.023438 0.031944
0 0.908984 0.309722 0.024219 0.036111
0 0.362500 0.302083 0.018750 0.029167
0 0.660156 0.618750 0.025000 0.034722
0 0.957031 0.266667 0.028125 0.044444
0 0.445703 0.146528 0.027344 0.043056
0 0.027734 0.391667 0.025781 0.041667
0 0.855078 0.225000 0.021094 0.027778
0 0.092578 0.759722 0.014844 0.036111
0 0.918359 0.077778 0.024219 0.027778
0 0.330469 0.056944 0.018750 0.036111
0 0.125781 0.865972 0.021875 0.029167
0 0.767578 0.924306 0.016406 0.031944
0 0.117969 0.202083 0.014063 0.034722
0 0.880078 0.712500 0.025781 0.033333
0 0.736328 0.472222 0.024219 0.038889
0 0.064453 0.405556 0.014844 0.027778
0 0.882031 0.108333 0.023438 0.030556
0 0.725391 0.673611 0.021094 0.050000
0 0.043359 0.712500 0.016406 0.038889
0 0.097656 0.808333 0.021875 0.047222
0 0.388281 0.600000 0.015625 0.025000
0 0.421484 0.242361 0.021094 0.040278
0 0.275781 0.060417 0.028125 0.048611
0 0.705859 0.936111 0.027344 0.036111
0 0.478125 0.338194 0.028125 0.029167
0 0.788281 0.812500 0.026562 0.025000
0 0.520703 0.123611 0.025781 0.038889
0 0.348828 0.184722 0.017969 0.041667
0 0.269922 0.199306 0.027344 0.034722
0 0.790625 0.619444 0.023438 0.038889
0 0.722656 0.807639 0.028125 0.045833
0 0.272266 0.879861 0.016406 0.031944
0 0.105469 0.913194 0.025000 0.043056
0 0.451172 0.912500 0.021094 0.033333
0 0.387109 0.641667 0.017969 0.041667
0 0.175781 0.872222 0.014063 0.036111
0 0.339844 0.661111 0.025000 0.025000
0 0.694531 0.725000 0.014063 0.027778
0 0.617969 0.898611 0.021875 0.027778
0 0.398828 0.245833 0.016406 0.033333
0 0.585938 0.958333 0.023438 0.044444
0 0.760156 0.751389 0.018750 0.050000
0 0.145313 0.925000 0.025000 0.041667
0 0.389844 0.735417 0.023438 0.043056
0 0.548047 0.906944 0.021094 0.030556
0 0.100781 0.285417 0.026562 0.043056
0 0.696875 0.084722 0.025000 0.033333
0 0.914062 0.181250 0.014063 0.031944
0 0.237500 0.556944 0.025000 0.041667
0 0.371484 0.160417 0.019531 0.048611
0 0.698047 0.854861 0.022656 0.026389
0 0.036328 0.538194 0.022656 0.031944
0 0.821094 0.245833 0.017188 0.041667
0 0.644922 0.106944 0.016406 0.047222
0 0.317578 0.156250 0.025781 0.029167
0 0.130469 0.680556 0.018750 0.036111
0 0.251953 0.956944 0.025781 0.038889
0 0.055469 0.128472 0.028125 0.040278
0 0.425000 0.189583 0.026562 0.029167
0 0.660547 0.522222 0.017969 0.047222
0 0.441016 0.311111 0.022656 0.044444
0 0.443750 0.373611 0.014063 0.030556
0 0.102344 0.611806 0.028125 0.031944
0 0.421094 0.483333 0.017188 0.025000
0 0.785156 0.119444 0.021875 0.027778
0 0.508984 0.959028 0.019531 0.026389
0 0.026953 0.803472 0.019531 0.031944
0 0.700391 0.143750 0.027344 0.043056
0 0.449609 0.057639 0.022656 0.040278
0 0.155469 0.097917 0.025000 0.026389
0 0.410156 0.048611 0.025000 0.025000
0 0.101953 0.552083 0.017969 0.029167
0 0.051172 0.650000 0.027344 0.036111
0 0.938281 0.151389 0.015625 0.030556
0 0.395313 0.284028 0.014063 0.026389
0 0.824219 0.073611 0.017188 0.027778
0 0.183203 0.142361 0.025781 0.040278
0 0.469141 0.280556 0.021094 0.036111
0 0.488672 0.920833 0.021094 0.030556
0 0.807422 0.759722 0.024219 0.050000
0 0.709375 0.555556 0.025000 0.027778
0 0.330078 0.101389 0.027344 0.030556
0 0.132031 0.440972 0.021875 0.048611
0 0.072656 0.859722 0.020313 0.044444
0 0.619531 0.955556 0.020313 0.036111
0 0.365234 0.700694 0.017969 0.026389
1 0.462500 0.722222 0.103125 0.186111
1 0.604688 0.740972 0.139063 0.193056
1 0.570703 0.308333 0.121094 0.286111
1 0.319922 0.481250 0.105469 0.243056
1 0.902344 0.852083 0.109375 0.184722
1 0.910937 0.490972 0.126562 0.290278
1 0.231250 0.736111 0.134375 0.202778
1 0.199609 0.358333 0.094531 0.247222
1 0.724609 0.312500 0.128906 0.166667