0 0.433594 0.847917 0.017188 0.037500
0 0.318359 0.218056 0.027344 0.030556
0 0.181250 0.851389 0.021875 0.041667
0 0.135156 0.946528 0.021875 0.048611
0 0.275781 0.682639 0.017188 0.037500
0 0.351562 0.851389 0.025000 0.036111
0 0.100391 0.904861 0.025781 0.043056
0 0.711719 0.066667 0.026562 0.044444
0 0.140234 0.775000 0.017969 0.044444
0 0.028125 0.706250 0.021875 0.034722
0 0.337109 0.811806 0.021094 0.029167
0 0.437109 0.963889 0.017969 0.038889
0 0.695312 0.929861 0.015625 0.043056
0 0.345313 0.913194 0.021875 0.034722
0 0.662891 0.934722 0.021094 0.050000
0 0.856641 0.927778 0.024219 0.033333
0 0.968750 0.830556 0.017188 0.036111
0 0.201953 0.704167 0.024219 0.041667
0 0.975391 0.886806 0.019531 0.040278
0 0.539844 0.529861 0.017188 0.031944
0 0.975781 0.126389 0.017188 0.044444
0 0.794922 0.465278 0.014844 0.030556
0 0.076953 0.328472 0.017969 0.031944
0 0.960547 0.606250 0.024219 0.034722
0 0.741406 0.477083 0.017188 0.040278
0 0.300391 0.350000 0.025781 0.036111
0 0.029687 0.206944 0.028125 0.025000
0 0.126953 0.038194 0.016406 0.026389
0 0.067969 0.044444 0.026562 0.027778
0 0.647266 0.745139 0.014844 0.048611
0 0.917578 0.475000 0.027344 0.050000
0 0.258203 0.176389 0.016406 0.038889
0 0.205469 0.219444 0.021875 0.036111
0 0.223438 0.142361 0.026562 0.045833
0 0.894922 0.911111 0.025781 0.047222
0 0.658594 0.525000 0.015625 0.036111
0 0.418750 0.692361 0.023438 0.026389
0 0.285938 0.206250 0.018750 0.034722
0 0.937500 0.820833 0.023438 0.036111
0 0.048438 0.903472 0.023438 0.048611
0 0.381641 0.765278 0.019531 0.025000
0 0.866406 0.487500 0.025000 0.027778
0 0.044922 0.797222 0.017969 0.036111
0 0.341797 0.297917 0.024219 0.040278
0 0.891406 0.514583 0.017188 0.048611
0 0.159375 0.350000 0.023438 0.033333
0 0.896484 0.733333 0.022656 0.038889
0 0.229687 0.708333 0.018750 0.038889
0 0.587891 0.534028 0.024219 0.034722
0 0.900781 0.792361 0.028125 0.045833
0 0.816797 0.898611 0.024219 0.044444
0 0.373828 0.340972 0.019531 0.043056
0 0.924609 0.684028 0.025781 0.043056
0 0.248438 0.313889 0.021875 0.033333
0 0.727344 0.933333 0.014063 0.050000
0 0.242188 0.369444 0.023438 0.030556
0 0.955859 0.552778 0.016406 0.044444
0 0.379688 0.952778 0.018750 0.027778
0 0.905469 0.368056 0.023438 0.050000
0 0.117969 0.806944 0.014063 0.047222
0 0.271094 0.443056 0.018750 0.038889
0 0.308203 0.297917 0.027344 0.043056
0 0.773828 0.409028 0.021094 0.043056
0 0.639453 0.850000 0.022656 0.050000
0 0.857031 0.655556 0.017188 0.025000
0 0.285938 0.956944 0.028125 0.041667
0 0.766406 0.920833 0.026562 0.030556
0 0.387500 0.895833 0.014063 0.025000
0 0.328125 0.126389 0.023438 0.047222
0 0.057813 0.559028 0.015625 0.029167
0 0.293750 0.068750 0.014063 0.026389
0 0.191797 0.339583 0.016406 0.045833
0 0.187500 0.953472 0.021875 0.029167
0 0.294922 0.572222 0.014844 0.036111
0 0.814063 0.957639 0.015625 0.037500
0 0.241797 0.242361 0.017969 0.026389
0 0.253516 0.101389 0.016406 0.044444
0 0.723828 0.151389 0.014844 0.033333
0 0.310937 0.716667 0.020313 0.047222
0 0.616797 0.565278 0.022656 0.041667
0 0.160547 0.657639 0.016406 0.043056
0 0.051562 0.485417 0.018750 0.037500
0 0.900000 0.109722 0.020313 0.047222
0 0.862500 0.865972 0.025000 0.031944
0 0.251172 0.035417 0.019531 0.029167
0 0.967969 0.702083 0.023438 0.034722
0 0.576562 0.475694 0.018750 0.045833
0 0.518750 0.953472 0.023438 0.026389
0 0.410156 0.752083 0.018750 0.037500
0 0.581641 0.355556 0.017969 0.038889
0 0.035547 0.255556 0.019531 0.050000
0 0.230469 0.913194 0.020313 0.043056
0 0.443359 0.659722 0.017969 0.033333
0 0.272656 0.608333 0.020313 0.033333
0 0.648047 0.624306 0.016406 0.026389
0 0.275000 0.868056 0.021875 0.038889
0 0.977734 0.781250 0.016406 0.048611
0 0.378906 0.579167 0.021875 0.025000
0 0.336719 0.354167 0.023438 0.041667
0 0.560156 0.602778 0.021875 0.027778
0 0.199609 0.038889 0.019531 0.027778
0 0.244531 0.802083 0.025000 0.043056
0 0.327344 0.422222 0.028125 0.044444
0 0.569141 0.299306 0.014844 0.029167
0 0.342969 0.955556 0.018750 0.038889
0 0.525391 0.630556 0.014844 0.038889
0 0.964063 0.414583 0.026562 0.026389
0 0.039062 0.361806 0.018750 0.029167
0 0.369531 0.664583 0.023438 0.048611
0 0.225000 0.845139 0.021875 0.031944
1 0.748828 0.704167 0.166406 0.297222
1 0.650000 0.327083 0.107813 0.304167
1 0.458984 0.522222 0.102344 0.183333
1 0.910547 0.230556 0.097656 0.169444
1 0.099609 0.200000 0.097656 0.191667
1 0.536719 0.804167 0.143750 0.225000
1 0.789062 0.217361 0.100000 0.287500
1 0.150000 0.496528 0.150000 0.193056
1 0.464062 0.162500 0.151562 0.236111