0 0.284180 0.247070 0.041016 0.048828
0 0.374023 0.790039 0.033203 0.033203
0 0.956055 0.557617 0.052734 0.048828
0 0.892578 0.636719 0.039062 0.035156
0 0.652344 0.701172 0.031250 0.039062
0 0.258789 0.171875 0.033203 0.058594
0 0.600586 0.064453 0.033203 0.035156
0 0.904297 0.273438 0.035156 0.031250
0 0.955078 0.407227 0.054688 0.052734
0 0.089844 0.925781 0.054688 0.035156
0 0.132812 0.650391 0.046875 0.039062
0 0.417969 0.391602 0.042969 0.052734
0 0.446289 0.771484 0.052734 0.039062
0 0.941406 0.081055 0.039062 0.048828
0 0.826172 0.034180 0.031250 0.037109
0 0.606445 0.353516 0.052734 0.046875
0 0.521484 0.372070 0.046875 0.048828
0 0.182617 0.111328 0.048828 0.031250
0 0.436523 0.304688 0.048828 0.058594
0 0.539062 0.269531 0.031250 0.050781
0 0.590820 0.145508 0.052734 0.044922
0 0.898438 0.550781 0.035156 0.054688
0 0.073242 0.782227 0.041016 0.041016
0 0.589844 0.241211 0.035156 0.048828
0 0.117188 0.774414 0.031250 0.033203
0 0.884766 0.375000 0.039062 0.046875
0 0.968750 0.886719 0.031250 0.039062
0 0.938477 0.703125 0.052734 0.050781
0 0.185547 0.169922 0.046875 0.050781
0 0.083984 0.069336 0.042969 0.033203
0 0.711914 0.081055 0.056641 0.037109
0 0.778320 0.149414 0.048828 0.056641
1 0.249023 0.825195 0.197266 0.220703
1 0.147461 0.551758 0.248047 0.138672
1 0.626953 0.846680 0.152344 0.216797
1 0.142578 0.328125 0.140625 0.191406
1 0.441406 0.549805 0.199219 0.240234
1 0.423828 0.151367 0.144531 0.189453
1 0.730469 0.311523 0.164062 0.224609
1 0.819336 0.809570 0.154297 0.212891
1 0.721680 0.551758 0.212891 0.193359