0 0.596875 0.754861 0.020313 0.037500
0 0.969141 0.167361 0.021094 0.040278
0 0.357031 0.776389 0.026562 0.030556
0 0.041016 0.697917 0.017969 0.031944
0 0.354297 0.065278 0.025781 0.027778
0 0.617578 0.593056 0.022656 0.036111
0 0.421875 0.690278 0.026562 0.050000
0 0.969141 0.959028 0.027344 0.031944
0 0.078125 0.444444 0.021875 0.047222
0 0.755859 0.791667 0.014844 0.044444
0 0.593359 0.090278 0.016406 0.027778
0 0.112891 0.050694 0.021094 0.031944
0 0.137500 0.664583 0.018750 0.026389
0 0.289844 0.571528 0.015625 0.045833
0 0.723437 0.852778 0.026562 0.044444
0 0.834766 0.442361 0.014844 0.037500
0 0.285156 0.165278 0.021875 0.041667
0 0.555469 0.958333 0.020313 0.041667
0 0.878906 0.458333 0.023438 0.025000
0 0.812500 0.086111 0.018750 0.030556
0 0.715234 0.292361 0.021094 0.040278
0 0.044922 0.811806 0.014844 0.037500
0 0.381250 0.931250 0.028125 0.043056
0 0.464844 0.046528 0.015625 0.026389
0 0.331641 0.194444 0.016406 0.030556
0 0.298828 0.281944 0.021094 0.050000
0 0.566406 0.378472 0.014063 0.026389
0 0.271094 0.967361 0.021875 0.031944
0 0.788672 0.852778 0.019531 0.030556
0 0.590625 0.334028 0.017188 0.031944
0 0.658594 0.568750 0.026562 0.029167
0 0.406250 0.823611 0.023438 0.030556
0 0.808594 0.179167 0.020313 0.027778
0 0.900391 0.956250 0.024219 0.029167
0 0.577734 0.891667 0.019531 0.033333
0 0.889844 0.043750 0.023438 0.031944
0 0.943750 0.439583 0.014063 0.034722
0 0.882031 0.785417 0.015625 0.048611
0 0.244141 0.131944 0.024219 0.041667
0 0.379688 0.186806 0.025000 0.040278
0 0.325000 0.149306 0.018750 0.031944
0 0.828516 0.352083 0.025781 0.031944
0 0.182812 0.033333 0.015625 0.027778
0 0.285938 0.345833 0.020313 0.025000
0 0.346094 0.687500 0.014063 0.030556
0 0.813281 0.488889 0.020313 0.050000
0 0.646094 0.781944 0.015625 0.036111
0 0.250391 0.241667 0.024219 0.025000
0 0.355859 0.122917 0.024219 0.029167
0 0.796094 0.263194 0.017188 0.034722
0 0.619531 0.950000 0.014063 0.027778
0 0.969531 0.790278 0.017188 0.027778
0 0.859766 0.655556 0.024219 0.044444
0 0.745703 0.281250 0.017969 0.040278
0 0.426172 0.897222 0.025781 0.038889
0 0.923828 0.147222 0.025781 0.025000
0 0.941406 0.626389 0.021875 0.027778
0 0.978906 0.378472 0.021875 0.026389
0 0.911719 0.745139 0.028125 0.040278
0 0.361719 0.240278 0.018750 0.033333
0 0.824219 0.871528 0.015625 0.031944
0 0.898828 0.572917 0.016406 0.048611
0 0.897656 0.632639 0.017188 0.043056
0 0.350391 0.861806 0.024219 0.048611
0 0.384766 0.122917 0.021094 0.048611
0 0.859375 0.705556 0.023438 0.027778
0 0.528125 0.945833 0.014063 0.041667
0 0.852344 0.959028 0.021875 0.034722
0 0.244141 0.072917 0.014844 0.029167
0 0.468750 0.953472 0.017188 0.048611
0 0.898438 0.101389 0.025000 0.036111
0 0.937891 0.952778 0.014844 0.025000
0 0.090234 0.570833 0.017969 0.047222
0 0.581250 0.193056 0.028125 0.030556
0 0.383984 0.073611 0.024219 0.030556
1 0.379688 0.493750 0.148438 0.301389
1 0.706250 0.426389 0.167187 0.183333
1 0.480859 0.188194 0.144531 0.220833
1 0.123047 0.228472 0.171094 0.198611
1 0.528516 0.724306 0.105469 0.279167
1 0.753516 0.673611 0.152344 0.172222
1 0.898047 0.313889 0.097656 0.188889
1 0.185547 0.509028 0.152344 0.218056
1 0.159375 0.811111 0.146875 0.200000
1 0.705859 0.149306 0.141406 0.195833