0 0.393750 0.636111 0.018750 0.038889
0 0.835547 0.960417 0.025781 0.026389
0 0.403125 0.254167 0.018750 0.025000
0 0.975391 0.704167 0.027344 0.050000
0 0.657031 0.879861 0.015625 0.029167
0 0.273047 0.669444 0.017969 0.033333
0 0.692578 0.234028 0.027344 0.034722
0 0.031641 0.312500 0.022656 0.025000
0 0.794141 0.943056 0.025781 0.050000
0 0.396875 0.910417 0.020313 0.037500
0 0.676562 0.273611 0.026562 0.025000
0 0.360547 0.729861 0.017969 0.031944
0 0.518359 0.531944 0.021094 0.033333
0 0.070703 0.165278 0.027344 0.036111
0 0.232031 0.213194 0.018750 0.040278
0 0.166406 0.237500 0.023438 0.025000
0 0.461328 0.708333 0.021094 0.036111
0 0.298047 0.238889 0.014844 0.050000
0 0.052344 0.558333 0.026562 0.033333
0 0.639062 0.061806 0.018750 0.045833
0 0.551172 0.768750 0.017969 0.037500
0 0.735156 0.412500 0.015625 0.033333
0 0.398438 0.691667 0.020313 0.027778
0 0.376953 0.810417 0.025781 0.029167
0 0.671875 0.920833 0.025000 0.030556
0 0.637109 0.830556 0.022656 0.025000
0 0.255859 0.507639 0.022656 0.048611
0 0.460156 0.113194 0.015625 0.026389
0 0.393359 0.384722 0.021094 0.030556
0 0.474609 0.384028 0.022656 0.034722
0 0.710156 0.393056 0.028125 0.027778
0 0.505859 0.778472 0.014844 0.048611
0 0.825781 0.082639 0.017188 0.045833
0 0.273047 0.325694 0.021094 0.040278
0 0.555469 0.570139 0.015625 0.029167
0 0.356641 0.229167 0.014844 0.027778
0 0.307422 0.722917 0.016406 0.029167
0 0.628906 0.917361 0.026562 0.031944
0 0.357812 0.272222 0.017188 0.036111
0 0.076172 0.098611 0.022656 0.025000
0 0.396484 0.539583 0.016406 0.037500
0 0.328125 0.765972 0.018750 0.031944
0 0.081641 0.736111 0.025781 0.027778
0 0.644141 0.797917 0.022656 0.029167
0 0.109766 0.104167 0.021094 0.041667
0 0.025000 0.493056 0.028125 0.027778
0 0.705859 0.961111 0.021094 0.041667
0 0.710156 0.315972 0.017188 0.026389
0 0.973047 0.608333 0.019531 0.025000
0 0.445703 0.785417 0.021094 0.034722
0 0.603125 0.897917 0.018750 0.045833
0 0.121484 0.611111 0.024219 0.041667
0 0.512891 0.104861 0.021094 0.031944
0 0.735547 0.165278 0.016406 0.044444
0 0.429688 0.195139 0.017188 0.034722
0 0.760156 0.929167 0.028125 0.033333
0 0.562891 0.050000 0.017969 0.041667
0 0.068359 0.779167 0.024219 0.038889
0 0.419531 0.890278 0.015625 0.041667
0 0.223828 0.270833 0.025781 0.044444
0 0.425000 0.543750 0.028125 0.048611
0 0.544922 0.521528 0.022656 0.026389
0 0.425000 0.115278 0.015625 0.027778
0 0.051562 0.721528 0.021875 0.045833
0 0.663281 0.111111 0.021875 0.038889
0 0.670312 0.821528 0.017188 0.045833
0 0.197656 0.109028 0.025000 0.043056
0 0.466016 0.261111 0.024219 0.036111
0 0.502734 0.676389 0.022656 0.050000
0 0.361328 0.904167 0.022656 0.025000
0 0.300000 0.889583 0.020313 0.037500
0 0.395313 0.767361 0.028125 0.026389
0 0.491797 0.181250 0.024219 0.031944
1 0.575391 0.349306 0.121094 0.223611
1 0.202734 0.801389 0.114844 0.208333
1 0.801953 0.644444 0.107031 0.266667
1 0.321875 0.502083 0.098437 0.268056
1 0.637500 0.610417 0.134375 0.237500
1 0.839063 0.303472 0.170313 0.287500
1 0.161328 0.444444 0.157031 0.269444