0 0.507031 0.068750 0.020313 0.048611
0 0.823047 0.886111 0.025781 0.027778
0 0.522266 0.804167 0.017969 0.030556
0 0.305078 0.617361 0.016406 0.040278
0 0.706641 0.523611 0.017969 0.050000
0 0.857812 0.060417 0.026562 0.029167
0 0.977344 0.552083 0.023438 0.040278
0 0.228516 0.310417 0.017969 0.029167
0 0.580469 0.854167 0.021875 0.027778
0 0.891797 0.425694 0.017969 0.031944
0 0.348828 0.591667 0.021094 0.047222
0 0.966797 0.891667 0.025781 0.050000
0 0.867578 0.504167 0.017969 0.027778
0 0.737500 0.434722 0.028125 0.041667
0 0.749609 0.138889 0.021094 0.050000
0 0.165625 0.608333 0.028125 0.033333
0 0.709375 0.589583 0.015625 0.026389
0 0.980859 0.433333 0.014844 0.038889
0 0.804297 0.094444 0.024219 0.044444
0 0.073828 0.611111 0.024219 0.041667
0 0.027734 0.101389 0.027344 0.036111
0 0.461719 0.141667 0.021875 0.041667
0 0.916016 0.951389 0.017969 0.027778
0 0.492578 0.867361 0.017969 0.034722
0 0.960156 0.965972 0.020313 0.026389
0 0.830078 0.513194 0.025781 0.043056
0 0.519141 0.724306 0.024219 0.026389
0 0.884375 0.883333 0.014063 0.027778
0 0.133984 0.121528 0.024219 0.037500
0 0.447656 0.618750 0.015625 0.034722
0 0.193359 0.569444 0.014844 0.036111
0 0.025000 0.933333 0.020313 0.041667
0 0.938281 0.836111 0.015625 0.047222
0 0.240234 0.584028 0.014844 0.026389
0 0.725000 0.272917 0.028125 0.045833
0 0.360156 0.293056 0.017188 0.027778
0 0.024609 0.554861 0.017969 0.040278
0 0.678125 0.183333 0.025000 0.041667
0 0.650000 0.893056 0.017188 0.047222
0 0.945312 0.609722 0.028125 0.047222
0 0.467187 0.100000 0.015625 0.027778
0 0.678516 0.894444 0.022656 0.050000
0 0.511719 0.612500 0.028125 0.041667
0 0.574219 0.725000 0.025000 0.038889
0 0.917578 0.161111 0.014844 0.041667
0 0.459766 0.189583 0.022656 0.034722
0 0.577344 0.072917 0.023438 0.031944
0 0.094922 0.212500 0.024219 0.050000
0 0.695703 0.631250 0.014844 0.034722
0 0.916797 0.496528 0.021094 0.040278
0 0.164062 0.056944 0.018750 0.027778
0 0.901172 0.363889 0.024219 0.050000
0 0.481641 0.817361 0.027344 0.031944
0 0.375391 0.606250 0.024219 0.043056
0 0.095312 0.091667 0.018750 0.038889
0 0.441797 0.226389 0.017969 0.025000
0 0.100781 0.149306 0.014063 0.045833
0 0.071875 0.675000 0.017188 0.027778
0 0.623828 0.077778 0.022656 0.027778
0 0.436719 0.129167 0.018750 0.033333
0 0.720703 0.908333 0.027344 0.044444
0 0.494531 0.743750 0.018750 0.048611
0 0.075391 0.762500 0.016406 0.036111
0 0.289062 0.968056 0.023438 0.025000
0 0.617969 0.745833 0.020313 0.041667
0 0.727344 0.736111 0.018750 0.030556
0 0.320703 0.963194 0.024219 0.040278
0 0.416797 0.966667 0.025781 0.033333
0 0.581641 0.774306 0.016406 0.043056
0 0.032813 0.843056 0.015625 0.030556
1 0.619141 0.335417 0.161719 0.231944
1 0.365234 0.792361 0.164844 0.248611
1 0.278125 0.443056 0.131250 0.177778
1 0.831641 0.684028 0.163281 0.273611
1 0.816016 0.313194 0.119531 0.229167
1 0.590234 0.579167 0.114844 0.205556
1 0.238672 0.183333 0.108594 0.175000
1 0.433984 0.447222 0.141406 0.200000
1 0.173437 0.795833 0.164062 0.241667
1 0.101172 0.431944 0.125781 0.286111