0 0.450000 0.572917 0.018750 0.031944
0 0.626172 0.245833 0.022656 0.025000
0 0.944141 0.493056 0.019531 0.030556
0 0.740234 0.545139 0.025781 0.031944
0 0.306641 0.629861 0.019531 0.026389
0 0.504297 0.730556 0.022656 0.050000
0 0.447266 0.481944 0.014844 0.033333
0 0.392188 0.600694 0.025000 0.048611
0 0.491797 0.861111 0.016406 0.025000
0 0.928906 0.398611 0.020313 0.030556
0 0.040234 0.765278 0.019531 0.036111
0 0.753906 0.106944 0.021875 0.030556
0 0.519531 0.927778 0.025000 0.033333
0 0.234766 0.059722 0.017969 0.044444
0 0.867188 0.958333 0.021875 0.047222
0 0.073438 0.331944 0.028125 0.025000
0 0.253516 0.777778 0.027344 0.044444
0 0.230859 0.904167 0.016406 0.030556
0 0.074219 0.414583 0.018750 0.026389
0 0.976562 0.598611 0.018750 0.038889
0 0.923828 0.702778 0.021094 0.047222
0 0.873047 0.893056 0.014844 0.030556
0 0.063672 0.747222 0.016406 0.030556
0 0.423438 0.076389 0.014063 0.047222
0 0.823047 0.070833 0.019531 0.025000
0 0.023438 0.359028 0.014063 0.043056
0 0.206250 0.883333 0.023438 0.033333
0 0.624609 0.311806 0.014844 0.043056
0 0.753906 0.938194 0.021875 0.031944
0 0.471875 0.302778 0.020313 0.047222
0 0.519922 0.526389 0.016406 0.041667
0 0.100000 0.520833 0.020313 0.044444
0 0.473438 0.747917 0.017188 0.037500
0 0.062891 0.532639 0.019531 0.048611
0 0.173047 0.926389 0.021094 0.027778
0 0.441406 0.172222 0.017188 0.041667
0 0.199219 0.201389 0.028125 0.036111
0 0.522656 0.836806 0.014063 0.048611
0 0.915625 0.763889 0.025000 0.038889
0 0.707422 0.930556 0.016406 0.044444
0 0.217578 0.298611 0.021094 0.041667
0 0.577734 0.597222 0.017969 0.030556
0 0.046875 0.282639 0.023438 0.034722
0 0.439844 0.524306 0.014063 0.034722
0 0.867969 0.037500 0.014063 0.030556
0 0.664844 0.156250 0.025000 0.045833
0 0.477344 0.179861 0.025000 0.037500
0 0.481641 0.238889 0.019531 0.044444
0 0.267578 0.568750 0.016406 0.043056
0 0.256641 0.676389 0.014844 0.033333
0 0.250781 0.624306 0.015625 0.045833
0 0.189062 0.309722 0.026562 0.038889
0 0.917969 0.504167 0.023438 0.047222
0 0.618750 0.461806 0.026562 0.048611
0 0.651563 0.056944 0.015625 0.025000
0 0.570312 0.172917 0.025000 0.029167
0 0.550781 0.473611 0.018750 0.025000
0 0.044922 0.963889 0.025781 0.030556
0 0.948438 0.322917 0.017188 0.048611
0 0.911328 0.629861 0.027344 0.037500
0 0.756250 0.476389 0.017188 0.027778
0 0.898438 0.151389 0.025000 0.033333
0 0.316797 0.677778 0.025781 0.027778
0 0.942187 0.127778 0.023438 0.041667
0 0.484375 0.469444 0.020313 0.047222
0 0.897266 0.709028 0.017969 0.026389
0 0.482031 0.652778 0.017188 0.025000
0 0.160156 0.303472 0.020313 0.048611
0 0.598047 0.117361 0.027344 0.045833
0 0.982031 0.509028 0.015625 0.029167
0 0.540234 0.598611 0.022656 0.030556
0 0.684375 0.504861 0.028125 0.043056
0 0.339062 0.594444 0.014063 0.030556
0 0.245312 0.950694 0.021875 0.026389
0 0.959766 0.879861 0.025781 0.031944
0 0.125781 0.556944 0.023438 0.027778
0 0.023828 0.152083 0.014844 0.034722
0 0.217188 0.152083 0.017188 0.043056
0 0.965625 0.432639 0.015625 0.034722
0 0.348828 0.646528 0.019531 0.045833
0 0.491016 0.913194 0.016406 0.029167
0 0.478125 0.611111 0.025000 0.036111
0 0.966797 0.250694 0.024219 0.034722
0 0.280078 0.657639 0.017969 0.045833
0 0.706250 0.209028 0.015625 0.048611
0 0.047656 0.682639 0.020313 0.043056
1 0.342578 0.397222 0.167969 0.227778
1 0.373047 0.836111 0.160156 0.211111
1 0.825391 0.628472 0.096094 0.237500
1 0.803516 0.290278 0.149219 0.300000
1 0.549609 0.318750 0.094531 0.243056
1 0.127734 0.733333 0.096094 0.305556
1 0.590234 0.759722 0.111719 0.180556
1 0.118750 0.147917 0.110937 0.206944
1 0.182031 0.443056 0.112500 0.169444
1 0.325391 0.146528 0.153906 0.206944