0 0.780273 0.934570 0.044922 0.056641
0 0.908203 0.504883 0.035156 0.033203
0 0.866211 0.596680 0.044922 0.041016
0 0.058594 0.285156 0.042969 0.046875
0 0.605469 0.556641 0.046875 0.035156
0 0.049805 0.859375 0.052734 0.050781
0 0.234375 0.363281 0.031250 0.054688
0 0.498047 0.359375 0.031250 0.046875
0 0.216797 0.169922 0.046875 0.042969
0 0.147461 0.234375 0.056641 0.031250
0 0.255859 0.965820 0.054688 0.037109
0 0.378906 0.061523 0.031250 0.048828
0 0.932617 0.169922 0.056641 0.054688
0 0.135742 0.853516 0.037109 0.046875
0 0.742188 0.362305 0.050781 0.033203
0 0.114258 0.923828 0.044922 0.042969
0 0.941406 0.785156 0.046875 0.031250
0 0.147461 0.313477 0.037109 0.044922
0 0.074219 0.143555 0.039062 0.048828
0 0.422852 0.403320 0.044922 0.033203
0 0.728516 0.057617 0.031250 0.044922
0 0.306641 0.797852 0.046875 0.052734
0 0.356445 0.662109 0.048828 0.035156
0 0.041992 0.682617 0.033203 0.048828
0 0.300781 0.389648 0.054688 0.056641
0 0.308594 0.554688 0.042969 0.058594
0 0.408203 0.546875 0.050781 0.031250
0 0.767578 0.449219 0.042969 0.039062
0 0.677734 0.876953 0.039062 0.031250
0 0.593750 0.110352 0.035156 0.052734
0 0.223633 0.225586 0.033203 0.037109
0 0.908203 0.424805 0.050781 0.056641
0 0.668945 0.078125 0.037109 0.058594
0 0.505859 0.506836 0.031250 0.033203
0 0.864258 0.068359 0.041016 0.046875
0 0.365234 0.294922 0.054688 0.031250
0 0.727539 0.927734 0.044922 0.035156
0 0.435547 0.351562 0.035156 0.031250
0 0.748047 0.120117 0.046875 0.048828
0 0.911133 0.264648 0.044922 0.044922
0 0.655273 0.942383 0.056641 0.037109
0 0.060547 0.041016 0.031250 0.046875
0 0.701172 0.470703 0.054688 0.031250
0 0.921875 0.109375 0.058594 0.046875
0 0.567383 0.367188 0.048828 0.035156
0 0.855469 0.668945 0.046875 0.056641
0 0.492188 0.919922 0.054688 0.031250
0 0.321289 0.483398 0.044922 0.033203
0 0.449219 0.039062 0.054688 0.031250
1 0.114258 0.422852 0.177734 0.146484
1 0.678711 0.688477 0.205078 0.201172
1 0.185547 0.683594 0.140625 0.253906
1 0.441406 0.793945 0.199219 0.146484
1 0.685547 0.261719 0.226562 0.152344
1 0.377930 0.181641 0.236328 0.171875