0 0.048828 0.765625 0.058594 0.050781
0 0.047852 0.960938 0.033203 0.046875
0 0.437500 0.592773 0.042969 0.033203
0 0.517578 0.901367 0.031250 0.044922
0 0.517578 0.339844 0.039062 0.035156
0 0.108398 0.872070 0.041016 0.052734
0 0.090820 0.313477 0.048828 0.048828
0 0.570312 0.145508 0.058594 0.033203
0 0.242188 0.568359 0.042969 0.039062
0 0.763672 0.491211 0.039062 0.052734
0 0.250000 0.954102 0.039062 0.033203
0 0.483398 0.468750 0.052734 0.046875
0 0.817383 0.058594 0.033203 0.046875
0 0.633789 0.291016 0.041016 0.046875
0 0.614258 0.805664 0.044922 0.048828
0 0.958008 0.721680 0.037109 0.044922
0 0.687500 0.460938 0.035156 0.054688
0 0.958008 0.519531 0.037109 0.035156
0 0.758789 0.089844 0.048828 0.046875
0 0.560547 0.194336 0.054688 0.048828
0 0.627930 0.731445 0.052734 0.033203
0 0.375977 0.547852 0.056641 0.037109
0 0.054688 0.882812 0.046875 0.054688
0 0.371094 0.248047 0.042969 0.039062
0 0.434570 0.929688 0.033203 0.039062
0 0.853516 0.467773 0.050781 0.041016
0 0.632812 0.133789 0.039062 0.037109
0 0.912109 0.473633 0.039062 0.044922
0 0.882812 0.528320 0.058594 0.033203
0 0.958008 0.833008 0.037109 0.052734
0 0.904297 0.917969 0.031250 0.054688
0 0.614258 0.667969 0.052734 0.031250
0 0.545898 0.042969 0.048828 0.042969
0 0.479492 0.722656 0.037109 0.050781
0 0.478516 0.833984 0.054688 0.058594
0 0.698242 0.094727 0.048828 0.048828
0 0.934570 0.126953 0.037109 0.050781
0 0.566406 0.388672 0.031250 0.035156
0 0.616211 0.069336 0.052734 0.041016
0 0.360352 0.955078 0.037109 0.042969
0 0.921875 0.289062 0.058594 0.054688
0 0.181641 0.941406 0.035156 0.039062
0 0.961914 0.231445 0.044922 0.041016
0 0.615234 0.868164 0.035156 0.037109
0 0.573242 0.957031 0.052734 0.050781
0 0.301758 0.930664 0.048828 0.048828
0 0.122070 0.947266 0.052734 0.050781
0 0.266602 0.264648 0.037109 0.037109
1 0.773438 0.276367 0.222656 0.228516
1 0.784180 0.682617 0.189453 0.248047
1 0.303711 0.766602 0.259766 0.228516
1 0.318359 0.412109 0.238281 0.203125
1 0.362305 0.119141 0.244141 0.203125
1 0.749023 0.912109 0.216797 0.144531
1 0.589844 0.522461 0.144531 0.208984
1 0.118164 0.151367 0.158203 0.208984
1 0.093750 0.501953 0.152344 0.238281