0 0.551172 0.296528 0.024219 0.040278
0 0.200781 0.408333 0.015625 0.030556
0 0.696094 0.115278 0.017188 0.047222
0 0.604688 0.404861 0.017188 0.040278
0 0.716016 0.552083 0.027344 0.040278
0 0.165234 0.057639 0.014844 0.037500
0 0.750000 0.458333 0.020313 0.036111
0 0.542188 0.138194 0.026562 0.043056
0 0.782422 0.410417 0.024219 0.043056
0 0.580469 0.693056 0.015625 0.036111
0 0.510938 0.567361 0.017188 0.034722
0 0.295312 0.501389 0.018750 0.050000
0 0.796484 0.550000 0.014844 0.044444
0 0.574609 0.875000 0.021094 0.030556
0 0.594531 0.178472 0.015625 0.026389
0 0.117969 0.918750 0.025000 0.031944
0 0.714063 0.260417 0.018750 0.048611
0 0.030469 0.701389 0.026562 0.044444
0 0.153516 0.806250 0.014844 0.037500
0 0.935156 0.559722 0.020313 0.033333
0 0.976172 0.361806 0.022656 0.037500
0 0.569922 0.536111 0.022656 0.038889
0 0.742188 0.745139 0.028125 0.034722
0 0.723828 0.607639 0.014844 0.037500
0 0.031641 0.269444 0.014844 0.036111
0 0.728516 0.074306 0.019531 0.040278
0 0.659375 0.115972 0.026562 0.045833
0 0.745703 0.535417 0.021094 0.037500
0 0.531641 0.774306 0.025781 0.037500
0 0.173047 0.461806 0.025781 0.026389
0 0.385937 0.512500 0.021875 0.030556
0 0.088672 0.589583 0.014844 0.026389
0 0.553906 0.647222 0.020313 0.047222
0 0.868750 0.075694 0.023438 0.026389
0 0.352734 0.939583 0.027344 0.026389
0 0.064844 0.564583 0.014063 0.026389
0 0.576953 0.222222 0.021094 0.050000
0 0.623437 0.621528 0.028125 0.043056
0 0.950391 0.382639 0.019531 0.029167
0 0.329688 0.539583 0.017188 0.040278
0 0.130469 0.653472 0.021875 0.026389
0 0.410547 0.963194 0.016406 0.031944
0 0.966406 0.679861 0.017188 0.026389
0 0.961328 0.734028 0.014844 0.034722
0 0.214062 0.591667 0.025000 0.025000
0 0.250000 0.547917 0.021875 0.048611
0 0.076172 0.785417 0.014844 0.037500
0 0.651953 0.591667 0.021094 0.038889
0 0.858594 0.431250 0.028125 0.037500
0 0.023047 0.361111 0.024219 0.036111
0 0.514453 0.627778 0.022656 0.033333
0 0.845313 0.967361 0.023438 0.029167
0 0.055078 0.703472 0.014844 0.026389
0 0.144531 0.538889 0.023438 0.036111
0 0.593750 0.100000 0.018750 0.047222
0 0.225781 0.368750 0.026562 0.029167
0 0.079687 0.867361 0.018750 0.031944
0 0.366406 0.473611 0.014063 0.027778
0 0.581250 0.829861 0.020313 0.034722
0 0.736328 0.931944 0.021094 0.044444
0 0.726172 0.188889 0.019531 0.044444
0 0.050391 0.629167 0.021094 0.041667
0 0.870313 0.516667 0.017188 0.036111
0 0.582812 0.634722 0.021875 0.033333
0 0.888672 0.886111 0.022656 0.038889
0 0.031250 0.452083 0.026562 0.029167
0 0.259375 0.674306 0.023438 0.031944
0 0.471875 0.579167 0.018750 0.047222
0 0.800000 0.964583 0.028125 0.029167
0 0.963672 0.904861 0.021094 0.029167
0 0.685547 0.237500 0.027344 0.050000
0 0.957812 0.424306 0.017188 0.034722
0 0.550391 0.936111 0.014844 0.047222
0 0.161328 0.631944 0.019531 0.050000
0 0.416797 0.573611 0.017969 0.036111
0 0.514844 0.525694 0.025000 0.034722
0 0.966016 0.086111 0.025781 0.038889
0 0.854688 0.354167 0.028125 0.041667
0 0.809766 0.477778 0.017969 0.033333
1 0.665234 0.814583 0.099219 0.284722
1 0.422656 0.728472 0.145313 0.229167
1 0.430078 0.241667 0.167969 0.272222
1 0.110547 0.297222 0.111719 0.283333
1 0.821875 0.211111 0.129688 0.208333
1 0.685547 0.384722 0.099219 0.177778
1 0.860938 0.722222 0.157812 0.261111
1 0.236719 0.831944 0.135937 0.236111
1 0.261719 0.229861 0.139063 0.195833