0 0.624219 0.360417 0.025000 0.034722
0 0.408594 0.204861 0.014063 0.031944
0 0.919922 0.286806 0.025781 0.026389
0 0.480078 0.702778 0.021094 0.030556
0 0.047266 0.431944 0.016406 0.025000
0 0.150391 0.838194 0.016406 0.040278
0 0.030078 0.811111 0.022656 0.036111
0 0.867578 0.268056 0.022656 0.033333
0 0.743359 0.493056 0.016406 0.033333
0 0.948438 0.416667 0.023438 0.050000
0 0.788672 0.460417 0.016406 0.043056
0 0.524219 0.698611 0.020313 0.047222
0 0.935156 0.363194 0.017188 0.034722
0 0.311719 0.350694 0.020313 0.045833
0 0.594922 0.789583 0.025781 0.026389
0 0.699219 0.927083 0.028125 0.031944
0 0.030078 0.693056 0.016406 0.030556
0 0.721094 0.854861 0.023438 0.034722
0 0.728516 0.905556 0.016406 0.025000
0 0.247656 0.786806 0.014063 0.043056
0 0.407813 0.129167 0.018750 0.041667
0 0.271875 0.323611 0.020313 0.047222
0 0.164062 0.046528 0.020313 0.029167
0 0.538672 0.778472 0.021094 0.048611
0 0.502344 0.731944 0.017188 0.025000
0 0.439063 0.400000 0.015625 0.033333
0 0.832422 0.251389 0.024219 0.036111
0 0.403125 0.375694 0.021875 0.031944
0 0.356250 0.351389 0.014063 0.030556
0 0.494922 0.840972 0.014844 0.043056
0 0.630078 0.887500 0.016406 0.041667
0 0.855469 0.129167 0.026562 0.036111
0 0.610938 0.100694 0.025000 0.037500
0 0.655859 0.818056 0.024219 0.030556
0 0.599219 0.654167 0.025000 0.025000
0 0.031250 0.502083 0.025000 0.048611
0 0.660156 0.185417 0.015625 0.029167
0 0.503516 0.925000 0.024219 0.027778
0 0.191016 0.884028 0.016406 0.031944
0 0.062891 0.727778 0.024219 0.030556
0 0.553906 0.394444 0.026562 0.025000
0 0.299219 0.875694 0.014063 0.037500
0 0.958594 0.870833 0.023438 0.027778
0 0.968359 0.963889 0.025781 0.038889
0 0.648438 0.748611 0.026562 0.038889
0 0.027344 0.325000 0.028125 0.027778
0 0.410547 0.277083 0.027344 0.045833
0 0.054688 0.076389 0.020313 0.041667
0 0.886719 0.038889 0.025000 0.036111
0 0.922266 0.952778 0.016406 0.044444
0 0.507422 0.388889 0.019531 0.025000
0 0.815625 0.085417 0.017188 0.029167
0 0.977344 0.171528 0.017188 0.037500
0 0.767969 0.872222 0.028125 0.025000
0 0.762500 0.413194 0.026562 0.045833
0 0.925781 0.900694 0.026562 0.034722
0 0.421484 0.058333 0.024219 0.025000
0 0.945312 0.109028 0.015625 0.048611
0 0.637109 0.673611 0.025781 0.044444
0 0.160547 0.686806 0.025781 0.026389
0 0.215625 0.906944 0.026562 0.030556
0 0.212109 0.797917 0.025781 0.037500
0 0.849219 0.922917 0.021875 0.029167
0 0.630078 0.147917 0.019531 0.045833
0 0.797266 0.611806 0.016406 0.045833
0 0.857812 0.334028 0.028125 0.029167
0 0.625000 0.209028 0.020313 0.037500
0 0.664453 0.384028 0.019531 0.026389
0 0.046875 0.947222 0.020313 0.050000
0 0.967969 0.263194 0.015625 0.043056
0 0.886328 0.927778 0.025781 0.027778
0 0.102734 0.890972 0.016406 0.040278
0 0.805469 0.547222 0.015625 0.033333
0 0.106641 0.747917 0.022656 0.045833
0 0.597266 0.528472 0.024219 0.040278
1 0.133203 0.570833 0.094531 0.180556
1 0.744531 0.252083 0.114062 0.240278
1 0.722266 0.672222 0.097656 0.236111
1 0.468750 0.558333 0.123438 0.197222
1 0.322656 0.528472 0.125000 0.268056
1 0.901953 0.692361 0.147656 0.298611
1 0.395703 0.829167 0.119531 0.230556
1 0.310156 0.154167 0.162500 0.222222
1 0.515625 0.220139 0.150000 0.290278
1 0.133203 0.247222 0.121094 0.294444