0 0.968750 0.485352 0.031250 0.037109
0 0.948242 0.685547 0.052734 0.054688
0 0.749023 0.828125 0.044922 0.042969
0 0.387695 0.465820 0.033203 0.033203
0 0.652344 0.933594 0.058594 0.058594
0 0.224609 0.958984 0.031250 0.050781
0 0.765625 0.898438 0.046875 0.031250
0 0.855469 0.339844 0.054688 0.039062
0 0.828125 0.425781 0.042969 0.058594
0 0.499023 0.129883 0.048828 0.033203
0 0.765625 0.401367 0.054688 0.033203
0 0.898438 0.450195 0.039062 0.044922
0 0.838867 0.942383 0.033203 0.033203
0 0.187500 0.835938 0.035156 0.039062
0 0.146484 0.211914 0.031250 0.056641
0 0.139648 0.835938 0.033203 0.039062
0 0.125977 0.656250 0.056641 0.058594
0 0.085938 0.874023 0.035156 0.041016
0 0.949219 0.359375 0.039062 0.058594
0 0.056641 0.705078 0.054688 0.046875
0 0.215820 0.615234 0.037109 0.042969
0 0.398438 0.944336 0.042969 0.048828
0 0.303711 0.543945 0.052734 0.052734
0 0.343750 0.931641 0.035156 0.035156
0 0.070312 0.592773 0.031250 0.052734
0 0.674805 0.092773 0.037109 0.056641
0 0.564453 0.458984 0.042969 0.046875
0 0.578125 0.833984 0.035156 0.058594
0 0.185547 0.530273 0.039062 0.041016
0 0.332031 0.846680 0.042969 0.056641
0 0.115234 0.078125 0.039062 0.035156
0 0.585938 0.550781 0.046875 0.046875
0 0.330078 0.623047 0.058594 0.035156
1 0.504883 0.314453 0.193359 0.203125
1 0.745117 0.657227 0.216797 0.271484
1 0.206055 0.353516 0.193359 0.167969
1 0.299805 0.725586 0.177734 0.146484
1 0.828125 0.208984 0.250000 0.187500
1 0.275391 0.144531 0.195312 0.160156
1 0.500000 0.710938 0.175781 0.164062