0 0.734375 0.245117 0.054688 0.037109
0 0.072266 0.430664 0.035156 0.052734
0 0.788086 0.182617 0.033203 0.056641
0 0.386719 0.180664 0.031250 0.041016
0 0.132812 0.378906 0.042969 0.050781
0 0.302734 0.102539 0.050781 0.056641
0 0.941406 0.937500 0.039062 0.054688
0 0.165039 0.202148 0.056641 0.052734
0 0.120117 0.073242 0.048828 0.056641
0 0.331055 0.437500 0.048828 0.042969
0 0.861328 0.229492 0.046875 0.052734
0 0.169922 0.276367 0.058594 0.056641
0 0.285156 0.811523 0.054688 0.033203
0 0.629883 0.944336 0.041016 0.033203
0 0.894531 0.744141 0.042969 0.035156
0 0.344727 0.605469 0.041016 0.042969
0 0.251953 0.190430 0.058594 0.037109
0 0.489258 0.788086 0.048828 0.037109
0 0.869141 0.112305 0.035156 0.056641
0 0.302734 0.533203 0.054688 0.058594
0 0.586914 0.604492 0.052734 0.041016
0 0.243164 0.883789 0.033203 0.052734
0 0.331055 0.665039 0.041016 0.037109
0 0.845703 0.316406 0.046875 0.031250
0 0.542969 0.932617 0.039062 0.052734
0 0.833984 0.034180 0.058594 0.033203
0 0.871094 0.869141 0.042969 0.042969
0 0.387695 0.919922 0.044922 0.042969
0 0.955078 0.824219 0.046875 0.046875
0 0.416992 0.811523 0.044922 0.056641
0 0.043945 0.084961 0.052734 0.044922
0 0.520508 0.840820 0.044922 0.041016
0 0.959961 0.742188 0.048828 0.054688
0 0.822266 0.122070 0.039062 0.037109
0 0.364258 0.760742 0.044922 0.037109
0 0.875000 0.660156 0.031250 0.054688
0 0.447266 0.197266 0.046875 0.039062
0 0.666992 0.540039 0.041016 0.037109
1 0.614258 0.400391 0.263672 0.207031
1 0.129883 0.847656 0.177734 0.242188
1 0.470703 0.662109 0.148438 0.195312
1 0.327148 0.324219 0.220703 0.167969
1 0.690430 0.763672 0.240234 0.218750
1 0.585938 0.161133 0.214844 0.138672
1 0.157227 0.577148 0.201172 0.201172
1 0.864258 0.513672 0.154297 0.195312