0 0.151367 0.582031 0.041016 0.042969
0 0.894531 0.094727 0.054688 0.052734
0 0.468750 0.475586 0.042969 0.052734
0 0.129883 0.476562 0.041016 0.058594
0 0.400391 0.846680 0.035156 0.056641
0 0.920898 0.662109 0.048828 0.054688
0 0.614258 0.847656 0.033203 0.046875
0 0.129883 0.722656 0.052734 0.035156
0 0.751953 0.875977 0.054688 0.044922
0 0.955078 0.886719 0.050781 0.042969
0 0.712891 0.550781 0.058594 0.031250
0 0.900391 0.156250 0.046875 0.050781
0 0.882812 0.903320 0.042969 0.056641
0 0.869141 0.810547 0.042969 0.035156
0 0.240234 0.045898 0.035156 0.056641
0 0.058594 0.412109 0.058594 0.046875
0 0.110352 0.062500 0.056641 0.042969
0 0.713867 0.820312 0.048828 0.042969
0 0.374023 0.359375 0.033203 0.050781
0 0.742188 0.049805 0.031250 0.044922
0 0.584961 0.039062 0.048828 0.035156
0 0.297852 0.059570 0.033203 0.037109
0 0.057617 0.812500 0.033203 0.039062
0 0.404297 0.472656 0.058594 0.058594
0 0.473633 0.044922 0.056641 0.039062
0 0.378906 0.611328 0.039062 0.042969
0 0.773438 0.278320 0.058594 0.044922
0 0.137695 0.671875 0.056641 0.035156
0 0.775391 0.565430 0.035156 0.044922
0 0.666992 0.074219 0.044922 0.058594
0 0.935547 0.262695 0.046875 0.048828
0 0.571289 0.950195 0.033203 0.041016
0 0.500000 0.821289 0.058594 0.041016
0 0.748047 0.209961 0.035156 0.048828
0 0.954102 0.560547 0.033203 0.039062
0 0.487305 0.304688 0.041016 0.042969
0 0.844727 0.242188 0.037109 0.031250
0 0.504883 0.199219 0.052734 0.058594
0 0.429688 0.775391 0.054688 0.054688
0 0.824219 0.185547 0.050781 0.031250
0 0.848633 0.430664 0.044922 0.044922
0 0.659180 0.262695 0.037109 0.033203
0 0.748047 0.135742 0.050781 0.052734
1 0.386719 0.175781 0.164062 0.171875
1 0.645508 0.438477 0.248047 0.150391
1 0.269531 0.548828 0.144531 0.242188
1 0.621094 0.680664 0.230469 0.193359
1 0.238281 0.850586 0.171875 0.189453
1 0.133789 0.246094 0.158203 0.226562