0 0.219727 0.136719 0.033203 0.035156
0 0.645508 0.382812 0.048828 0.054688
0 0.173828 0.064453 0.058594 0.054688
0 0.579102 0.491211 0.037109 0.041016
0 0.657227 0.574219 0.056641 0.031250
0 0.582031 0.633789 0.046875 0.044922
0 0.458984 0.751953 0.039062 0.058594
0 0.786133 0.517578 0.052734 0.042969
0 0.169922 0.895508 0.054688 0.052734
0 0.672852 0.922852 0.048828 0.052734
0 0.309570 0.124023 0.033203 0.033203
0 0.248047 0.061523 0.058594 0.048828
0 0.102539 0.880859 0.033203 0.054688
0 0.551758 0.932617 0.056641 0.052734
0 0.040039 0.779297 0.041016 0.031250
0 0.797852 0.093750 0.037109 0.039062
0 0.157227 0.755859 0.037109 0.039062
0 0.574219 0.109375 0.046875 0.046875
0 0.666016 0.165039 0.054688 0.056641
0 0.433594 0.554688 0.039062 0.042969
0 0.417969 0.944336 0.035156 0.033203
0 0.077148 0.184570 0.056641 0.037109
0 0.839844 0.059570 0.031250 0.044922
0 0.682617 0.476562 0.033203 0.054688
0 0.044922 0.594727 0.050781 0.037109
0 0.505859 0.595703 0.058594 0.054688
0 0.733398 0.166016 0.037109 0.042969
0 0.375000 0.928711 0.031250 0.041016
0 0.365234 0.624023 0.058594 0.052734
0 0.904297 0.493164 0.031250 0.056641
0 0.424805 0.118164 0.033203 0.037109
1 0.505859 0.268555 0.210938 0.244141
1 0.867188 0.640625 0.171875 0.179688
1 0.236328 0.466797 0.273438 0.234375
1 0.307617 0.784180 0.201172 0.201172
1 0.804688 0.318359 0.222656 0.210938
1 0.590820 0.767578 0.197266 0.144531
1 0.233398 0.230469 0.189453 0.136719
1 0.834961 0.867188 0.220703 0.140625