0 0.349609 0.523611 0.021094 0.036111
0 0.458203 0.238194 0.017969 0.048611
0 0.942187 0.486806 0.017188 0.048611
0 0.375391 0.939583 0.017969 0.031944
0 0.042578 0.090972 0.021094 0.037500
0 0.504297 0.770833 0.024219 0.038889
0 0.038672 0.169444 0.022656 0.038889
0 0.714453 0.100694 0.021094 0.045833
0 0.344531 0.642361 0.014063 0.037500
0 0.181641 0.741667 0.022656 0.041667
0 0.721875 0.209028 0.014063 0.031944
0 0.401953 0.136111 0.025781 0.050000
0 0.873047 0.954861 0.021094 0.031944
0 0.455469 0.075694 0.020313 0.048611
0 0.633984 0.076389 0.017969 0.025000
0 0.874219 0.088194 0.018750 0.048611
0 0.953516 0.766667 0.014844 0.027778
0 0.910547 0.521528 0.016406 0.040278
0 0.712500 0.255556 0.017188 0.027778
0 0.809766 0.120139 0.027344 0.037500
0 0.935156 0.717361 0.018750 0.040278
0 0.048047 0.863889 0.025781 0.047222
0 0.370312 0.613194 0.026562 0.029167
0 0.957031 0.893056 0.023438 0.038889
0 0.864844 0.215278 0.028125 0.025000
0 0.632422 0.888194 0.024219 0.034722
0 0.141797 0.821528 0.025781 0.037500
0 0.946875 0.224306 0.028125 0.031944
0 0.918750 0.199306 0.014063 0.026389
0 0.653125 0.308333 0.020313 0.047222
0 0.769531 0.717361 0.020313 0.037500
0 0.702344 0.943750 0.015625 0.040278
0 0.421875 0.640972 0.014063 0.029167
0 0.733984 0.898611 0.021094 0.044444
0 0.960938 0.389583 0.017188 0.026389
0 0.045703 0.259028 0.021094 0.026389
0 0.971484 0.334722 0.024219 0.041667
0 0.150781 0.538889 0.020313 0.044444
0 0.862500 0.495139 0.020313 0.040278
0 0.058984 0.034722 0.019531 0.027778
0 0.452344 0.288889 0.015625 0.041667
0 0.078516 0.347222 0.017969 0.047222
0 0.225000 0.750694 0.023438 0.048611
0 0.533984 0.877083 0.017969 0.037500
0 0.748828 0.118056 0.014844 0.044444
0 0.418359 0.058333 0.019531 0.047222
0 0.853906 0.157639 0.023438 0.026389
0 0.296094 0.677778 0.014063 0.038889
0 0.124609 0.911111 0.025781 0.030556
0 0.663672 0.446528 0.021094 0.037500
0 0.978125 0.110417 0.014063 0.037500
0 0.569922 0.506250 0.025781 0.040278
0 0.615234 0.828472 0.017969 0.045833
0 0.069531 0.427778 0.021875 0.030556
0 0.216016 0.920833 0.014844 0.027778
0 0.949219 0.841667 0.017188 0.027778
0 0.258984 0.031944 0.016406 0.025000
0 0.482812 0.853472 0.026562 0.043056
0 0.564453 0.352083 0.022656 0.034722
0 0.113672 0.819444 0.021094 0.036111
0 0.287500 0.859722 0.017188 0.041667
0 0.760156 0.211111 0.026562 0.025000
0 0.710938 0.844444 0.026562 0.050000
0 0.310156 0.958333 0.015625 0.027778
0 0.507031 0.661111 0.023438 0.030556
0 0.681250 0.851389 0.025000 0.027778
0 0.074219 0.478472 0.021875 0.037500
0 0.036719 0.795139 0.026562 0.048611
0 0.151172 0.629167 0.021094 0.033333
0 0.685156 0.787500 0.021875 0.025000
0 0.160938 0.912500 0.021875 0.038889
1 0.338281 0.363194 0.170313 0.243056
1 0.886328 0.361111 0.094531 0.166667
1 0.677344 0.625000 0.129688 0.255556
1 0.368750 0.790278 0.114062 0.233333
1 0.562891 0.200694 0.142969 0.173611
1 0.853906 0.771528 0.132812 0.245833
1 0.158594 0.186111 0.132812 0.250000
1 0.087891 0.638889 0.096094 0.244444
1 0.495703 0.531250 0.100781 0.179167