0 0.076953 0.361806 0.014844 0.040278
0 0.482031 0.885417 0.015625 0.040278
0 0.603125 0.614583 0.023438 0.034722
0 0.141406 0.106250 0.021875 0.026389
0 0.501953 0.328472 0.021094 0.040278
0 0.035156 0.903472 0.020313 0.048611
0 0.775000 0.875694 0.021875 0.026389
0 0.260937 0.454167 0.021875 0.041667
0 0.066797 0.798611 0.024219 0.033333
0 0.503516 0.453472 0.014844 0.034722
0 0.844141 0.097222 0.021094 0.025000
0 0.049219 0.574306 0.020313 0.029167
0 0.212109 0.810417 0.016406 0.031944
0 0.244922 0.577083 0.014844 0.034722
0 0.354297 0.270139 0.019531 0.029167
0 0.347656 0.404861 0.028125 0.031944
0 0.928516 0.500694 0.025781 0.029167
0 0.396094 0.887500 0.015625 0.036111
0 0.694531 0.605556 0.021875 0.047222
0 0.598828 0.433333 0.027344 0.025000
0 0.064844 0.207639 0.017188 0.034722
0 0.407422 0.746528 0.022656 0.040278
0 0.283984 0.915972 0.019531 0.045833
0 0.277344 0.828472 0.023438 0.026389
0 0.055469 0.512500 0.018750 0.027778
0 0.439453 0.803472 0.024219 0.037500
0 0.893750 0.911806 0.018750 0.029167
0 0.103906 0.290278 0.020313 0.047222
0 0.398828 0.333333 0.014844 0.047222
0 0.445312 0.320833 0.021875 0.033333
0 0.110547 0.139583 0.025781 0.031944
0 0.035156 0.779167 0.018750 0.044444
0 0.318359 0.870139 0.021094 0.040278
0 0.527344 0.909722 0.026562 0.044444
0 0.111719 0.782639 0.026562 0.031944
0 0.239844 0.155556 0.018750 0.033333
0 0.027734 0.065278 0.027344 0.025000
0 0.642969 0.080556 0.020313 0.044444
0 0.295312 0.109028 0.014063 0.048611
0 0.676953 0.431944 0.022656 0.030556
0 0.245703 0.079861 0.021094 0.029167
0 0.205859 0.902778 0.017969 0.050000
0 0.973047 0.245833 0.016406 0.030556
0 0.857422 0.833333 0.016406 0.033333
0 0.246484 0.714583 0.017969 0.037500
0 0.070703 0.432639 0.014844 0.029167
0 0.050391 0.156944 0.016406 0.038889
0 0.831641 0.843056 0.027344 0.027778
0 0.371875 0.859028 0.025000 0.040278
0 0.161719 0.804167 0.018750 0.047222
0 0.666016 0.510417 0.016406 0.034722
0 0.026562 0.644444 0.014063 0.047222
0 0.645703 0.417361 0.022656 0.031944
0 0.925000 0.577778 0.017188 0.025000
0 0.717578 0.878472 0.021094 0.048611
0 0.460547 0.729167 0.016406 0.038889
0 0.192578 0.693750 0.014844 0.043056
0 0.255469 0.223611 0.026562 0.036111
0 0.382031 0.819444 0.023438 0.027778
0 0.060937 0.738889 0.026562 0.047222
0 0.126562 0.913194 0.018750 0.043056
0 0.337891 0.331250 0.017969 0.045833
0 0.713672 0.037500 0.021094 0.027778
0 0.086328 0.070833 0.027344 0.033333
0 0.052344 0.365972 0.023438 0.037500
0 0.921094 0.827778 0.020313 0.044444
0 0.970313 0.547222 0.023438 0.047222
0 0.983594 0.809722 0.014063 0.030556
0 0.967187 0.152083 0.025000 0.048611
0 0.532813 0.438194 0.017188 0.029167
0 0.309375 0.809028 0.028125 0.048611
0 0.812109 0.373611 0.027344 0.030556
0 0.501563 0.743056 0.021875 0.033333
0 0.789453 0.042361 0.019531 0.040278
0 0.887891 0.046528 0.016406 0.043056
0 0.666406 0.936111 0.014063 0.044444
0 0.151562 0.040278 0.018750 0.041667
1 0.496875 0.577778 0.140625 0.169444
1 0.805859 0.577083 0.150781 0.304167
1 0.439453 0.177083 0.135156 0.204167
1 0.148047 0.557639 0.094531 0.187500
1 0.815234 0.256944 0.130469 0.175000
1 0.325781 0.628472 0.129688 0.234722
1 0.601562 0.221528 0.148438 0.209722
1 0.183594 0.314583 0.104688 0.229167
1 0.604688 0.782639 0.167187 0.179167