0 0.050781 0.056641 0.050781 0.031250
0 0.180664 0.303711 0.056641 0.041016
0 0.133789 0.875977 0.037109 0.041016
0 0.864258 0.451172 0.052734 0.046875
0 0.905273 0.717773 0.041016 0.052734
0 0.870117 0.078125 0.041016 0.050781
0 0.274414 0.397461 0.048828 0.048828
0 0.052734 0.315430 0.035156 0.044922
0 0.110352 0.051758 0.033203 0.056641
0 0.314453 0.592773 0.050781 0.033203
0 0.750000 0.102539 0.039062 0.044922
0 0.265625 0.342773 0.054688 0.041016
0 0.057617 0.123047 0.033203 0.031250
0 0.930664 0.062500 0.056641 0.042969
0 0.325195 0.948242 0.037109 0.052734
0 0.669922 0.385742 0.035156 0.052734
0 0.056641 0.667969 0.058594 0.039062
0 0.333984 0.530273 0.039062 0.056641
0 0.312500 0.466797 0.050781 0.054688
0 0.515625 0.035156 0.058594 0.035156
0 0.342773 0.379883 0.041016 0.037109
0 0.047852 0.780273 0.037109 0.056641
0 0.797852 0.405273 0.044922 0.037109
0 0.277344 0.038086 0.035156 0.041016
0 0.126953 0.634766 0.039062 0.054688
0 0.313477 0.275391 0.044922 0.046875
0 0.161133 0.801758 0.044922 0.056641
0 0.747070 0.349609 0.041016 0.046875
0 0.207031 0.359375 0.039062 0.031250
0 0.098633 0.298828 0.033203 0.054688
1 0.249023 0.145508 0.189453 0.150391
1 0.512695 0.451172 0.236328 0.238281
1 0.823242 0.869141 0.255859 0.218750
1 0.541992 0.731445 0.228516 0.216797
1 0.279297 0.750977 0.164062 0.259766
1 0.810547 0.225586 0.269531 0.146484
1 0.089844 0.474609 0.136719 0.187500
1 0.531250 0.176758 0.226562 0.216797
1 0.829102 0.576172 0.224609 0.152344