0 0.952344 0.309028 0.025000 0.043056
0 0.398828 0.936806 0.017969 0.048611
0 0.938281 0.637500 0.015625 0.030556
0 0.842187 0.716667 0.025000 0.025000
0 0.353125 0.949306 0.021875 0.026389
0 0.796094 0.222222 0.020313 0.025000
0 0.052344 0.440972 0.015625 0.043056
0 0.654687 0.402083 0.023438 0.026389
0 0.791016 0.941667 0.021094 0.033333
0 0.129297 0.397222 0.021094 0.027778
0 0.480859 0.461111 0.017969 0.033333
0 0.134766 0.863194 0.024219 0.031944
0 0.545312 0.724306 0.015625 0.045833
0 0.598047 0.390278 0.025781 0.047222
0 0.547266 0.836806 0.019531 0.043056
0 0.745313 0.426389 0.026562 0.038889
0 0.107422 0.045833 0.021094 0.036111
0 0.876172 0.335417 0.021094 0.031944
0 0.781641 0.165278 0.025781 0.050000
0 0.937109 0.488889 0.016406 0.041667
0 0.125000 0.922222 0.025000 0.038889
0 0.296094 0.077778 0.028125 0.030556
0 0.964063 0.265972 0.017188 0.026389
0 0.939063 0.944444 0.026562 0.041667
0 0.091016 0.874306 0.021094 0.026389
0 0.165625 0.784028 0.018750 0.029167
0 0.979688 0.586111 0.020313 0.027778
0 0.019922 0.921528 0.014844 0.031944
0 0.891797 0.395139 0.027344 0.037500
0 0.760938 0.381250 0.020313 0.037500
0 0.534375 0.927083 0.021875 0.034722
0 0.751953 0.849306 0.019531 0.045833
0 0.713281 0.933333 0.025000 0.030556
0 0.759766 0.952778 0.025781 0.047222
0 0.131641 0.442361 0.027344 0.040278
0 0.795703 0.077083 0.022656 0.040278
0 0.764844 0.098611 0.023438 0.027778
0 0.089453 0.422222 0.014844 0.025000
0 0.764062 0.606944 0.025000 0.027778
0 0.709375 0.725694 0.025000 0.048611
0 0.906250 0.759028 0.014063 0.031944
0 0.428906 0.064583 0.015625 0.045833
0 0.364844 0.041667 0.015625 0.036111
0 0.948438 0.213889 0.018750 0.038889
0 0.745703 0.494444 0.022656 0.047222
0 0.937500 0.442361 0.017188 0.031944
0 0.182031 0.101389 0.025000 0.041667
0 0.797266 0.647917 0.019531 0.029167
0 0.101562 0.359722 0.021875 0.027778
0 0.249609 0.359722 0.016406 0.025000
0 0.856250 0.850000 0.014063 0.036111
0 0.191406 0.295139 0.014063 0.040278
0 0.026562 0.072222 0.018750 0.033333
0 0.961719 0.901389 0.028125 0.033333
0 0.942578 0.837500 0.019531 0.047222
0 0.958984 0.069444 0.017969 0.027778
0 0.817187 0.290278 0.021875 0.033333
0 0.978906 0.772917 0.018750 0.048611
0 0.495703 0.843750 0.014844 0.040278
0 0.401562 0.804167 0.025000 0.050000
0 0.508984 0.159722 0.014844 0.036111
0 0.964453 0.488889 0.014844 0.027778
0 0.506641 0.959028 0.014844 0.037500
0 0.781641 0.896528 0.021094 0.034722
0 0.892578 0.055556 0.021094 0.033333
0 0.870313 0.914583 0.026562 0.045833
0 0.571484 0.618750 0.027344 0.045833
0 0.817969 0.761806 0.018750 0.034722
0 0.344141 0.800694 0.022656 0.026389
0 0.339453 0.740278 0.025781 0.050000
0 0.455078 0.070139 0.024219 0.048611
0 0.373047 0.079167 0.016406 0.025000
0 0.223047 0.073611 0.025781 0.025000
0 0.931250 0.788889 0.018750 0.033333
0 0.166797 0.916667 0.021094 0.025000
0 0.730469 0.294444 0.028125 0.033333
0 0.769922 0.740278 0.016406 0.033333
1 0.357031 0.242361 0.165625 0.256944
1 0.661328 0.547917 0.133594 0.187500
1 0.242578 0.616667 0.146094 0.283333
1 0.880469 0.204167 0.093750 0.188889
1 0.619922 0.838194 0.116406 0.204167
1 0.094141 0.202778 0.100781 0.250000
1 0.866406 0.547222 0.100000 0.213889
1 0.622656 0.191667 0.129688 0.213889
1 0.447656 0.631944 0.156250 0.261111
1 0.091016 0.648611 0.094531 0.291667