0 0.212891 0.723633 0.031250 0.041016
0 0.957031 0.428711 0.031250 0.052734
0 0.219727 0.935547 0.048828 0.054688
0 0.419922 0.341797 0.058594 0.039062
0 0.309570 0.453125 0.037109 0.042969
0 0.139648 0.249023 0.033203 0.033203
0 0.949219 0.558594 0.031250 0.042969
0 0.212891 0.642578 0.042969 0.031250
0 0.674805 0.835938 0.037109 0.050781
0 0.757812 0.411133 0.031250 0.037109
0 0.724609 0.169922 0.039062 0.058594
0 0.057617 0.808594 0.052734 0.039062
0 0.100586 0.625000 0.052734 0.039062
0 0.235352 0.394531 0.052734 0.054688
0 0.468750 0.429688 0.058594 0.054688
0 0.065430 0.192383 0.041016 0.033203
0 0.215820 0.532227 0.044922 0.052734
0 0.909180 0.847656 0.037109 0.031250
0 0.599609 0.764648 0.054688 0.048828
0 0.070312 0.718750 0.039062 0.042969
0 0.065430 0.249023 0.048828 0.052734
0 0.486328 0.333984 0.054688 0.031250
0 0.083984 0.097656 0.058594 0.035156
0 0.650391 0.927734 0.058594 0.050781
0 0.816406 0.416992 0.031250 0.044922
0 0.713867 0.414062 0.041016 0.035156
0 0.865234 0.074219 0.039062 0.054688
0 0.666016 0.785156 0.046875 0.031250
0 0.080078 0.867188 0.054688 0.035156
0 0.902344 0.804688 0.035156 0.031250
0 0.962891 0.809570 0.031250 0.033203
0 0.656250 0.448242 0.050781 0.052734
0 0.677734 0.724609 0.031250 0.058594
0 0.094727 0.555664 0.048828 0.048828
0 0.666992 0.351562 0.041016 0.035156
0 0.041016 0.146484 0.046875 0.039062
1 0.802734 0.847656 0.140625 0.191406
1 0.562500 0.170898 0.257812 0.205078
1 0.410156 0.593750 0.246094 0.203125
1 0.859375 0.275391 0.171875 0.179688
1 0.116211 0.394531 0.154297 0.160156
1 0.264648 0.142578 0.244141 0.148438
1 0.391602 0.840820 0.244141 0.220703
1 0.786133 0.583008 0.169922 0.255859