0 0.387695 0.762695 0.048828 0.033203
0 0.864258 0.590820 0.048828 0.037109
0 0.327148 0.817383 0.041016 0.041016
0 0.423828 0.490234 0.039062 0.054688
0 0.515625 0.946289 0.058594 0.056641
0 0.589844 0.791992 0.058594 0.041016
0 0.169922 0.952148 0.058594 0.033203
0 0.291016 0.912109 0.058594 0.050781
0 0.362305 0.929688 0.056641 0.046875
0 0.519531 0.849609 0.035156 0.046875
0 0.667969 0.345703 0.054688 0.039062
0 0.397461 0.614258 0.048828 0.033203
0 0.572266 0.663086 0.042969 0.048828
0 0.345703 0.042969 0.031250 0.050781
0 0.436523 0.408203 0.033203 0.054688
0 0.521484 0.268555 0.054688 0.037109
0 0.212891 0.156250 0.042969 0.039062
0 0.653320 0.890625 0.056641 0.046875
0 0.593750 0.220703 0.031250 0.035156
0 0.470703 0.050781 0.054688 0.042969
0 0.220703 0.567383 0.039062 0.033203
0 0.576172 0.855469 0.058594 0.050781
0 0.083008 0.293945 0.048828 0.044922
0 0.071289 0.181641 0.048828 0.054688
0 0.828125 0.930664 0.050781 0.041016
0 0.505859 0.744141 0.054688 0.039062
0 0.058594 0.114258 0.046875 0.048828
0 0.444336 0.306641 0.037109 0.050781
0 0.939453 0.605469 0.054688 0.050781
0 0.237305 0.060547 0.048828 0.031250
0 0.254883 0.288086 0.041016 0.048828
0 0.509766 0.139648 0.031250 0.052734
1 0.387695 0.169922 0.189453 0.144531
1 0.183594 0.724609 0.226562 0.203125
1 0.865234 0.445312 0.160156 0.199219
1 0.152344 0.460938 0.218750 0.160156
1 0.861328 0.776367 0.152344 0.232422
1 0.762695 0.187500 0.255859 0.207031
1 0.626953 0.511719 0.234375 0.238281