0 0.889062 0.915278 0.018750 0.030556
0 0.531250 0.738889 0.018750 0.050000
0 0.503516 0.773611 0.017969 0.047222
0 0.488672 0.287500 0.025781 0.030556
0 0.982812 0.169444 0.014063 0.030556
0 0.364063 0.204861 0.014063 0.037500
0 0.946875 0.093750 0.021875 0.026389
0 0.510547 0.636111 0.016406 0.025000
0 0.916406 0.353472 0.014063 0.048611
0 0.339062 0.877083 0.023438 0.045833
0 0.957031 0.043750 0.026562 0.043056
0 0.735547 0.441667 0.024219 0.050000
0 0.074609 0.318750 0.027344 0.040278
0 0.123828 0.647917 0.014844 0.026389
0 0.898438 0.274306 0.025000 0.043056
0 0.735156 0.095139 0.021875 0.037500
0 0.112500 0.109722 0.028125 0.027778
0 0.835156 0.690972 0.023438 0.040278
0 0.635938 0.555556 0.028125 0.027778
0 0.642578 0.428472 0.022656 0.037500
0 0.942187 0.131250 0.028125 0.034722
0 0.049609 0.377778 0.027344 0.030556
0 0.130859 0.531250 0.019531 0.037500
0 0.533984 0.898611 0.019531 0.044444
0 0.085547 0.668750 0.021094 0.026389
0 0.547656 0.788889 0.014063 0.036111
0 0.970703 0.297222 0.019531 0.038889
0 0.723828 0.565278 0.027344 0.047222
0 0.570312 0.878472 0.020313 0.034722
0 0.075781 0.479167 0.017188 0.047222
0 0.647656 0.956944 0.028125 0.047222
0 0.024219 0.954861 0.028125 0.043056
0 0.141016 0.182639 0.021094 0.037500
0 0.040625 0.737500 0.018750 0.036111
0 0.077734 0.724306 0.025781 0.040278
0 0.976172 0.234722 0.021094 0.050000
0 0.710938 0.323611 0.023438 0.047222
0 0.971875 0.574306 0.028125 0.031944
0 0.171484 0.488889 0.017969 0.030556
0 0.560547 0.412500 0.019531 0.027778
0 0.614844 0.831944 0.018750 0.036111
0 0.605859 0.888194 0.027344 0.034722
0 0.107031 0.600000 0.014063 0.025000
0 0.943750 0.288889 0.014063 0.027778
0 0.752344 0.643750 0.023438 0.031944
0 0.701562 0.176389 0.014063 0.030556
0 0.660156 0.805556 0.025000 0.047222
0 0.956250 0.353472 0.021875 0.031944
0 0.084766 0.175000 0.027344 0.044444
0 0.595313 0.571528 0.025000 0.043056
0 0.126562 0.824306 0.018750 0.029167
0 0.762500 0.597917 0.018750 0.043056
0 0.590625 0.348611 0.021875 0.036111
0 0.892578 0.093056 0.016406 0.044444
0 0.417578 0.154861 0.014844 0.048611
0 0.165234 0.184722 0.016406 0.047222
0 0.331641 0.761111 0.021094 0.025000
0 0.919141 0.515278 0.021094 0.038889
0 0.619531 0.374306 0.025000 0.029167
0 0.037500 0.797222 0.026562 0.044444
0 0.285938 0.047222 0.021875 0.033333
0 0.601172 0.091667 0.025781 0.038889
0 0.913281 0.179861 0.021875 0.040278
0 0.035156 0.084722 0.028125 0.041667
0 0.130859 0.468056 0.014844 0.047222
0 0.682813 0.390278 0.017188 0.033333
0 0.107031 0.479861 0.017188 0.026389
0 0.824219 0.790278 0.020313 0.050000
0 0.360156 0.090278 0.015625 0.038889
0 0.104688 0.546528 0.018750 0.043056
0 0.146875 0.607639 0.023438 0.040278
0 0.089453 0.414583 0.016406 0.048611
0 0.966016 0.626389 0.016406 0.041667
0 0.673828 0.902778 0.016406 0.041667
0 0.091016 0.047917 0.022656 0.045833
0 0.393750 0.055556 0.020313 0.050000
0 0.500391 0.889583 0.019531 0.026389
0 0.856250 0.960417 0.017188 0.031944
0 0.516406 0.495139 0.017188 0.043056
0 0.851562 0.064583 0.023438 0.040278
0 0.073828 0.228472 0.027344 0.037500
0 0.438281 0.225000 0.020313 0.041667
0 0.732812 0.498611 0.018750 0.027778
0 0.334375 0.810417 0.020313 0.040278
0 0.710547 0.966667 0.024219 0.030556
0 0.072656 0.563889 0.015625 0.025000
0 0.228516 0.065278 0.016406 0.047222
0 0.361328 0.702083 0.014844 0.040278
0 0.807422 0.648611 0.021094 0.041667
0 0.445703 0.074306 0.022656 0.034722
0 0.387891 0.187500 0.022656 0.050000
0 0.121875 0.233333 0.026562 0.030556
0 0.025000 0.223611 0.026562 0.041667
0 0.422656 0.714583 0.028125 0.029167
0 0.510156 0.232639 0.014063 0.029167
0 0.947656 0.925000 0.025000 0.033333
0 0.024609 0.618056 0.017969 0.036111
0 0.504687 0.147222 0.023438 0.038889
0 0.378516 0.283333 0.024219 0.025000
0 0.564844 0.561806 0.023438 0.037500
1 0.227734 0.849306 0.166406 0.187500
1 0.739453 0.811111 0.094531 0.238889
1 0.836719 0.502778 0.118750 0.211111
1 0.428516 0.477778 0.108594 0.305556
1 0.242188 0.550000 0.112500 0.250000
1 0.610547 0.684722 0.096094 0.166667
1 0.602734 0.219444 0.158594 0.188889
1 0.816406 0.254861 0.123438 0.229167
1 0.267188 0.253472 0.154688 0.223611
1 0.416406 0.850694 0.121875 0.206944