0 0.829102 0.451172 0.037109 0.046875
0 0.589844 0.894531 0.046875 0.050781
0 0.416992 0.315430 0.037109 0.052734
0 0.323242 0.955078 0.056641 0.050781
0 0.482422 0.269531 0.050781 0.031250
0 0.873047 0.669922 0.050781 0.054688
0 0.577148 0.497070 0.037109 0.056641
0 0.587891 0.235352 0.031250 0.044922
0 0.173828 0.079102 0.035156 0.048828
0 0.333008 0.257812 0.037109 0.042969
0 0.877930 0.875977 0.037109 0.041016
0 0.070312 0.224609 0.035156 0.054688
0 0.183594 0.688477 0.035156 0.048828
0 0.798828 0.641602 0.050781 0.048828
0 0.945312 0.591797 0.054688 0.035156
0 0.667969 0.481445 0.054688 0.048828
0 0.571289 0.707031 0.052734 0.042969
0 0.608398 0.397461 0.033203 0.041016
0 0.332031 0.514648 0.035156 0.052734
0 0.034180 0.630859 0.033203 0.039062
0 0.334961 0.375977 0.056641 0.044922
0 0.458008 0.875000 0.056641 0.050781
0 0.666016 0.041016 0.050781 0.050781
0 0.536133 0.175781 0.056641 0.050781
0 0.947266 0.710938 0.031250 0.042969
0 0.694336 0.394531 0.041016 0.050781
0 0.244141 0.322266 0.054688 0.042969
0 0.315430 0.441406 0.037109 0.039062
0 0.927734 0.203125 0.031250 0.050781
0 0.073242 0.465820 0.033203 0.056641
0 0.663086 0.727539 0.052734 0.048828
0 0.126953 0.179688 0.039062 0.050781
0 0.562500 0.948242 0.039062 0.033203
0 0.801758 0.560547 0.044922 0.039062
0 0.730469 0.587891 0.058594 0.046875
0 0.940430 0.933594 0.041016 0.058594
0 0.244141 0.655273 0.039062 0.048828
0 0.861328 0.551758 0.042969 0.033203
0 0.671875 0.636719 0.042969 0.054688
0 0.332031 0.634766 0.046875 0.039062
0 0.061523 0.344727 0.048828 0.056641
0 0.596680 0.660156 0.048828 0.035156
0 0.563477 0.800781 0.048828 0.035156
0 0.581055 0.572266 0.037109 0.050781
0 0.504883 0.092773 0.037109 0.044922
0 0.942383 0.531250 0.048828 0.031250
0 0.394531 0.941406 0.054688 0.046875
0 0.745117 0.710938 0.037109 0.046875
0 0.773438 0.404297 0.046875 0.031250
0 0.291016 0.572266 0.046875 0.042969
1 0.402344 0.760742 0.253906 0.138672
1 0.456055 0.501953 0.154297 0.179688
1 0.136719 0.892578 0.148438 0.156250
1 0.748047 0.859375 0.152344 0.199219
1 0.888672 0.329102 0.167969 0.150391
1 0.728516 0.149414 0.207031 0.150391
1 0.322266 0.106445 0.203125 0.158203
1 0.178711 0.518555 0.154297 0.205078