0 0.919922 0.292969 0.054688 0.035156
0 0.686523 0.689453 0.033203 0.050781
0 0.246094 0.229492 0.035156 0.033203
0 0.684570 0.451172 0.056641 0.050781
0 0.217773 0.800781 0.044922 0.054688
0 0.858398 0.073242 0.033203 0.048828
0 0.857422 0.941406 0.058594 0.054688
0 0.066406 0.793945 0.058594 0.056641
0 0.064453 0.155273 0.035156 0.037109
0 0.752930 0.124023 0.041016 0.041016
0 0.920898 0.244141 0.044922 0.042969
0 0.506836 0.383789 0.033203 0.033203
0 0.763672 0.519531 0.031250 0.042969
0 0.875977 0.651367 0.056641 0.056641
0 0.682617 0.093750 0.037109 0.046875
0 0.669922 0.617188 0.058594 0.046875
0 0.516602 0.331055 0.048828 0.041016
0 0.787109 0.669922 0.042969 0.042969
0 0.362305 0.082031 0.048828 0.035156
0 0.276367 0.175781 0.044922 0.054688
0 0.051758 0.410156 0.037109 0.050781
0 0.855469 0.766602 0.058594 0.037109
0 0.567383 0.667969 0.041016 0.035156
0 0.765625 0.034180 0.042969 0.037109
0 0.145508 0.112305 0.056641 0.044922
0 0.578125 0.509766 0.031250 0.058594
0 0.882812 0.568359 0.050781 0.042969
0 0.963867 0.598633 0.033203 0.052734
0 0.043945 0.213867 0.044922 0.044922
0 0.932617 0.476562 0.044922 0.035156
0 0.672852 0.201172 0.033203 0.046875
0 0.835938 0.873047 0.042969 0.058594
0 0.521484 0.908203 0.035156 0.050781
0 0.576172 0.589844 0.050781 0.046875
1 0.134766 0.666992 0.191406 0.154297
1 0.192383 0.421875 0.193359 0.261719
1 0.493164 0.177734 0.193359 0.226562
1 0.370117 0.803711 0.181641 0.271484
1 0.437500 0.551758 0.136719 0.177734
1 0.648438 0.864258 0.199219 0.166016
1 0.751953 0.335938 0.257812 0.140625