0 0.404687 0.533333 0.021875 0.027778
0 0.306250 0.775000 0.020313 0.050000
0 0.886719 0.096528 0.017188 0.034722
0 0.640625 0.194444 0.015625 0.036111
0 0.087109 0.121528 0.021094 0.031944
0 0.798438 0.458333 0.021875 0.036111
0 0.892969 0.902083 0.025000 0.034722
0 0.820703 0.911806 0.016406 0.040278
0 0.316016 0.505556 0.025781 0.030556
0 0.065234 0.351389 0.027344 0.044444
0 0.977344 0.301389 0.015625 0.038889
0 0.068750 0.211806 0.014063 0.048611
0 0.929297 0.063889 0.027344 0.027778
0 0.238281 0.834028 0.021875 0.045833
0 0.825000 0.380556 0.015625 0.030556
0 0.910547 0.640278 0.014844 0.036111
0 0.765234 0.906944 0.016406 0.047222
0 0.263281 0.903472 0.028125 0.037500
0 0.889453 0.429861 0.016406 0.034722
0 0.853516 0.631250 0.017969 0.045833
0 0.946875 0.631250 0.015625 0.048611
0 0.443359 0.040278 0.017969 0.044444
0 0.898047 0.522222 0.027344 0.033333
0 0.870313 0.052778 0.015625 0.025000
0 0.590625 0.765278 0.014063 0.038889
0 0.264844 0.594444 0.018750 0.033333
0 0.516016 0.138194 0.014844 0.048611
0 0.383594 0.456944 0.015625 0.050000
0 0.192969 0.794444 0.021875 0.050000
0 0.414062 0.851389 0.014063 0.025000
0 0.630859 0.761111 0.014844 0.025000
0 0.268359 0.831250 0.021094 0.029167
0 0.129688 0.806250 0.017188 0.045833
0 0.948828 0.494444 0.027344 0.030556
0 0.675781 0.885417 0.014063 0.037500
0 0.576172 0.051389 0.022656 0.050000
0 0.044531 0.434722 0.028125 0.041667
0 0.930859 0.542361 0.014844 0.026389
0 0.279687 0.543056 0.021875 0.036111
0 0.627344 0.700694 0.018750 0.045833
0 0.727734 0.656944 0.022656 0.030556
0 0.023828 0.056944 0.016406 0.038889
0 0.080859 0.465278 0.016406 0.038889
0 0.594531 0.107639 0.018750 0.031944
0 0.656250 0.763889 0.021875 0.033333
0 0.482422 0.903472 0.021094 0.043056
0 0.367969 0.326389 0.017188 0.041667
0 0.389844 0.372917 0.015625 0.026389
0 0.344531 0.893056 0.017188 0.027778
0 0.352344 0.491667 0.028125 0.047222
0 0.723828 0.591667 0.016406 0.027778
0 0.562109 0.724306 0.016406 0.040278
0 0.619922 0.129861 0.022656 0.037500
0 0.282031 0.716667 0.014063 0.038889
0 0.079687 0.302083 0.014063 0.029167
0 0.033203 0.538194 0.017969 0.048611
0 0.207031 0.879861 0.020313 0.048611
0 0.735156 0.892361 0.023438 0.034722
0 0.519922 0.957639 0.025781 0.048611
0 0.667578 0.138194 0.017969 0.043056
0 0.771484 0.281944 0.014844 0.041667
0 0.368750 0.576389 0.015625 0.038889
0 0.757031 0.965278 0.018750 0.027778
0 0.695312 0.820139 0.021875 0.034722
0 0.409766 0.909028 0.025781 0.045833
0 0.417578 0.118750 0.024219 0.043056
0 0.633984 0.955556 0.016406 0.047222
0 0.098828 0.786111 0.014844 0.044444
0 0.116016 0.364583 0.024219 0.045833
0 0.339844 0.116667 0.020313 0.050000
0 0.552734 0.813889 0.025781 0.027778
0 0.225391 0.064583 0.022656 0.026389
0 0.817969 0.263889 0.023438 0.041667
0 0.152344 0.036111 0.025000 0.027778
0 0.624609 0.884722 0.019531 0.025000
0 0.962500 0.449306 0.020313 0.026389
0 0.527734 0.890278 0.027344 0.050000
0 0.050391 0.727778 0.022656 0.047222
0 0.475781 0.855556 0.025000 0.041667
0 0.924609 0.736806 0.017969 0.031944
0 0.273828 0.787500 0.022656 0.038889
0 0.143750 0.086111 0.014063 0.025000
0 0.965625 0.070139 0.020313 0.048611
0 0.176953 0.161806 0.024219 0.045833
0 0.682031 0.775694 0.021875 0.031944
1 0.905078 0.274306 0.097656 0.240278
1 0.676562 0.320833 0.142187 0.194444
1 0.478125 0.335417 0.142187 0.265278
1 0.448437 0.711806 0.150000 0.198611
1 0.175781 0.595833 0.148438 0.272222
1 0.805469 0.780556 0.170313 0.169444
1 0.288281 0.259028 0.132812 0.215278