0 0.455078 0.451172 0.035156 0.035156
0 0.833008 0.045898 0.033203 0.033203
0 0.437500 0.767578 0.042969 0.031250
0 0.639648 0.423828 0.056641 0.039062
0 0.313477 0.211914 0.044922 0.056641
0 0.265625 0.064453 0.035156 0.035156
0 0.624023 0.044922 0.033203 0.035156
0 0.435547 0.574219 0.039062 0.042969
0 0.238281 0.322266 0.050781 0.042969
0 0.324219 0.746094 0.046875 0.031250
0 0.471680 0.958984 0.044922 0.050781
0 0.766602 0.572266 0.033203 0.031250
0 0.933594 0.886719 0.050781 0.039062
0 0.083008 0.541016 0.056641 0.058594
0 0.333984 0.407227 0.054688 0.033203
0 0.736328 0.502930 0.058594 0.056641
0 0.317383 0.105469 0.037109 0.031250
0 0.899414 0.489258 0.044922 0.037109
0 0.234375 0.941406 0.058594 0.058594
0 0.516602 0.470703 0.037109 0.031250
0 0.309570 0.347656 0.033203 0.046875
0 0.797852 0.379883 0.041016 0.037109
0 0.511719 0.528320 0.054688 0.056641
0 0.950195 0.356445 0.041016 0.041016
0 0.038086 0.879883 0.041016 0.037109
0 0.528320 0.944336 0.033203 0.056641
0 0.567383 0.282227 0.044922 0.052734
0 0.909180 0.685547 0.037109 0.058594
0 0.402344 0.693359 0.050781 0.058594
0 0.708008 0.112305 0.052734 0.033203
0 0.919922 0.804688 0.058594 0.054688
1 0.188477 0.776367 0.146484 0.232422
1 0.127930 0.198242 0.146484 0.212891
1 0.454102 0.128906 0.166016 0.160156
1 0.543945 0.747070 0.138672 0.220703
1 0.216797 0.492188 0.160156 0.199219
1 0.755859 0.267578 0.230469 0.148438
1 0.754883 0.797852 0.236328 0.212891