0 0.832031 0.867361 0.021875 0.029167
0 0.936328 0.685417 0.017969 0.034722
0 0.029687 0.881250 0.025000 0.043056
0 0.175781 0.867361 0.014063 0.037500
0 0.151953 0.951389 0.017969 0.044444
0 0.035937 0.794444 0.028125 0.047222
0 0.741406 0.848611 0.015625 0.044444
0 0.885938 0.144444 0.026562 0.041667
0 0.446094 0.700694 0.015625 0.031944
0 0.448437 0.043750 0.018750 0.037500
0 0.019141 0.551389 0.017969 0.050000
0 0.887109 0.534722 0.016406 0.030556
0 0.639453 0.475000 0.027344 0.050000
0 0.492188 0.886111 0.026562 0.027778
0 0.661328 0.856944 0.022656 0.041667
0 0.380078 0.911806 0.016406 0.040278
0 0.775000 0.277083 0.023438 0.026389
0 0.782813 0.196528 0.021875 0.026389
0 0.360938 0.059722 0.018750 0.044444
0 0.497266 0.396528 0.019531 0.043056
0 0.199219 0.037500 0.014063 0.027778
0 0.705859 0.340972 0.017969 0.040278
0 0.158203 0.294444 0.022656 0.047222
0 0.021484 0.937500 0.021094 0.038889
0 0.850781 0.057639 0.017188 0.034722
0 0.019922 0.056250 0.021094 0.043056
0 0.630859 0.960417 0.014844 0.026389
0 0.505859 0.836111 0.016406 0.050000
0 0.418750 0.631250 0.025000 0.031944
0 0.383594 0.768056 0.021875 0.038889
0 0.128516 0.743750 0.016406 0.043056
0 0.106641 0.793750 0.025781 0.040278
0 0.425000 0.911111 0.021875 0.033333
0 0.530078 0.959028 0.014844 0.043056
0 0.423438 0.688194 0.018750 0.048611
0 0.495703 0.692361 0.017969 0.040278
0 0.951562 0.066667 0.021875 0.047222
0 0.477344 0.601389 0.020313 0.025000
0 0.330859 0.084722 0.016406 0.030556
0 0.787500 0.106250 0.028125 0.045833
0 0.575391 0.847222 0.021094 0.044444
0 0.572656 0.686806 0.014063 0.034722
0 0.300781 0.957639 0.028125 0.037500
0 0.078125 0.079167 0.023438 0.038889
0 0.578516 0.430556 0.027344 0.038889
0 0.412500 0.249306 0.020313 0.026389
0 0.416406 0.174306 0.028125 0.043056
0 0.411328 0.551389 0.017969 0.027778
0 0.673828 0.809722 0.019531 0.033333
0 0.687500 0.951389 0.017188 0.036111
0 0.069531 0.754167 0.023438 0.036111
0 0.169141 0.179861 0.021094 0.026389
0 0.894531 0.959722 0.014063 0.044444
0 0.291797 0.245833 0.021094 0.036111
0 0.494141 0.505556 0.016406 0.038889
0 0.238281 0.310417 0.015625 0.048611
0 0.464844 0.662500 0.025000 0.033333
0 0.400000 0.860417 0.014063 0.043056
0 0.073828 0.893056 0.025781 0.027778
0 0.808984 0.968056 0.016406 0.030556
0 0.448047 0.237500 0.017969 0.033333
0 0.350781 0.216667 0.018750 0.030556
0 0.075781 0.678472 0.023438 0.026389
0 0.382812 0.582639 0.020313 0.037500
0 0.049609 0.149306 0.017969 0.037500
0 0.239453 0.184028 0.027344 0.029167
0 0.276953 0.345139 0.027344 0.037500
0 0.116797 0.956944 0.019531 0.025000
0 0.965234 0.807639 0.016406 0.045833
0 0.517969 0.537500 0.025000 0.030556
0 0.446875 0.811111 0.020313 0.033333
0 0.553125 0.609722 0.023438 0.050000
0 0.229687 0.059028 0.025000 0.034722
0 0.807813 0.348611 0.023438 0.030556
0 0.965234 0.581250 0.025781 0.045833
0 0.673047 0.480556 0.027344 0.044444
0 0.076953 0.819444 0.025781 0.038889
0 0.170703 0.243056 0.025781 0.041667
0 0.372266 0.153472 0.025781 0.037500
0 0.757031 0.325000 0.018750 0.027778
0 0.264453 0.040972 0.025781 0.043056
0 0.372266 0.711806 0.022656 0.043056
0 0.620313 0.792361 0.023438 0.048611
0 0.926953 0.756250 0.021094 0.043056
0 0.732422 0.772222 0.022656 0.025000
0 0.322266 0.192361 0.021094 0.031944
0 0.750000 0.212500 0.025000 0.036111
0 0.819531 0.538889 0.018750 0.050000
0 0.492969 0.267361 0.018750 0.048611
1 0.856250 0.688194 0.106250 0.173611
1 0.379688 0.410417 0.145313 0.237500
1 0.692578 0.633333 0.153906 0.200000
1 0.266016 0.833333 0.110156 0.166667
1 0.905469 0.335417 0.134375 0.304167
1 0.212109 0.468750 0.100781 0.187500
1 0.583594 0.207639 0.137500 0.265278
1 0.091406 0.488889 0.112500 0.272222