0 0.325781 0.927778 0.023438 0.041667
0 0.633984 0.176389 0.022656 0.038889
0 0.085938 0.329861 0.025000 0.031944
0 0.357812 0.110417 0.021875 0.045833
0 0.546094 0.174306 0.017188 0.034722
0 0.550000 0.111111 0.017188 0.041667
0 0.494141 0.775694 0.017969 0.026389
0 0.560547 0.259028 0.017969 0.040278
0 0.396875 0.665278 0.015625 0.030556
0 0.238672 0.759028 0.017969 0.040278
0 0.877344 0.069444 0.014063 0.025000
0 0.736328 0.047917 0.022656 0.048611
0 0.975000 0.117361 0.017188 0.037500
0 0.532031 0.228472 0.017188 0.037500
0 0.810156 0.048611 0.020313 0.030556
0 0.231250 0.601389 0.018750 0.044444
0 0.943359 0.392361 0.022656 0.026389
0 0.078125 0.420139 0.018750 0.037500
0 0.034375 0.735417 0.025000 0.026389
0 0.034375 0.347917 0.017188 0.034722
0 0.342187 0.760417 0.026562 0.037500
0 0.094141 0.247222 0.019531 0.030556
0 0.939453 0.134722 0.024219 0.036111
0 0.254688 0.848611 0.025000 0.044444
0 0.916406 0.475000 0.028125 0.044444
0 0.314844 0.860417 0.026562 0.048611
0 0.018750 0.143056 0.014063 0.027778
0 0.210156 0.058333 0.023438 0.047222
0 0.972266 0.570833 0.027344 0.033333
0 0.791016 0.594444 0.016406 0.050000
0 0.303516 0.762500 0.025781 0.038889
0 0.879297 0.547917 0.016406 0.043056
0 0.829297 0.486806 0.019531 0.040278
0 0.824609 0.573611 0.022656 0.038889
0 0.175781 0.480556 0.021875 0.041667
0 0.174219 0.577778 0.020313 0.044444
0 0.105859 0.485417 0.027344 0.045833
0 0.910547 0.243056 0.022656 0.038889
0 0.741797 0.738889 0.016406 0.027778
0 0.515625 0.064583 0.025000 0.048611
0 0.183203 0.034028 0.014844 0.031944
0 0.075391 0.618056 0.014844 0.050000
0 0.663672 0.433333 0.027344 0.050000
0 0.125391 0.087500 0.022656 0.036111
0 0.165234 0.073611 0.019531 0.033333
0 0.030469 0.636111 0.015625 0.033333
0 0.583984 0.185417 0.024219 0.037500
0 0.905078 0.534722 0.022656 0.038889
0 0.768750 0.900000 0.028125 0.027778
0 0.480469 0.120139 0.026562 0.043056
0 0.037891 0.219444 0.019531 0.044444
0 0.096875 0.579861 0.021875 0.029167
0 0.353906 0.689583 0.026562 0.034722
0 0.817969 0.315278 0.023438 0.047222
0 0.029687 0.067361 0.014063 0.048611
0 0.944531 0.293750 0.017188 0.031944
0 0.656250 0.107639 0.021875 0.034722
0 0.897266 0.602083 0.025781 0.043056
0 0.222266 0.885417 0.016406 0.037500
0 0.288672 0.134028 0.017969 0.037500
0 0.871094 0.199306 0.021875 0.040278
0 0.526563 0.795139 0.017188 0.040278
0 0.577734 0.100694 0.019531 0.034722
0 0.318750 0.068056 0.028125 0.038889
0 0.907031 0.412500 0.015625 0.038889
0 0.977734 0.247917 0.024219 0.045833
0 0.406250 0.879861 0.018750 0.040278
0 0.297656 0.656250 0.017188 0.048611
0 0.376953 0.061111 0.016406 0.041667
0 0.244141 0.912500 0.017969 0.044444
0 0.923438 0.804861 0.020313 0.034722
0 0.206250 0.630556 0.018750 0.036111
0 0.474219 0.242361 0.015625 0.043056
0 0.406250 0.111111 0.015625 0.033333
0 0.041797 0.690972 0.019531 0.031944
0 0.869922 0.129167 0.017969 0.050000
0 0.440234 0.770833 0.019531 0.030556
0 0.973437 0.465972 0.014063 0.040278
0 0.938281 0.626389 0.017188 0.041667
0 0.637891 0.383333 0.014844 0.033333
0 0.877344 0.290278 0.023438 0.050000
0 0.600391 0.413194 0.022656 0.048611
0 0.137500 0.517361 0.025000 0.034722
0 0.133203 0.397917 0.017969 0.026389
0 0.249609 0.133333 0.017969 0.050000
0 0.025391 0.587500 0.016406 0.050000
0 0.600391 0.345833 0.022656 0.050000
0 0.023438 0.398611 0.018750 0.027778
0 0.976562 0.890278 0.023438 0.041667
0 0.630469 0.336806 0.026562 0.040278
0 0.482812 0.715972 0.025000 0.037500
1 0.287109 0.462500 0.144531 0.166667
1 0.504297 0.533333 0.141406 0.300000
1 0.794922 0.176389 0.094531 0.175000
1 0.653125 0.852083 0.165625 0.181944
1 0.846094 0.772222 0.112500 0.280556
1 0.198047 0.265972 0.161719 0.176389
1 0.679688 0.575694 0.156250 0.215278
1 0.380078 0.239583 0.141406 0.187500