0 0.482812 0.469444 0.018750 0.030556
0 0.025000 0.059028 0.014063 0.029167
0 0.586328 0.929861 0.019531 0.031944
0 0.712109 0.417361 0.025781 0.040278
0 0.650781 0.524306 0.023438 0.048611
0 0.861328 0.112500 0.022656 0.041667
0 0.582422 0.450000 0.027344 0.030556
0 0.406250 0.059028 0.020313 0.034722
0 0.054297 0.229167 0.017969 0.044444
0 0.773438 0.304167 0.026562 0.025000
0 0.025391 0.277083 0.016406 0.045833
0 0.186328 0.898611 0.022656 0.033333
0 0.294922 0.081944 0.024219 0.050000
0 0.061719 0.459028 0.014063 0.045833
0 0.966406 0.225694 0.023438 0.040278
0 0.128125 0.884028 0.020313 0.029167
0 0.449219 0.270833 0.017188 0.047222
0 0.431250 0.883333 0.025000 0.033333
0 0.386719 0.507639 0.020313 0.026389
0 0.960156 0.048611 0.023438 0.030556
0 0.351953 0.904861 0.021094 0.026389
0 0.474219 0.955556 0.017188 0.041667
0 0.912500 0.847222 0.018750 0.050000
0 0.943359 0.148611 0.019531 0.047222
0 0.874609 0.964583 0.024219 0.026389
0 0.168750 0.839583 0.028125 0.043056
0 0.175781 0.453472 0.015625 0.031944
0 0.941406 0.856944 0.014063 0.047222
0 0.041016 0.571528 0.017969 0.043056
0 0.935156 0.961111 0.023438 0.036111
0 0.497266 0.775694 0.025781 0.034722
0 0.630078 0.445833 0.019531 0.033333
0 0.543750 0.504167 0.026562 0.025000
0 0.892188 0.081944 0.018750 0.025000
0 0.252734 0.927083 0.024219 0.034722
0 0.606641 0.409722 0.017969 0.033333
0 0.750391 0.928472 0.014844 0.040278
0 0.947266 0.350694 0.024219 0.045833
0 0.884375 0.872917 0.023438 0.045833
0 0.269922 0.464583 0.016406 0.037500
0 0.501563 0.546528 0.014063 0.043056
0 0.822656 0.134722 0.021875 0.030556
0 0.480078 0.878472 0.025781 0.040278
0 0.302734 0.141667 0.022656 0.041667
0 0.975781 0.099306 0.015625 0.037500
0 0.770312 0.250694 0.014063 0.034722
0 0.404297 0.118056 0.027344 0.050000
0 0.529297 0.918750 0.021094 0.043056
0 0.051562 0.886806 0.014063 0.031944
0 0.100000 0.908333 0.017188 0.030556
0 0.030859 0.793056 0.016406 0.050000
0 0.800391 0.140278 0.016406 0.050000
0 0.187500 0.406944 0.026562 0.030556
0 0.223438 0.687500 0.023438 0.041667
0 0.434375 0.400000 0.017188 0.033333
0 0.053125 0.347222 0.014063 0.036111
0 0.293750 0.925000 0.028125 0.027778
0 0.078906 0.201389 0.023438 0.030556
0 0.415625 0.527778 0.023438 0.025000
0 0.239844 0.528472 0.017188 0.029167
0 0.030469 0.957639 0.026562 0.029167
0 0.067187 0.398611 0.017188 0.038889
0 0.469922 0.337500 0.022656 0.047222
0 0.982422 0.879167 0.016406 0.044444
0 0.454297 0.115972 0.022656 0.048611
0 0.097656 0.048611 0.014063 0.033333
0 0.431250 0.329167 0.017188 0.047222
0 0.547656 0.692361 0.017188 0.034722
0 0.785156 0.888194 0.023438 0.048611
0 0.566016 0.585417 0.024219 0.031944
0 0.672266 0.938889 0.027344 0.044444
0 0.139063 0.402778 0.017188 0.030556
0 0.978125 0.615972 0.017188 0.045833
0 0.062109 0.162500 0.021094 0.036111
0 0.581641 0.041667 0.021094 0.038889
0 0.513281 0.669444 0.021875 0.030556
0 0.471875 0.829861 0.023438 0.043056
0 0.030469 0.362500 0.020313 0.050000
0 0.300391 0.547222 0.022656 0.050000
0 0.059766 0.123611 0.016406 0.025000
0 0.228516 0.622222 0.022656 0.038889
0 0.444141 0.203472 0.016406 0.029167
0 0.035547 0.656944 0.019531 0.041667
0 0.538672 0.562500 0.017969 0.030556
0 0.251563 0.458333 0.014063 0.027778
0 0.394531 0.890972 0.025000 0.037500
0 0.025000 0.430556 0.023438 0.027778
0 0.198828 0.849306 0.019531 0.045833
0 0.771875 0.200694 0.025000 0.034722
0 0.787891 0.036806 0.027344 0.029167
0 0.503906 0.040278 0.014063 0.027778
0 0.628516 0.405556 0.014844 0.027778
0 0.075781 0.923611 0.020313 0.044444
0 0.087109 0.163889 0.021094 0.025000
0 0.519922 0.416667 0.016406 0.036111
0 0.736328 0.047917 0.024219 0.026389
0 0.026562 0.510417 0.028125 0.045833
0 0.645703 0.598611 0.019531 0.038889
0 0.525000 0.965278 0.014063 0.030556
0 0.695312 0.048611 0.026562 0.033333
0 0.440625 0.698611 0.014063 0.025000
0 0.216406 0.460417 0.028125 0.045833
0 0.353906 0.052083 0.026562 0.043056
0 0.448828 0.459722 0.016406 0.030556
0 0.866406 0.188194 0.015625 0.031944
0 0.078125 0.281250 0.015625 0.029167
0 0.466406 0.516667 0.015625 0.041667
0 0.921875 0.895139 0.018750 0.031944
0 0.552734 0.832639 0.027344 0.031944
1 0.701953 0.234028 0.103906 0.295833
1 0.333594 0.292361 0.162500 0.231944
1 0.330078 0.730556 0.142969 0.263889
1 0.647266 0.757639 0.152344 0.259722
1 0.132031 0.655556 0.139063 0.305556
1 0.176172 0.231250 0.124219 0.295833
1 0.891797 0.652083 0.130469 0.284722
1 0.861719 0.329861 0.129688 0.234722
1 0.560547 0.217361 0.135156 0.293056