0 0.352539 0.609375 0.033203 0.046875
0 0.612305 0.919922 0.052734 0.054688
0 0.763672 0.044922 0.046875 0.031250
0 0.803711 0.415039 0.037109 0.044922
0 0.167969 0.968750 0.050781 0.031250
0 0.352539 0.264648 0.037109 0.037109
0 0.665039 0.214844 0.048828 0.035156
0 0.534180 0.913086 0.037109 0.048828
0 0.442383 0.925781 0.037109 0.054688
0 0.352539 0.777344 0.048828 0.046875
0 0.788086 0.507812 0.033203 0.042969
0 0.082031 0.189453 0.058594 0.039062
0 0.413086 0.846680 0.033203 0.056641
0 0.107422 0.117188 0.039062 0.035156
0 0.849609 0.390625 0.039062 0.039062
0 0.370117 0.962891 0.033203 0.035156
0 0.441406 0.690430 0.058594 0.056641
0 0.245117 0.510742 0.033203 0.037109
0 0.088867 0.380859 0.041016 0.042969
0 0.061523 0.958008 0.052734 0.033203
0 0.936523 0.572266 0.037109 0.046875
0 0.160156 0.486328 0.035156 0.050781
0 0.045898 0.071289 0.056641 0.044922
0 0.283203 0.895508 0.054688 0.048828
0 0.244141 0.079102 0.031250 0.048828
0 0.847656 0.457031 0.035156 0.031250
0 0.084961 0.437500 0.052734 0.039062
0 0.168945 0.132812 0.037109 0.054688
0 0.595703 0.274414 0.050781 0.033203
0 0.893555 0.658203 0.048828 0.031250
0 0.162109 0.608398 0.058594 0.052734
0 0.349609 0.860352 0.050781 0.052734
0 0.633789 0.124023 0.044922 0.056641
0 0.489258 0.342773 0.033203 0.048828
0 0.372070 0.341797 0.037109 0.035156
0 0.052734 0.916016 0.035156 0.031250
0 0.917969 0.510742 0.054688 0.044922
0 0.616211 0.053711 0.056641 0.048828
0 0.855469 0.038086 0.042969 0.037109
0 0.066406 0.295898 0.031250 0.041016
0 0.291016 0.606445 0.035156 0.033203
0 0.335938 0.684570 0.050781 0.037109
0 0.966797 0.747070 0.035156 0.056641
0 0.691406 0.039062 0.039062 0.042969
0 0.141602 0.890625 0.052734 0.031250
0 0.864258 0.615234 0.037109 0.031250
0 0.658203 0.274414 0.058594 0.048828
0 0.089844 0.525391 0.054688 0.054688
0 0.912109 0.410156 0.050781 0.035156
1 0.849609 0.237305 0.250000 0.224609
1 0.468750 0.150391 0.148438 0.257812
1 0.623047 0.528320 0.261719 0.240234
1 0.221680 0.314453 0.162109 0.269531
1 0.532227 0.808594 0.189453 0.144531
1 0.807617 0.831055 0.267578 0.271484
1 0.172852 0.752930 0.224609 0.189453
1 0.394531 0.492188 0.136719 0.167969