0 0.716797 0.356445 0.035156 0.048828
0 0.105469 0.253906 0.039062 0.046875
0 0.361328 0.704102 0.058594 0.048828
0 0.578125 0.471680 0.035156 0.056641
0 0.268555 0.760742 0.044922 0.052734
0 0.877930 0.620117 0.041016 0.056641
0 0.576172 0.595703 0.031250 0.031250
0 0.830078 0.092773 0.050781 0.052734
0 0.144531 0.767578 0.058594 0.050781
0 0.382812 0.837891 0.050781 0.050781
0 0.047852 0.294922 0.056641 0.042969
0 0.829102 0.267578 0.033203 0.058594
0 0.631836 0.073242 0.033203 0.056641
0 0.919922 0.410156 0.042969 0.042969
0 0.395508 0.944336 0.033203 0.056641
0 0.813477 0.842773 0.056641 0.048828
0 0.917969 0.708984 0.031250 0.031250
0 0.547852 0.364258 0.041016 0.056641
0 0.731445 0.164062 0.044922 0.035156
0 0.481445 0.215820 0.056641 0.052734
0 0.950195 0.086914 0.056641 0.041016
0 0.814453 0.926758 0.054688 0.056641
0 0.630859 0.425781 0.050781 0.050781
0 0.824219 0.719727 0.031250 0.044922
0 0.707031 0.073242 0.039062 0.037109
0 0.788086 0.358398 0.056641 0.041016
0 0.929688 0.536133 0.054688 0.044922
0 0.041992 0.420898 0.052734 0.041016
0 0.930664 0.324219 0.056641 0.031250
0 0.744141 0.258789 0.054688 0.041016
0 0.935547 0.147461 0.042969 0.052734
0 0.590820 0.284180 0.033203 0.033203
0 0.493164 0.909180 0.056641 0.056641
0 0.574219 0.648438 0.058594 0.031250
0 0.651367 0.190430 0.052734 0.048828
0 0.225586 0.905273 0.052734 0.052734
0 0.951172 0.248047 0.039062 0.035156
0 0.954102 0.607422 0.044922 0.054688
0 0.326172 0.871094 0.046875 0.042969
0 0.893555 0.473633 0.033203 0.037109
0 0.805664 0.775391 0.052734 0.039062
0 0.539062 0.729492 0.058594 0.048828
1 0.501953 0.092773 0.160156 0.138672
1 0.715820 0.573242 0.205078 0.197266
1 0.373047 0.529297 0.250000 0.226562
1 0.126953 0.573242 0.183594 0.232422
1 0.265625 0.189453 0.183594 0.222656
1 0.655273 0.836914 0.138672 0.169922