0 0.553516 0.565278 0.025781 0.044444
0 0.814844 0.105556 0.017188 0.041667
0 0.032422 0.794444 0.016406 0.030556
0 0.037500 0.605556 0.020313 0.025000
0 0.151953 0.637500 0.014844 0.047222
0 0.860547 0.868056 0.019531 0.038889
0 0.601172 0.471528 0.014844 0.045833
0 0.156641 0.950000 0.022656 0.044444
0 0.949609 0.679861 0.025781 0.029167
0 0.337500 0.831250 0.023438 0.029167
0 0.616016 0.619444 0.022656 0.041667
0 0.104688 0.045139 0.026562 0.037500
0 0.633594 0.519444 0.026562 0.038889
0 0.271484 0.211806 0.021094 0.048611
0 0.330469 0.902778 0.017188 0.025000
0 0.358203 0.945833 0.022656 0.041667
0 0.036328 0.702778 0.014844 0.047222
0 0.838672 0.908333 0.017969 0.025000
0 0.469922 0.790972 0.025781 0.034722
0 0.119531 0.610417 0.018750 0.043056
0 0.639062 0.106944 0.018750 0.030556
0 0.484766 0.110417 0.021094 0.048611
0 0.962891 0.379167 0.016406 0.030556
0 0.392578 0.322222 0.022656 0.036111
0 0.892188 0.915278 0.015625 0.027778
0 0.597656 0.849306 0.018750 0.045833
0 0.971875 0.642361 0.025000 0.034722
0 0.029297 0.893056 0.014844 0.041667
0 0.972656 0.944444 0.015625 0.025000
0 0.298438 0.065278 0.020313 0.030556
0 0.900391 0.091667 0.022656 0.027778
0 0.290234 0.799306 0.014844 0.040278
0 0.822266 0.065278 0.027344 0.027778
0 0.778906 0.131944 0.025000 0.036111
0 0.653516 0.065972 0.022656 0.034722
0 0.060156 0.865278 0.025000 0.038889
0 0.576172 0.497222 0.024219 0.041667
0 0.942578 0.606944 0.021094 0.030556
0 0.688672 0.142361 0.017969 0.045833
0 0.965625 0.810417 0.026562 0.045833
0 0.064844 0.284722 0.023438 0.030556
0 0.707812 0.038194 0.026562 0.040278
0 0.044922 0.081250 0.019531 0.031944
0 0.459766 0.252778 0.014844 0.036111
0 0.724219 0.528472 0.021875 0.034722
0 0.044141 0.526389 0.019531 0.038889
0 0.974219 0.130556 0.028125 0.027778
0 0.108984 0.836806 0.021094 0.045833
0 0.819141 0.752083 0.022656 0.026389
0 0.025781 0.211111 0.023438 0.030556
0 0.067187 0.113889 0.014063 0.047222
0 0.566797 0.136806 0.016406 0.045833
0 0.550781 0.630556 0.021875 0.041667
0 0.508984 0.513889 0.025781 0.044444
0 0.727344 0.104167 0.021875 0.050000
0 0.914844 0.749306 0.018750 0.048611
0 0.794922 0.602083 0.017969 0.034722
0 0.578906 0.905556 0.025000 0.044444
0 0.783594 0.737500 0.018750 0.050000
0 0.420703 0.745833 0.017969 0.030556
0 0.912891 0.883333 0.019531 0.030556
0 0.446484 0.950000 0.014844 0.033333
0 0.284375 0.691667 0.021875 0.050000
0 0.364844 0.840972 0.014063 0.048611
0 0.420703 0.959028 0.024219 0.026389
0 0.302734 0.851389 0.021094 0.027778
0 0.031641 0.478472 0.017969 0.026389
0 0.032031 0.748611 0.028125 0.030556
0 0.094922 0.561806 0.019531 0.040278
0 0.581250 0.752778 0.028125 0.047222
0 0.537891 0.700694 0.027344 0.048611
0 0.872266 0.052083 0.022656 0.037500
0 0.783203 0.884028 0.016406 0.043056
0 0.443750 0.297222 0.023438 0.027778
0 0.467969 0.688889 0.026562 0.038889
0 0.696484 0.905556 0.024219 0.027778
0 0.529687 0.075694 0.026562 0.045833
0 0.982031 0.478472 0.015625 0.026389
0 0.407813 0.800000 0.020313 0.047222
0 0.966406 0.761806 0.017188 0.026389
0 0.108594 0.710417 0.028125 0.043056
0 0.923047 0.361806 0.014844 0.034722
0 0.746875 0.919444 0.020313 0.038889
0 0.342187 0.196528 0.018750 0.040278
0 0.950000 0.217361 0.018750 0.037500
0 0.085156 0.210417 0.014063 0.048611
0 0.937500 0.522222 0.023438 0.047222
0 0.793750 0.946528 0.017188 0.034722
0 0.860156 0.704861 0.020313 0.048611
0 0.636719 0.960417 0.023438 0.043056
0 0.309766 0.956250 0.019531 0.026389
0 0.406641 0.915278 0.019531 0.025000
0 0.414062 0.054167 0.021875 0.038889
0 0.440625 0.811111 0.025000 0.047222
0 0.512891 0.754861 0.027344 0.045833
0 0.078125 0.928472 0.020313 0.043056
1 0.696875 0.729167 0.121875 0.302778
1 0.403516 0.507639 0.152344 0.287500
1 0.550000 0.301389 0.098437 0.266667
1 0.712500 0.328472 0.135937 0.284722
1 0.196875 0.784722 0.137500 0.202778
1 0.871484 0.544444 0.096094 0.180556
1 0.861719 0.291667 0.093750 0.244444
1 0.180859 0.236111 0.142969 0.300000
1 0.260547 0.563889 0.099219 0.169444