0 0.112305 0.512695 0.052734 0.056641
0 0.043945 0.750977 0.044922 0.033203
0 0.642578 0.883789 0.058594 0.033203
0 0.817383 0.560547 0.056641 0.058594
0 0.250000 0.230469 0.050781 0.058594
0 0.718750 0.513672 0.042969 0.054688
0 0.642578 0.500000 0.054688 0.039062
0 0.249023 0.110352 0.048828 0.037109
0 0.269531 0.340820 0.050781 0.044922
0 0.527344 0.307617 0.031250 0.056641
0 0.494141 0.644531 0.058594 0.031250
0 0.797852 0.056641 0.037109 0.058594
0 0.674805 0.258789 0.037109 0.044922
0 0.517578 0.056641 0.035156 0.050781
0 0.075195 0.427734 0.044922 0.058594
0 0.092773 0.136719 0.048828 0.046875
0 0.281250 0.608398 0.058594 0.033203
0 0.158203 0.261719 0.039062 0.042969
0 0.109375 0.053711 0.042969 0.048828
0 0.531250 0.236328 0.042969 0.046875
0 0.160156 0.643555 0.035156 0.048828
0 0.657227 0.938477 0.052734 0.033203
0 0.580078 0.262695 0.035156 0.044922
0 0.307617 0.946289 0.041016 0.044922
0 0.457031 0.070312 0.046875 0.054688
0 0.432617 0.608398 0.044922 0.052734
0 0.548828 0.928711 0.039062 0.056641
0 0.180664 0.357422 0.037109 0.050781
0 0.094727 0.263672 0.044922 0.031250
0 0.632812 0.396484 0.035156 0.035156
0 0.648438 0.613281 0.050781 0.058594
0 0.931641 0.553711 0.050781 0.037109
0 0.729492 0.240234 0.056641 0.031250
0 0.430664 0.846680 0.044922 0.048828
0 0.892578 0.185547 0.039062 0.042969
0 0.237305 0.453125 0.056641 0.054688
0 0.305664 0.666016 0.033203 0.031250
0 0.763672 0.572266 0.035156 0.039062
0 0.091797 0.693359 0.039062 0.031250
0 0.176758 0.578125 0.033203 0.035156
0 0.522461 0.840820 0.033203 0.037109
0 0.503906 0.698242 0.050781 0.037109
0 0.095703 0.584961 0.031250 0.048828
0 0.938477 0.092773 0.033203 0.037109
1 0.884766 0.350586 0.183594 0.201172
1 0.884766 0.676758 0.183594 0.150391
1 0.652344 0.751953 0.144531 0.203125
1 0.405273 0.219727 0.189453 0.173828
1 0.243164 0.808594 0.263672 0.175781
1 0.433594 0.444336 0.242188 0.197266
1 0.876953 0.865234 0.183594 0.175781
1 0.653320 0.129883 0.185547 0.154297