0 0.340234 0.107639 0.016406 0.034722
0 0.260547 0.090278 0.025781 0.041667
0 0.072266 0.891667 0.016406 0.033333
0 0.303516 0.350000 0.022656 0.047222
0 0.910156 0.325000 0.015625 0.038889
0 0.321875 0.181944 0.025000 0.047222
0 0.173437 0.569444 0.021875 0.041667
0 0.083984 0.652083 0.022656 0.031944
0 0.314844 0.424306 0.015625 0.048611
0 0.461719 0.500000 0.026562 0.050000
0 0.148828 0.098611 0.017969 0.047222
0 0.344922 0.168750 0.014844 0.029167
0 0.554688 0.870139 0.017188 0.045833
0 0.931250 0.146528 0.015625 0.037500
0 0.703906 0.304167 0.018750 0.038889
0 0.248828 0.288889 0.017969 0.050000
0 0.379688 0.328472 0.028125 0.040278
0 0.224609 0.500000 0.024219 0.025000
0 0.681641 0.901389 0.014844 0.041667
0 0.096484 0.778472 0.024219 0.026389
0 0.725781 0.361806 0.014063 0.026389
0 0.900781 0.490278 0.015625 0.036111
0 0.904297 0.268056 0.022656 0.047222
0 0.633203 0.922222 0.021094 0.036111
0 0.082422 0.072222 0.014844 0.030556
0 0.754297 0.536806 0.019531 0.026389
0 0.295703 0.480556 0.019531 0.036111
0 0.159375 0.665278 0.020313 0.050000
0 0.257812 0.238889 0.023438 0.030556
0 0.520703 0.827083 0.024219 0.034722
0 0.421484 0.193056 0.022656 0.036111
0 0.426563 0.449306 0.018750 0.037500
0 0.595703 0.886806 0.021094 0.026389
0 0.179688 0.097917 0.026562 0.045833
0 0.118750 0.099306 0.021875 0.048611
0 0.921875 0.789583 0.015625 0.037500
0 0.860938 0.600694 0.026562 0.034722
0 0.771484 0.452778 0.027344 0.033333
0 0.706641 0.927083 0.022656 0.026389
0 0.049609 0.749306 0.027344 0.045833
0 0.521875 0.533333 0.026562 0.025000
0 0.925391 0.630556 0.027344 0.036111
0 0.343750 0.325000 0.028125 0.036111
0 0.456250 0.943056 0.025000 0.030556
0 0.439453 0.811111 0.022656 0.030556
0 0.816016 0.411111 0.014844 0.044444
0 0.886328 0.175694 0.024219 0.029167
0 0.340234 0.484722 0.017969 0.030556
0 0.761719 0.687500 0.023438 0.025000
0 0.689453 0.427778 0.019531 0.033333
0 0.848828 0.956944 0.025781 0.036111
0 0.411328 0.069444 0.014844 0.038889
0 0.869141 0.285417 0.019531 0.040278
0 0.971875 0.256944 0.014063 0.033333
0 0.816406 0.524306 0.023438 0.037500
0 0.553906 0.491667 0.017188 0.041667
0 0.443750 0.344444 0.025000 0.036111
0 0.415234 0.927083 0.017969 0.048611
0 0.382812 0.211806 0.020313 0.034722
0 0.530859 0.943056 0.025781 0.041667
0 0.478516 0.819444 0.025781 0.036111
0 0.123828 0.230556 0.021094 0.050000
0 0.780078 0.766667 0.024219 0.038889
0 0.172656 0.250694 0.023438 0.034722
0 0.871875 0.047222 0.015625 0.047222
0 0.096484 0.567361 0.014844 0.026389
0 0.555469 0.656250 0.014063 0.037500
0 0.241016 0.444444 0.027344 0.044444
0 0.932031 0.545139 0.025000 0.031944
0 0.970313 0.828472 0.018750 0.034722
0 0.391016 0.397917 0.022656 0.043056
0 0.896484 0.374306 0.022656 0.026389
0 0.924219 0.932639 0.017188 0.026389
0 0.559375 0.792361 0.028125 0.037500
0 0.787109 0.648611 0.024219 0.030556
0 0.141797 0.152083 0.014844 0.029167
0 0.209375 0.701389 0.020313 0.025000
0 0.194922 0.291667 0.014844 0.025000
0 0.101562 0.837500 0.014063 0.041667
0 0.342969 0.370833 0.026562 0.044444
0 0.298828 0.088194 0.024219 0.040278
0 0.754297 0.743056 0.014844 0.025000
0 0.882812 0.445139 0.018750 0.029167
0 0.750000 0.918750 0.023438 0.045833
0 0.047266 0.218056 0.027344 0.036111
0 0.503906 0.740972 0.021875 0.048611
0 0.592187 0.476389 0.023438 0.050000
0 0.563281 0.599306 0.017188 0.037500
0 0.250391 0.151389 0.019531 0.047222
0 0.501563 0.478472 0.018750 0.034722
0 0.950000 0.915972 0.028125 0.026389
0 0.195312 0.159722 0.020313 0.033333
0 0.408984 0.129167 0.027344 0.027778
0 0.840625 0.426389 0.026562 0.025000
0 0.287891 0.261806 0.024219 0.029167
0 0.395313 0.939583 0.014063 0.034722
0 0.962891 0.866667 0.025781 0.025000
0 0.488281 0.677083 0.014063 0.034722
0 0.957422 0.118056 0.017969 0.047222
1 0.788281 0.234722 0.093750 0.280556
1 0.080078 0.393750 0.111719 0.212500
1 0.392969 0.671528 0.153125 0.206944
1 0.540625 0.185417 0.167187 0.259722
1 0.855078 0.758333 0.099219 0.194444
1 0.206250 0.822917 0.162500 0.187500
1 0.665234 0.645833 0.099219 0.294444