0 0.117188 0.748047 0.054688 0.039062
0 0.751953 0.113281 0.046875 0.031250
0 0.040039 0.657227 0.037109 0.052734
0 0.609375 0.045898 0.058594 0.056641
0 0.042969 0.562500 0.031250 0.046875
0 0.892578 0.135742 0.042969 0.037109
0 0.216797 0.810547 0.035156 0.050781
0 0.500000 0.916992 0.042969 0.037109
0 0.312500 0.637695 0.058594 0.041016
0 0.818359 0.119141 0.058594 0.054688
0 0.564453 0.217773 0.050781 0.037109
0 0.841797 0.051758 0.058594 0.041016
0 0.691406 0.462891 0.050781 0.031250
0 0.587891 0.921875 0.042969 0.046875
0 0.095703 0.950195 0.039062 0.056641
0 0.771484 0.436523 0.031250 0.044922
0 0.710938 0.060547 0.050781 0.031250
0 0.172852 0.872070 0.048828 0.037109
0 0.696289 0.112305 0.037109 0.041016
0 0.507812 0.643555 0.046875 0.041016
0 0.526367 0.083984 0.048828 0.046875
0 0.273438 0.252930 0.054688 0.044922
0 0.497070 0.257812 0.052734 0.039062
0 0.667969 0.917969 0.039062 0.039062
0 0.591797 0.662109 0.042969 0.039062
0 0.863281 0.562500 0.035156 0.046875
0 0.654297 0.552734 0.031250 0.035156
0 0.187500 0.711914 0.058594 0.037109
0 0.735352 0.573242 0.044922 0.056641
0 0.578125 0.394531 0.039062 0.046875
1 0.118164 0.122070 0.150391 0.169922
1 0.368164 0.136719 0.251953 0.164062
1 0.403320 0.750000 0.216797 0.144531
1 0.729492 0.714844 0.162109 0.195312
1 0.183594 0.414062 0.183594 0.226562
1 0.817383 0.296875 0.224609 0.214844
1 0.439453 0.479492 0.210938 0.201172