0 0.901367 0.398438 0.044922 0.050781
0 0.818359 0.342773 0.042969 0.037109
0 0.056641 0.250977 0.054688 0.041016
0 0.233398 0.875000 0.044922 0.031250
0 0.814453 0.404297 0.054688 0.042969
0 0.553711 0.843750 0.044922 0.046875
0 0.943359 0.668945 0.050781 0.048828
0 0.760742 0.328125 0.041016 0.046875
0 0.424805 0.886719 0.033203 0.046875
0 0.352539 0.440430 0.041016 0.048828
0 0.229492 0.405273 0.044922 0.033203
0 0.436523 0.531250 0.056641 0.035156
0 0.295898 0.244141 0.037109 0.050781
0 0.946289 0.094727 0.037109 0.037109
0 0.743164 0.087891 0.033203 0.035156
0 0.685547 0.128906 0.039062 0.039062
0 0.693359 0.332031 0.042969 0.050781
0 0.500000 0.694336 0.054688 0.037109
0 0.907227 0.177734 0.033203 0.054688
0 0.837891 0.459961 0.054688 0.033203
0 0.032227 0.193359 0.033203 0.054688
0 0.505859 0.929688 0.031250 0.050781
0 0.052734 0.670898 0.042969 0.033203
0 0.926758 0.532227 0.033203 0.052734
0 0.087891 0.538086 0.046875 0.033203
0 0.047852 0.798828 0.033203 0.035156
0 0.339844 0.851562 0.039062 0.050781
0 0.815430 0.938477 0.056641 0.041016
0 0.479492 0.802734 0.052734 0.042969
0 0.880859 0.308594 0.035156 0.046875
0 0.721680 0.260742 0.044922 0.056641
0 0.159180 0.217773 0.052734 0.033203
0 0.833008 0.593750 0.056641 0.031250
0 0.399414 0.590820 0.033203 0.048828
0 0.157227 0.343750 0.033203 0.031250
0 0.114258 0.092773 0.044922 0.056641
0 0.581055 0.743164 0.037109 0.048828
0 0.467773 0.857422 0.033203 0.050781
0 0.887695 0.245117 0.056641 0.056641
0 0.125000 0.950195 0.054688 0.056641
1 0.741211 0.756836 0.267578 0.271484
1 0.525391 0.161133 0.250000 0.251953
1 0.211914 0.525391 0.181641 0.179688
1 0.207031 0.743164 0.179688 0.158203
1 0.620117 0.468750 0.267578 0.144531
1 0.266602 0.096680 0.205078 0.142578