0 0.732031 0.190972 0.023438 0.043056
0 0.028906 0.804861 0.018750 0.043056
0 0.979688 0.811806 0.015625 0.034722
0 0.589063 0.642361 0.020313 0.037500
0 0.309766 0.794444 0.024219 0.030556
0 0.368750 0.477778 0.023438 0.050000
0 0.282031 0.159722 0.014063 0.044444
0 0.934375 0.839583 0.018750 0.045833
0 0.142969 0.143056 0.017188 0.025000
0 0.293359 0.681250 0.025781 0.043056
0 0.253906 0.043056 0.028125 0.033333
0 0.589063 0.106250 0.025000 0.031944
0 0.343359 0.480556 0.017969 0.033333
0 0.822656 0.029861 0.014063 0.026389
0 0.136719 0.069444 0.028125 0.041667
0 0.450000 0.913889 0.015625 0.047222
0 0.950781 0.918750 0.028125 0.029167
0 0.350781 0.850000 0.025000 0.025000
0 0.137109 0.948611 0.024219 0.025000
0 0.273828 0.923611 0.021094 0.033333
0 0.563281 0.853472 0.026562 0.040278
0 0.282422 0.498611 0.022656 0.041667
0 0.226953 0.955556 0.019531 0.033333
0 0.966016 0.683333 0.019531 0.038889
0 0.549609 0.579167 0.016406 0.036111
0 0.068359 0.613889 0.016406 0.047222
0 0.369141 0.402778 0.027344 0.025000
0 0.584766 0.534028 0.014844 0.045833
0 0.667969 0.895833 0.015625 0.033333
0 0.480859 0.947222 0.027344 0.041667
0 0.548047 0.086806 0.025781 0.026389
0 0.161328 0.250000 0.024219 0.025000
0 0.024219 0.133333 0.026562 0.047222
0 0.265625 0.698611 0.021875 0.050000
0 0.313672 0.872222 0.014844 0.044444
0 0.897656 0.826389 0.018750 0.025000
0 0.183984 0.113889 0.025781 0.047222
0 0.945703 0.443750 0.014844 0.026389
0 0.526563 0.905556 0.025000 0.047222
0 0.239063 0.157639 0.023438 0.040278
0 0.850391 0.438194 0.024219 0.043056
0 0.183203 0.173611 0.027344 0.038889
0 0.327734 0.964583 0.014844 0.029167
0 0.024609 0.572222 0.017969 0.041667
0 0.232422 0.704167 0.024219 0.050000
0 0.334375 0.409722 0.015625 0.041667
0 0.282031 0.256944 0.014063 0.027778
0 0.217188 0.294444 0.028125 0.027778
0 0.762891 0.105556 0.027344 0.030556
0 0.069531 0.163194 0.020313 0.045833
0 0.180859 0.315278 0.021094 0.041667
0 0.382031 0.868056 0.020313 0.047222
0 0.275781 0.870833 0.028125 0.038889
0 0.089844 0.250694 0.017188 0.048611
0 0.583984 0.722222 0.025781 0.041667
0 0.582422 0.601389 0.017969 0.033333
0 0.417578 0.949306 0.017969 0.029167
0 0.629687 0.883333 0.028125 0.033333
0 0.035937 0.189583 0.021875 0.040278
0 0.614062 0.945139 0.015625 0.040278
0 0.036328 0.270833 0.022656 0.041667
0 0.721875 0.099306 0.017188 0.048611
0 0.089063 0.313889 0.023438 0.041667
0 0.071484 0.548611 0.022656 0.025000
0 0.963672 0.480556 0.025781 0.030556
0 0.500781 0.156944 0.020313 0.036111
0 0.030078 0.679167 0.022656 0.044444
0 0.637891 0.510417 0.027344 0.043056
0 0.074609 0.465278 0.014844 0.050000
0 0.244922 0.577083 0.016406 0.031944
0 0.806250 0.073611 0.020313 0.041667
0 0.260937 0.187500 0.014063 0.027778
0 0.283594 0.439583 0.023438 0.034722
0 0.237500 0.787500 0.018750 0.027778
0 0.101953 0.384028 0.027344 0.043056
0 0.239453 0.233333 0.027344 0.030556
0 0.911328 0.870139 0.021094 0.040278
0 0.042578 0.959722 0.014844 0.027778
0 0.230469 0.863194 0.028125 0.029167
0 0.452344 0.967361 0.014063 0.031944
0 0.498437 0.104167 0.028125 0.041667
0 0.721875 0.950000 0.015625 0.047222
1 0.735547 0.365278 0.117969 0.219444
1 0.132812 0.786806 0.114062 0.234722
1 0.445703 0.438194 0.108594 0.170833
1 0.706250 0.685417 0.164062 0.276389
1 0.584375 0.315972 0.128125 0.173611
1 0.418750 0.692361 0.154688 0.270833
1 0.877734 0.601389 0.099219 0.247222
1 0.143750 0.532639 0.106250 0.220833
1 0.891016 0.251389 0.149219 0.286111
1 0.379297 0.186111 0.160156 0.283333