0 0.570312 0.555664 0.042969 0.033203
0 0.046875 0.088867 0.042969 0.052734
0 0.541992 0.118164 0.052734 0.052734
0 0.740234 0.466797 0.042969 0.058594
0 0.388672 0.565430 0.058594 0.044922
0 0.090820 0.957031 0.037109 0.042969
0 0.706055 0.817383 0.041016 0.052734
0 0.963867 0.686523 0.041016 0.041016
0 0.602539 0.190430 0.052734 0.056641
0 0.240234 0.962891 0.050781 0.035156
0 0.056641 0.545898 0.042969 0.037109
0 0.875977 0.709961 0.048828 0.048828
0 0.679688 0.520508 0.054688 0.037109
0 0.498047 0.647461 0.050781 0.044922
0 0.143555 0.849609 0.033203 0.046875
0 0.491211 0.962891 0.044922 0.035156
0 0.596680 0.913086 0.056641 0.041016
0 0.771484 0.859375 0.031250 0.042969
0 0.953125 0.208008 0.054688 0.048828
0 0.901367 0.811523 0.037109 0.044922
0 0.096680 0.155273 0.044922 0.037109
0 0.888672 0.425781 0.042969 0.039062
0 0.372070 0.476562 0.041016 0.031250
0 0.582031 0.853516 0.054688 0.058594
0 0.683594 0.120117 0.039062 0.033203
0 0.520508 0.882812 0.048828 0.046875
0 0.240234 0.041992 0.054688 0.033203
0 0.683594 0.956055 0.058594 0.041016
0 0.541992 0.204102 0.033203 0.052734
0 0.884766 0.949219 0.031250 0.050781
0 0.657227 0.746094 0.033203 0.042969
0 0.844727 0.118164 0.048828 0.044922
0 0.762695 0.359375 0.033203 0.039062
0 0.602539 0.673828 0.048828 0.035156
0 0.399414 0.430664 0.048828 0.033203
0 0.603516 0.095703 0.035156 0.058594
0 0.897461 0.041016 0.037109 0.046875
0 0.398438 0.310547 0.035156 0.054688
0 0.120117 0.045898 0.056641 0.041016
0 0.047852 0.462891 0.044922 0.046875
0 0.083008 0.722656 0.048828 0.039062
0 0.534180 0.049805 0.044922 0.037109
0 0.870117 0.658203 0.044922 0.031250
0 0.875000 0.878906 0.046875 0.054688
0 0.728516 0.044922 0.054688 0.031250
0 0.684570 0.912109 0.048828 0.031250
0 0.939453 0.279297 0.042969 0.058594
0 0.659180 0.047852 0.052734 0.044922
0 0.929688 0.122070 0.039062 0.033203
0 0.937500 0.487305 0.031250 0.041016
1 0.197266 0.678711 0.152344 0.232422
1 0.556641 0.364258 0.207031 0.220703
1 0.353516 0.160156 0.269531 0.136719
1 0.726562 0.628906 0.183594 0.164062
1 0.794922 0.250000 0.207031 0.160156
1 0.211914 0.405273 0.263672 0.185547
1 0.378906 0.820312 0.164062 0.191406