0 0.938477 0.154297 0.033203 0.035156
0 0.240234 0.300781 0.050781 0.046875
0 0.904297 0.578125 0.039062 0.035156
0 0.488281 0.526367 0.054688 0.037109
0 0.966797 0.058594 0.035156 0.031250
0 0.339844 0.351562 0.042969 0.031250
0 0.942383 0.730469 0.041016 0.039062
0 0.897461 0.239258 0.033203 0.048828
0 0.859375 0.916992 0.042969 0.056641
0 0.509766 0.665039 0.031250 0.056641
0 0.794922 0.385742 0.031250 0.037109
0 0.536133 0.852539 0.033203 0.037109
0 0.658203 0.468750 0.039062 0.031250
0 0.368164 0.667969 0.033203 0.046875
0 0.053711 0.136719 0.033203 0.058594
0 0.375000 0.110352 0.058594 0.033203
0 0.313477 0.542969 0.041016 0.031250
0 0.463867 0.473633 0.052734 0.037109
0 0.880859 0.754883 0.058594 0.056641
0 0.527344 0.949219 0.050781 0.031250
0 0.548828 0.458984 0.042969 0.058594
0 0.391602 0.160156 0.037109 0.050781
0 0.942383 0.308594 0.052734 0.058594
0 0.147461 0.925781 0.048828 0.031250
0 0.771484 0.440430 0.050781 0.037109
0 0.406250 0.575195 0.042969 0.037109
0 0.691406 0.075195 0.035156 0.048828
0 0.306641 0.644531 0.039062 0.035156
0 0.884766 0.065430 0.039062 0.048828
0 0.926758 0.390625 0.056641 0.031250
0 0.715820 0.382812 0.048828 0.031250
0 0.245117 0.647461 0.056641 0.056641
0 0.219727 0.243164 0.052734 0.044922
0 0.758789 0.042969 0.048828 0.031250
0 0.460938 0.706055 0.039062 0.041016
0 0.804688 0.492188 0.050781 0.039062
0 0.860352 0.373047 0.037109 0.042969
0 0.364258 0.275391 0.033203 0.054688
0 0.950195 0.941406 0.052734 0.039062
0 0.204102 0.567383 0.048828 0.056641
0 0.896484 0.856445 0.039062 0.033203
1 0.562500 0.291992 0.222656 0.255859
1 0.126953 0.737305 0.144531 0.259766
1 0.706055 0.868164 0.244141 0.166016
1 0.776367 0.228516 0.158203 0.226562
1 0.187500 0.125977 0.207031 0.166016
1 0.700195 0.635742 0.271484 0.185547
1 0.159180 0.426758 0.185547 0.177734
1 0.357422 0.817383 0.175781 0.154297
1 0.355469 0.446289 0.144531 0.138672