0 0.846680 0.175781 0.033203 0.050781
0 0.752930 0.147461 0.044922 0.041016
0 0.566406 0.870117 0.058594 0.041016
0 0.959961 0.893555 0.037109 0.037109
0 0.498047 0.154297 0.050781 0.054688
0 0.047852 0.330078 0.056641 0.054688
0 0.940430 0.672852 0.037109 0.033203
0 0.807617 0.583984 0.044922 0.042969
0 0.488281 0.325195 0.058594 0.044922
0 0.610352 0.383789 0.056641 0.044922
0 0.727539 0.500977 0.041016 0.033203
0 0.644531 0.483398 0.054688 0.041016
0 0.043945 0.599609 0.056641 0.054688
0 0.634766 0.913086 0.050781 0.056641
0 0.489258 0.571289 0.056641 0.041016
0 0.827148 0.293945 0.041016 0.056641
0 0.510742 0.917969 0.037109 0.058594
0 0.882812 0.657227 0.031250 0.033203
0 0.533203 0.480469 0.039062 0.054688
0 0.135742 0.293945 0.048828 0.033203
0 0.893555 0.112305 0.037109 0.056641
0 0.046875 0.722656 0.050781 0.058594
0 0.295898 0.261719 0.033203 0.039062
0 0.077148 0.926758 0.033203 0.033203
0 0.833008 0.040039 0.056641 0.033203
0 0.829102 0.113281 0.052734 0.054688
0 0.457031 0.928711 0.042969 0.041016
0 0.048828 0.118164 0.058594 0.041016
0 0.548828 0.377930 0.046875 0.048828
0 0.901367 0.609375 0.044922 0.031250
0 0.043945 0.874023 0.033203 0.044922
0 0.522461 0.041992 0.056641 0.048828
0 0.727539 0.547852 0.041016 0.033203
0 0.932617 0.223633 0.033203 0.041016
0 0.716797 0.409180 0.031250 0.041016
0 0.772461 0.352539 0.033203 0.056641
0 0.233398 0.259766 0.041016 0.054688
0 0.722656 0.640625 0.035156 0.039062
0 0.470703 0.849609 0.039062 0.031250
0 0.642578 0.063477 0.042969 0.041016
0 0.478516 0.410156 0.035156 0.035156
0 0.416992 0.486328 0.044922 0.039062
0 0.762695 0.453125 0.044922 0.039062
1 0.782227 0.813477 0.216797 0.251953
1 0.642578 0.223633 0.148438 0.158203
1 0.254883 0.506836 0.251953 0.271484
1 0.257812 0.120117 0.195312 0.162109
1 0.540039 0.737305 0.166016 0.162109
1 0.283203 0.802734 0.222656 0.269531
1 0.873047 0.407227 0.140625 0.142578