0 0.695312 0.377930 0.050781 0.037109
0 0.838867 0.334961 0.048828 0.048828
0 0.906250 0.547852 0.058594 0.048828
0 0.954102 0.708984 0.052734 0.035156
0 0.457031 0.822266 0.054688 0.050781
0 0.192383 0.925781 0.037109 0.046875
0 0.041016 0.751953 0.046875 0.050781
0 0.772461 0.333008 0.041016 0.033203
0 0.134766 0.941406 0.035156 0.046875
0 0.383789 0.188477 0.056641 0.044922
0 0.913086 0.427734 0.033203 0.046875
0 0.478516 0.884766 0.054688 0.035156
0 0.249023 0.959961 0.056641 0.044922
0 0.642578 0.279297 0.046875 0.058594
0 0.917969 0.636719 0.035156 0.054688
0 0.574219 0.557617 0.042969 0.044922
0 0.562500 0.461914 0.035156 0.041016
0 0.666992 0.038086 0.041016 0.033203
0 0.266602 0.362305 0.037109 0.056641
0 0.717773 0.293945 0.052734 0.041016
0 0.492188 0.650391 0.039062 0.046875
0 0.625977 0.192383 0.044922 0.037109
0 0.040039 0.295898 0.033203 0.033203
0 0.036133 0.226562 0.037109 0.058594
0 0.379883 0.281250 0.037109 0.039062
0 0.378906 0.927734 0.046875 0.039062
0 0.389648 0.104492 0.037109 0.048828
0 0.439453 0.737305 0.046875 0.041016
0 0.645508 0.135742 0.048828 0.056641
0 0.576172 0.957031 0.054688 0.031250
0 0.101562 0.624023 0.058594 0.056641
0 0.446289 0.041016 0.052734 0.042969
0 0.518555 0.073242 0.048828 0.037109
0 0.083984 0.867188 0.058594 0.031250
0 0.638672 0.361328 0.046875 0.039062
0 0.798828 0.278320 0.035156 0.044922
0 0.511719 0.597656 0.058594 0.035156
0 0.793945 0.713867 0.033203 0.037109
0 0.517578 0.407227 0.031250 0.041016
1 0.640625 0.813477 0.222656 0.212891
1 0.360352 0.489258 0.267578 0.150391
1 0.195312 0.165039 0.261719 0.263672
1 0.505859 0.229492 0.156250 0.251953
1 0.263672 0.752930 0.242188 0.244141
1 0.833008 0.151367 0.271484 0.173828
1 0.737305 0.543945 0.259766 0.244141
1 0.114258 0.463867 0.162109 0.232422
1 0.878906 0.853516 0.171875 0.226562