0 0.407813 0.148611 0.015625 0.047222
0 0.205469 0.055556 0.026562 0.033333
0 0.039453 0.709722 0.024219 0.033333
0 0.105078 0.433333 0.019531 0.027778
0 0.321094 0.380556 0.028125 0.025000
0 0.132812 0.610417 0.028125 0.034722
0 0.596875 0.881250 0.015625 0.037500
0 0.171484 0.645833 0.014844 0.041667
0 0.187891 0.594444 0.024219 0.030556
0 0.137109 0.182639 0.019531 0.045833
0 0.858203 0.847222 0.016406 0.030556
0 0.571484 0.609722 0.017969 0.044444
0 0.696094 0.640972 0.025000 0.029167
0 0.109375 0.651389 0.025000 0.036111
0 0.230469 0.638194 0.015625 0.045833
0 0.980469 0.736806 0.018750 0.031944
0 0.244922 0.494444 0.017969 0.025000
0 0.807813 0.559028 0.028125 0.048611
0 0.294141 0.220139 0.022656 0.037500
0 0.729688 0.925000 0.020313 0.033333
0 0.979297 0.525000 0.021094 0.047222
0 0.871875 0.507639 0.015625 0.037500
0 0.351172 0.175694 0.014844 0.026389
0 0.604688 0.773611 0.015625 0.047222
0 0.902344 0.457639 0.018750 0.031944
0 0.884766 0.813194 0.016406 0.031944
0 0.417578 0.062500 0.025781 0.047222
0 0.575391 0.702083 0.019531 0.040278
0 0.783594 0.291667 0.023438 0.027778
0 0.181250 0.553472 0.023438 0.026389
0 0.667578 0.956250 0.016406 0.031944
0 0.676953 0.886806 0.022656 0.037500
0 0.130859 0.091667 0.019531 0.044444
0 0.503125 0.411111 0.026562 0.036111
0 0.185547 0.127778 0.022656 0.050000
0 0.956250 0.836806 0.023438 0.029167
0 0.112109 0.540278 0.024219 0.036111
0 0.046875 0.957639 0.014063 0.034722
0 0.066406 0.837500 0.026562 0.030556
0 0.795312 0.360417 0.015625 0.026389
0 0.363672 0.382639 0.022656 0.029167
0 0.611719 0.611111 0.020313 0.025000
0 0.291016 0.385417 0.022656 0.040278
0 0.149609 0.930556 0.025781 0.025000
0 0.708594 0.552778 0.023438 0.036111
0 0.738281 0.620139 0.017188 0.034722
0 0.637109 0.837500 0.025781 0.050000
0 0.302344 0.163194 0.023438 0.040278
0 0.283203 0.039583 0.027344 0.045833
0 0.431250 0.223611 0.025000 0.025000
0 0.780859 0.121528 0.025781 0.034722
0 0.821875 0.456944 0.026562 0.044444
0 0.069531 0.364583 0.021875 0.040278
0 0.769531 0.664583 0.017188 0.031944
0 0.682422 0.084722 0.027344 0.047222
0 0.087500 0.179167 0.018750 0.025000
0 0.676562 0.556944 0.023438 0.050000
0 0.301172 0.295833 0.014844 0.044444
0 0.880859 0.399306 0.021094 0.048611
0 0.230469 0.584722 0.026562 0.025000
0 0.370312 0.907639 0.020313 0.040278
0 0.028906 0.410417 0.028125 0.048611
0 0.302344 0.465972 0.023438 0.029167
0 0.392578 0.293056 0.014844 0.050000
0 0.560937 0.559028 0.020313 0.031944
0 0.022656 0.112500 0.026562 0.047222
0 0.949219 0.524306 0.018750 0.040278
0 0.300391 0.825000 0.014844 0.025000
0 0.907813 0.522222 0.017188 0.030556
0 0.631641 0.899306 0.016406 0.040278
0 0.350781 0.220833 0.014063 0.044444
0 0.134766 0.440972 0.025781 0.029167
0 0.363281 0.295139 0.026562 0.043056
0 0.798828 0.238889 0.022656 0.044444
0 0.372656 0.137500 0.023438 0.025000
0 0.258594 0.210417 0.023438 0.040278
0 0.975000 0.468750 0.014063 0.029167
0 0.805469 0.172222 0.015625 0.047222
0 0.942187 0.926389 0.028125 0.041667
0 0.722266 0.152083 0.022656 0.034722
0 0.644141 0.699306 0.017969 0.043056
0 0.613672 0.104167 0.025781 0.027778
0 0.876172 0.913194 0.014844 0.045833
0 0.735156 0.800000 0.026562 0.030556
0 0.132812 0.325694 0.020313 0.031944
0 0.264844 0.650000 0.025000 0.033333
0 0.144922 0.268750 0.027344 0.034722
0 0.776563 0.054861 0.020313 0.026389
0 0.810547 0.863194 0.024219 0.043056
0 0.116016 0.954167 0.017969 0.044444
0 0.692187 0.146528 0.015625 0.045833
1 0.182812 0.800694 0.157812 0.212500
1 0.690234 0.320139 0.138281 0.273611
1 0.888281 0.226389 0.129688 0.272222
1 0.539062 0.191667 0.100000 0.275000
1 0.871875 0.679167 0.164062 0.172222
1 0.525781 0.844444 0.100000 0.225000
1 0.368359 0.676389 0.163281 0.255556