0 0.063477 0.610352 0.048828 0.037109
0 0.133789 0.932617 0.052734 0.044922
0 0.602539 0.427734 0.044922 0.039062
0 0.198242 0.916016 0.033203 0.050781
0 0.182617 0.510742 0.044922 0.044922
0 0.952148 0.495117 0.052734 0.052734
0 0.514648 0.958008 0.041016 0.033203
0 0.781250 0.930664 0.050781 0.044922
0 0.245117 0.055664 0.041016 0.052734
0 0.888672 0.087891 0.042969 0.031250
0 0.619141 0.870117 0.058594 0.056641
0 0.116211 0.609375 0.041016 0.031250
0 0.849609 0.917969 0.050781 0.039062
0 0.106445 0.166016 0.037109 0.042969
0 0.926758 0.227539 0.056641 0.052734
0 0.034180 0.446289 0.033203 0.044922
0 0.591797 0.127930 0.039062 0.041016
0 0.293945 0.153320 0.037109 0.048828
0 0.915039 0.307617 0.056641 0.041016
0 0.605469 0.564453 0.046875 0.035156
0 0.584961 0.193359 0.041016 0.035156
0 0.544922 0.056641 0.039062 0.035156
0 0.447266 0.379883 0.054688 0.037109
0 0.350586 0.082031 0.044922 0.058594
0 0.236328 0.126953 0.042969 0.054688
0 0.447266 0.105469 0.046875 0.035156
0 0.599609 0.359375 0.058594 0.035156
0 0.183594 0.143555 0.039062 0.052734
0 0.911133 0.041992 0.037109 0.033203
0 0.053711 0.074219 0.052734 0.050781
0 0.952148 0.931641 0.056641 0.050781
0 0.922852 0.151367 0.048828 0.056641
0 0.166016 0.616211 0.042969 0.037109
0 0.106445 0.437500 0.037109 0.050781
0 0.061523 0.348633 0.052734 0.052734
0 0.733398 0.057617 0.044922 0.041016
0 0.708984 0.931641 0.031250 0.054688
0 0.958008 0.394531 0.048828 0.042969
0 0.959961 0.561523 0.033203 0.037109
0 0.556641 0.537109 0.031250 0.058594
1 0.356445 0.722656 0.271484 0.242188
1 0.440430 0.248047 0.205078 0.210938
1 0.741211 0.237305 0.197266 0.169922
1 0.776367 0.475586 0.224609 0.150391
1 0.184570 0.314453 0.169922 0.167969
1 0.837891 0.729492 0.226562 0.197266
1 0.393555 0.491211 0.259766 0.138672
1 0.102539 0.736328 0.150391 0.175781
1 0.608398 0.707031 0.169922 0.226562