0 0.203125 0.398438 0.035156 0.031250
0 0.304688 0.176758 0.039062 0.048828
0 0.316406 0.117188 0.039062 0.050781
0 0.076172 0.112305 0.031250 0.037109
0 0.530273 0.959961 0.041016 0.048828
0 0.846680 0.064453 0.044922 0.035156
0 0.393555 0.054688 0.048828 0.039062
0 0.858398 0.569336 0.052734 0.052734
0 0.256836 0.425781 0.037109 0.054688
0 0.404297 0.130859 0.035156 0.046875
0 0.662109 0.609375 0.054688 0.046875
0 0.591797 0.938477 0.031250 0.037109
0 0.618164 0.560547 0.041016 0.031250
0 0.370117 0.275391 0.048828 0.039062
0 0.231445 0.178711 0.048828 0.033203
0 0.186523 0.509766 0.044922 0.050781
0 0.871094 0.765625 0.042969 0.046875
0 0.079102 0.650391 0.037109 0.058594
0 0.298828 0.052734 0.042969 0.058594
0 0.549805 0.658203 0.037109 0.050781
0 0.943359 0.056641 0.042969 0.035156
0 0.134766 0.930664 0.058594 0.048828
0 0.646484 0.318359 0.054688 0.058594
0 0.954102 0.941406 0.041016 0.050781
0 0.941406 0.541016 0.031250 0.050781
0 0.901367 0.461914 0.052734 0.033203
0 0.551758 0.543945 0.056641 0.052734
0 0.230469 0.107422 0.046875 0.039062
0 0.948242 0.772461 0.052734 0.052734
0 0.702148 0.937500 0.044922 0.035156
0 0.129883 0.083984 0.044922 0.054688
0 0.300781 0.932617 0.035156 0.056641
0 0.494141 0.613281 0.046875 0.042969
0 0.637695 0.252930 0.033203 0.041016
0 0.048828 0.491211 0.031250 0.056641
0 0.893555 0.661133 0.056641 0.052734
0 0.410156 0.951172 0.039062 0.039062
0 0.125977 0.151367 0.052734 0.033203
0 0.554688 0.839844 0.050781 0.039062
0 0.257812 0.557617 0.039062 0.041016
0 0.202148 0.941406 0.052734 0.054688
1 0.576172 0.125977 0.261719 0.189453
1 0.365234 0.476562 0.140625 0.238281
1 0.691406 0.774414 0.207031 0.236328
1 0.216797 0.760742 0.203125 0.228516
1 0.735352 0.479492 0.173828 0.193359
1 0.103516 0.287109 0.136719 0.222656
1 0.844727 0.229492 0.224609 0.259766
1 0.445312 0.800781 0.148438 0.246094
1 0.535156 0.364258 0.144531 0.158203