0 0.915625 0.702083 0.025000 0.037500
0 0.262500 0.601389 0.015625 0.033333
0 0.972656 0.534028 0.015625 0.034722
0 0.798438 0.929167 0.020313 0.044444
0 0.716406 0.246528 0.028125 0.048611
0 0.468750 0.084722 0.021875 0.036111
0 0.019922 0.925694 0.021094 0.043056
0 0.538672 0.109722 0.016406 0.027778
0 0.863672 0.962500 0.024219 0.030556
0 0.400000 0.500000 0.023438 0.036111
0 0.891406 0.031944 0.021875 0.030556
0 0.846484 0.901389 0.021094 0.030556
0 0.842969 0.603472 0.018750 0.026389
0 0.042578 0.498611 0.016406 0.036111
0 0.144531 0.300000 0.018750 0.025000
0 0.592187 0.065278 0.017188 0.041667
0 0.218359 0.606944 0.027344 0.041667
0 0.896484 0.840972 0.027344 0.045833
0 0.534375 0.498611 0.023438 0.044444
0 0.807031 0.052083 0.014063 0.034722
0 0.721094 0.124306 0.028125 0.037500
0 0.628516 0.512500 0.025781 0.044444
0 0.248438 0.049306 0.025000 0.034722
0 0.929688 0.518750 0.025000 0.034722
0 0.273828 0.530556 0.016406 0.038889
0 0.916016 0.913889 0.021094 0.041667
0 0.900391 0.586806 0.021094 0.037500
0 0.319531 0.800000 0.017188 0.027778
0 0.764062 0.429167 0.018750 0.038889
0 0.753125 0.046528 0.018750 0.043056
0 0.867578 0.734722 0.027344 0.047222
0 0.343750 0.088889 0.015625 0.025000
0 0.229297 0.292361 0.016406 0.043056
0 0.328906 0.898611 0.020313 0.033333
0 0.900781 0.133333 0.028125 0.027778
0 0.326172 0.849306 0.022656 0.037500
0 0.786719 0.825000 0.018750 0.036111
0 0.314844 0.967361 0.015625 0.031944
0 0.589844 0.879861 0.025000 0.048611
0 0.198047 0.044444 0.024219 0.050000
0 0.713672 0.079861 0.016406 0.034722
0 0.254297 0.247222 0.025781 0.044444
0 0.032031 0.456250 0.028125 0.029167
0 0.784766 0.054167 0.017969 0.033333
0 0.545703 0.912500 0.025781 0.038889
0 0.918750 0.772917 0.014063 0.026389
0 0.145703 0.840278 0.019531 0.033333
0 0.492188 0.927778 0.025000 0.041667
0 0.201172 0.168056 0.021094 0.027778
0 0.147266 0.052083 0.017969 0.037500
0 0.283594 0.094444 0.021875 0.041667
0 0.374219 0.086111 0.015625 0.033333
0 0.444922 0.072222 0.016406 0.050000
0 0.178906 0.892361 0.015625 0.034722
0 0.672656 0.892361 0.017188 0.034722
0 0.090625 0.537500 0.015625 0.050000
0 0.619531 0.954861 0.017188 0.029167
0 0.100000 0.914583 0.018750 0.045833
0 0.655469 0.940972 0.026562 0.045833
0 0.979297 0.934722 0.019531 0.041667
0 0.972656 0.661806 0.021875 0.043056
0 0.094141 0.070139 0.014844 0.043056
0 0.871484 0.489583 0.014844 0.034722
0 0.733203 0.943750 0.027344 0.034722
0 0.171875 0.272222 0.021875 0.050000
0 0.925781 0.575694 0.023438 0.026389
0 0.306641 0.545139 0.022656 0.043056
0 0.186719 0.629861 0.028125 0.034722
0 0.954688 0.155556 0.015625 0.027778
0 0.264453 0.659722 0.017969 0.041667
0 0.401562 0.070139 0.017188 0.043056
0 0.685547 0.156944 0.027344 0.044444
0 0.090234 0.422917 0.024219 0.031944
0 0.763672 0.114583 0.017969 0.043056
0 0.950000 0.829861 0.018750 0.029167
0 0.960938 0.447917 0.020313 0.031944
0 0.806250 0.141667 0.015625 0.041667
1 0.629297 0.360417 0.111719 0.240278
1 0.178125 0.451389 0.129688 0.230556
1 0.773047 0.647222 0.108594 0.258333
1 0.864844 0.315278 0.107813 0.227778
1 0.341797 0.290972 0.125781 0.273611
1 0.091016 0.711806 0.121094 0.206944
1 0.625781 0.711111 0.100000 0.194444
1 0.249219 0.829861 0.103125 0.168056
1 0.490234 0.315972 0.128906 0.290278