0 0.781250 0.930664 0.054688 0.048828
0 0.072266 0.763672 0.039062 0.058594
0 0.064453 0.901367 0.039062 0.037109
0 0.686523 0.888672 0.044922 0.058594
0 0.047852 0.328125 0.044922 0.046875
0 0.140625 0.855469 0.050781 0.058594
0 0.737305 0.250977 0.037109 0.033203
0 0.779297 0.172852 0.050781 0.041016
0 0.250977 0.781250 0.056641 0.046875
0 0.116211 0.958984 0.037109 0.050781
0 0.126953 0.679688 0.046875 0.046875
0 0.555664 0.061523 0.037109 0.048828
0 0.202148 0.904297 0.037109 0.058594
0 0.077148 0.229492 0.052734 0.044922
0 0.607422 0.377930 0.054688 0.033203
0 0.846680 0.170898 0.052734 0.052734
0 0.547852 0.749023 0.033203 0.056641
0 0.282227 0.142578 0.037109 0.039062
0 0.721680 0.600586 0.033203 0.044922
0 0.046875 0.683594 0.054688 0.035156
0 0.110352 0.335938 0.044922 0.058594
0 0.722656 0.153320 0.035156 0.037109
0 0.858398 0.241211 0.037109 0.044922
0 0.936523 0.496094 0.041016 0.031250
0 0.673828 0.733398 0.035156 0.041016
0 0.912109 0.145508 0.046875 0.052734
0 0.754883 0.090820 0.037109 0.037109
0 0.746094 0.768555 0.031250 0.048828
0 0.908203 0.381836 0.031250 0.056641
0 0.610352 0.454102 0.033203 0.033203
0 0.127930 0.743164 0.056641 0.056641
0 0.810547 0.620117 0.042969 0.052734
0 0.632812 0.600586 0.042969 0.048828
0 0.095703 0.524414 0.031250 0.041016
0 0.215820 0.252930 0.052734 0.048828
0 0.555664 0.675781 0.044922 0.039062
1 0.745117 0.417969 0.201172 0.273438
1 0.242188 0.445312 0.183594 0.140625
1 0.487305 0.555664 0.169922 0.177734
1 0.446289 0.212891 0.244141 0.160156
1 0.280273 0.635742 0.193359 0.169922
1 0.478516 0.892578 0.265625 0.179688
1 0.872070 0.754883 0.173828 0.150391