0 0.910156 0.777778 0.021875 0.027778
0 0.866797 0.954861 0.025781 0.031944
0 0.310937 0.061111 0.015625 0.036111
0 0.237891 0.768750 0.019531 0.034722
0 0.104297 0.744444 0.021094 0.025000
0 0.415625 0.140972 0.025000 0.040278
0 0.590625 0.921528 0.025000 0.048611
0 0.378125 0.093750 0.017188 0.031944
0 0.173437 0.665972 0.023438 0.045833
0 0.151172 0.877778 0.024219 0.030556
0 0.235156 0.925694 0.025000 0.043056
0 0.453125 0.250000 0.020313 0.030556
0 0.403906 0.252083 0.015625 0.037500
0 0.208984 0.664583 0.027344 0.040278
0 0.022656 0.559028 0.021875 0.037500
0 0.042188 0.096528 0.015625 0.026389
0 0.739062 0.570139 0.021875 0.048611
0 0.862500 0.899306 0.018750 0.031944
0 0.876172 0.750694 0.027344 0.040278
0 0.578125 0.318750 0.026562 0.048611
0 0.812891 0.238889 0.021094 0.047222
0 0.758203 0.177778 0.021094 0.025000
0 0.829297 0.068056 0.027344 0.044444
0 0.026172 0.147917 0.025781 0.031944
0 0.237891 0.675000 0.017969 0.027778
0 0.286328 0.829861 0.014844 0.031944
0 0.472656 0.954167 0.014063 0.033333
0 0.467187 0.137500 0.018750 0.036111
0 0.066016 0.909722 0.021094 0.050000
0 0.965625 0.612500 0.018750 0.025000
0 0.734766 0.629861 0.022656 0.040278
0 0.440625 0.302083 0.025000 0.026389
0 0.899219 0.181944 0.026562 0.033333
0 0.955078 0.210417 0.027344 0.037500
0 0.174609 0.725000 0.019531 0.038889
0 0.934375 0.645139 0.018750 0.026389
0 0.039453 0.906250 0.014844 0.045833
0 0.384766 0.184722 0.019531 0.044444
0 0.029297 0.725000 0.027344 0.027778
0 0.028125 0.827083 0.020313 0.043056
0 0.777344 0.066667 0.014063 0.041667
0 0.496875 0.109722 0.015625 0.025000
0 0.967578 0.517361 0.022656 0.045833
0 0.523047 0.290278 0.014844 0.033333
0 0.469922 0.564583 0.025781 0.037500
0 0.781641 0.276389 0.019531 0.041667
0 0.260547 0.872917 0.022656 0.031944
0 0.898828 0.330556 0.025781 0.033333
0 0.069922 0.195139 0.014844 0.031944
0 0.348438 0.225694 0.015625 0.048611
0 0.105859 0.803472 0.022656 0.037500
0 0.623047 0.403472 0.024219 0.026389
0 0.651172 0.932639 0.022656 0.037500
0 0.947656 0.846528 0.025000 0.040278
0 0.214062 0.568750 0.015625 0.026389
0 0.496484 0.821528 0.019531 0.045833
0 0.837109 0.867361 0.024219 0.026389
0 0.980078 0.179167 0.014844 0.044444
0 0.801953 0.173611 0.014844 0.036111
0 0.441016 0.362500 0.027344 0.050000
0 0.576562 0.263889 0.017188 0.041667
0 0.652734 0.412500 0.024219 0.050000
0 0.696484 0.063194 0.017969 0.043056
0 0.644531 0.509028 0.015625 0.048611
0 0.523047 0.141667 0.016406 0.047222
0 0.904687 0.861806 0.025000 0.048611
0 0.123438 0.575694 0.015625 0.031944
0 0.695703 0.476389 0.024219 0.033333
0 0.068750 0.841667 0.026562 0.041667
0 0.066016 0.790278 0.021094 0.041667
1 0.601562 0.734028 0.160938 0.256944
1 0.762500 0.790278 0.109375 0.205556
1 0.532813 0.445833 0.123438 0.177778
1 0.365234 0.754861 0.133594 0.295833
1 0.833594 0.502083 0.151562 0.284722
1 0.111719 0.436111 0.145313 0.172222
1 0.342578 0.418750 0.128906 0.229167
1 0.663281 0.211806 0.106250 0.220833