0 0.341797 0.167969 0.035156 0.035156
0 0.456055 0.746094 0.033203 0.039062
0 0.875977 0.500000 0.033203 0.031250
0 0.756836 0.259766 0.048828 0.046875
0 0.908203 0.642578 0.050781 0.046875
0 0.786133 0.655273 0.041016 0.048828
0 0.407227 0.893555 0.048828 0.033203
0 0.909180 0.402344 0.052734 0.042969
0 0.493164 0.962891 0.041016 0.035156
0 0.363281 0.033203 0.054688 0.035156
0 0.258789 0.303711 0.048828 0.048828
0 0.172852 0.892578 0.037109 0.046875
0 0.537109 0.587891 0.058594 0.035156
0 0.368164 0.376953 0.056641 0.042969
0 0.897461 0.319336 0.033203 0.056641
0 0.115234 0.432617 0.035156 0.048828
0 0.860352 0.557617 0.033203 0.041016
0 0.423828 0.655273 0.058594 0.048828
0 0.208984 0.494141 0.058594 0.046875
0 0.268555 0.847656 0.052734 0.050781
0 0.363281 0.839844 0.035156 0.058594
0 0.295898 0.103516 0.052734 0.031250
0 0.097656 0.373047 0.058594 0.035156
0 0.886719 0.722656 0.031250 0.050781
0 0.118164 0.558594 0.056641 0.031250
0 0.440430 0.558594 0.041016 0.039062
0 0.144531 0.714844 0.050781 0.058594
0 0.035156 0.104492 0.031250 0.048828
0 0.598633 0.044922 0.037109 0.058594
0 0.658203 0.105469 0.031250 0.035156
0 0.172852 0.292969 0.041016 0.054688
0 0.249023 0.414062 0.056641 0.035156
0 0.375977 0.111328 0.044922 0.058594
0 0.625977 0.650391 0.037109 0.035156
0 0.041992 0.709961 0.033203 0.033203
0 0.078125 0.838867 0.050781 0.052734
1 0.279297 0.653320 0.179688 0.255859
1 0.524414 0.188477 0.201172 0.177734
1 0.535156 0.432617 0.164062 0.166016
1 0.789062 0.124023 0.191406 0.205078
1 0.177734 0.137695 0.164062 0.193359
1 0.749023 0.470703 0.158203 0.261719
1 0.634766 0.826172 0.214844 0.214844
1 0.844727 0.883789 0.158203 0.138672