0 0.775781 0.947222 0.028125 0.027778
0 0.342969 0.556250 0.017188 0.034722
0 0.250391 0.315972 0.019531 0.037500
0 0.958594 0.532639 0.020313 0.043056
0 0.475391 0.217361 0.021094 0.045833
0 0.217969 0.904167 0.025000 0.030556
0 0.931641 0.625000 0.022656 0.030556
0 0.674219 0.357639 0.014063 0.045833
0 0.878906 0.945833 0.018750 0.030556
0 0.953906 0.728472 0.017188 0.037500
0 0.258984 0.495139 0.019531 0.040278
0 0.041406 0.165278 0.025000 0.027778
0 0.702344 0.959722 0.021875 0.044444
0 0.902344 0.900000 0.020313 0.047222
0 0.721875 0.404167 0.023438 0.033333
0 0.971875 0.678472 0.020313 0.034722
0 0.085938 0.797222 0.025000 0.050000
0 0.851562 0.255556 0.017188 0.025000
0 0.612109 0.065972 0.027344 0.037500
0 0.348047 0.172917 0.017969 0.048611
0 0.060937 0.932639 0.020313 0.048611
0 0.924609 0.390972 0.019531 0.029167
0 0.365625 0.817361 0.014063 0.034722
0 0.581250 0.175694 0.021875 0.037500
0 0.946875 0.848611 0.026562 0.036111
0 0.089063 0.729861 0.028125 0.029167
0 0.032422 0.043056 0.021094 0.041667
0 0.060156 0.225694 0.026562 0.026389
0 0.418359 0.153472 0.027344 0.037500
0 0.025391 0.936806 0.021094 0.037500
0 0.049219 0.625000 0.026562 0.047222
0 0.892188 0.462500 0.014063 0.050000
0 0.063672 0.537500 0.016406 0.033333
0 0.446094 0.884722 0.017188 0.036111
0 0.652734 0.389583 0.017969 0.048611
0 0.534766 0.194444 0.014844 0.027778
0 0.369922 0.650694 0.014844 0.043056
0 0.636328 0.949306 0.014844 0.043056
0 0.928906 0.577778 0.026562 0.033333
0 0.046875 0.771528 0.023438 0.045833
0 0.532031 0.600000 0.028125 0.027778
0 0.355078 0.921528 0.016406 0.045833
0 0.585156 0.328472 0.020313 0.029167
0 0.456641 0.091667 0.016406 0.025000
0 0.245312 0.956944 0.028125 0.036111
0 0.957812 0.238194 0.026562 0.040278
0 0.846875 0.182639 0.017188 0.034722
0 0.510156 0.770833 0.021875 0.038889
0 0.821875 0.950694 0.023438 0.026389
0 0.928125 0.088889 0.014063 0.038889
0 0.293359 0.541667 0.019531 0.050000
0 0.023438 0.470833 0.025000 0.036111
0 0.520703 0.071528 0.027344 0.040278
0 0.895703 0.272917 0.027344 0.037500
0 0.469141 0.154167 0.017969 0.036111
0 0.311328 0.434028 0.022656 0.029167
0 0.070312 0.441667 0.017188 0.041667
0 0.348047 0.472917 0.024219 0.048611
0 0.929297 0.729861 0.025781 0.043056
0 0.321484 0.359722 0.025781 0.033333
0 0.611328 0.181944 0.027344 0.041667
0 0.745313 0.936111 0.026562 0.050000
0 0.030859 0.561111 0.024219 0.036111
0 0.978906 0.343750 0.020313 0.029167
0 0.882422 0.045139 0.019531 0.040278
0 0.120703 0.925000 0.017969 0.044444
0 0.632812 0.277083 0.015625 0.031944
0 0.565234 0.437500 0.021094 0.030556
0 0.557031 0.057639 0.014063 0.045833
0 0.669141 0.293056 0.014844 0.050000
0 0.598047 0.541667 0.027344 0.030556
0 0.721484 0.811806 0.017969 0.034722
0 0.428516 0.039583 0.021094 0.040278
0 0.358594 0.267361 0.017188 0.029167
0 0.039453 0.093750 0.025781 0.048611
0 0.145313 0.939583 0.015625 0.040278
0 0.635547 0.895833 0.014844 0.030556
0 0.512500 0.172917 0.020313 0.031944
0 0.970703 0.804861 0.027344 0.029167
0 0.943359 0.936806 0.017969 0.031944
0 0.239063 0.447222 0.020313 0.033333
0 0.792578 0.890972 0.024219 0.034722
0 0.307422 0.958333 0.017969 0.044444
0 0.252734 0.568750 0.019531 0.040278
0 0.119531 0.814583 0.028125 0.037500
0 0.914844 0.811806 0.014063 0.029167
0 0.382812 0.952778 0.015625 0.041667
0 0.761328 0.272917 0.017969 0.040278
1 0.811328 0.397917 0.127344 0.184722
1 0.460547 0.407639 0.167969 0.304167
1 0.606641 0.754861 0.157031 0.209722
1 0.226172 0.167361 0.152344 0.201389
1 0.264844 0.793056 0.156250 0.175000
1 0.137891 0.514583 0.100781 0.304167
1 0.739844 0.132639 0.164062 0.170833
1 0.826953 0.738889 0.117969 0.227778
1 0.430469 0.726389 0.095312 0.225000