0 0.898438 0.916992 0.035156 0.052734
0 0.831055 0.878906 0.033203 0.031250
0 0.579102 0.119141 0.052734 0.046875
0 0.937500 0.086914 0.031250 0.037109
0 0.393555 0.947266 0.048828 0.035156
0 0.736328 0.837891 0.050781 0.035156
0 0.454102 0.906250 0.056641 0.035156
0 0.838867 0.945312 0.048828 0.050781
0 0.146484 0.724609 0.050781 0.042969
0 0.543945 0.442383 0.041016 0.056641
0 0.763672 0.142578 0.042969 0.054688
0 0.576172 0.219727 0.046875 0.041016
0 0.912109 0.323242 0.039062 0.044922
0 0.940430 0.497070 0.048828 0.037109
0 0.089844 0.783203 0.031250 0.050781
0 0.330078 0.910156 0.035156 0.054688
0 0.601562 0.837891 0.054688 0.039062
0 0.919922 0.804688 0.042969 0.035156
0 0.938477 0.140625 0.033203 0.054688
0 0.308594 0.560547 0.031250 0.042969
0 0.099609 0.882812 0.050781 0.046875
0 0.274414 0.924805 0.056641 0.056641
0 0.048828 0.617188 0.042969 0.031250
0 0.600586 0.458984 0.052734 0.054688
0 0.618164 0.686523 0.048828 0.033203
0 0.168945 0.272461 0.033203 0.041016
0 0.793945 0.041992 0.033203 0.041016
0 0.949219 0.253906 0.035156 0.039062
0 0.539062 0.552734 0.058594 0.035156
0 0.790039 0.556641 0.052734 0.035156
0 0.875977 0.850586 0.033203 0.033203
1 0.111328 0.159180 0.183594 0.150391
1 0.390625 0.404297 0.230469 0.238281
1 0.794922 0.671875 0.265625 0.156250
1 0.751953 0.312500 0.261719 0.214844
1 0.257812 0.763672 0.148438 0.214844
1 0.447266 0.690430 0.152344 0.166016
1 0.394531 0.136719 0.265625 0.187500
1 0.135742 0.419922 0.177734 0.226562