0 0.971484 0.714583 0.024219 0.037500
0 0.223438 0.259028 0.021875 0.031944
0 0.064453 0.552778 0.014844 0.030556
0 0.185938 0.890278 0.014063 0.027778
0 0.289453 0.036111 0.017969 0.030556
0 0.347656 0.665972 0.028125 0.045833
0 0.721875 0.537500 0.028125 0.050000
0 0.884375 0.588194 0.020313 0.045833
0 0.059375 0.505556 0.026562 0.047222
0 0.612891 0.820139 0.021094 0.026389
0 0.149609 0.084722 0.027344 0.033333
0 0.860547 0.617361 0.016406 0.037500
0 0.210547 0.327778 0.017969 0.044444
0 0.157812 0.177083 0.021875 0.045833
0 0.951953 0.456250 0.021094 0.026389
0 0.757812 0.420833 0.014063 0.044444
0 0.607422 0.067361 0.019531 0.037500
0 0.426172 0.394444 0.014844 0.050000
0 0.062109 0.965278 0.014844 0.036111
0 0.660937 0.826389 0.020313 0.047222
0 0.037500 0.908333 0.021875 0.033333
0 0.034766 0.700694 0.017969 0.029167
0 0.083203 0.209722 0.019531 0.044444
0 0.348438 0.963194 0.014063 0.031944
0 0.918750 0.607639 0.026562 0.045833
0 0.242578 0.201389 0.017969 0.041667
0 0.116797 0.177083 0.025781 0.031944
0 0.451953 0.485417 0.027344 0.040278
0 0.639062 0.927083 0.023438 0.045833
0 0.983594 0.915278 0.014063 0.025000
0 0.911328 0.672917 0.017969 0.029167
0 0.494922 0.896528 0.017969 0.034722
0 0.381250 0.968750 0.014063 0.026389
0 0.034375 0.245833 0.026562 0.033333
0 0.689063 0.500694 0.028125 0.040278
0 0.502734 0.088889 0.016406 0.044444
0 0.956641 0.911111 0.017969 0.027778
0 0.067969 0.344444 0.028125 0.036111
0 0.830859 0.537500 0.027344 0.050000
0 0.437109 0.268056 0.017969 0.050000
0 0.781250 0.548611 0.015625 0.038889
0 0.632422 0.407639 0.022656 0.031944
0 0.686719 0.887500 0.028125 0.025000
0 0.271484 0.964583 0.016406 0.031944
0 0.209766 0.104167 0.016406 0.044444
0 0.636328 0.072222 0.019531 0.044444
0 0.650391 0.320833 0.025781 0.044444
0 0.027734 0.421528 0.022656 0.043056
0 0.051953 0.456250 0.016406 0.037500
0 0.920312 0.906944 0.014063 0.041667
0 0.469141 0.682639 0.016406 0.048611
0 0.753125 0.570833 0.026562 0.041667
0 0.981250 0.615972 0.015625 0.040278
0 0.384375 0.072917 0.020313 0.037500
0 0.898828 0.928472 0.014844 0.045833
0 0.660547 0.209722 0.016406 0.025000
0 0.456250 0.044444 0.028125 0.036111
0 0.450000 0.358333 0.017188 0.041667
0 0.415625 0.609722 0.015625 0.050000
0 0.424609 0.087500 0.022656 0.030556
0 0.291797 0.951389 0.016406 0.025000
0 0.816406 0.603472 0.020313 0.026389
0 0.727344 0.395833 0.017188 0.041667
0 0.063672 0.032639 0.019531 0.026389
0 0.441797 0.536806 0.024219 0.029167
0 0.345703 0.593750 0.017969 0.029167
0 0.142187 0.606250 0.021875 0.037500
0 0.928906 0.806250 0.018750 0.031944
0 0.486328 0.948611 0.014844 0.030556
0 0.065234 0.279167 0.022656 0.033333
0 0.022266 0.093056 0.025781 0.036111
0 0.494531 0.818056 0.023438 0.036111
0 0.531641 0.088889 0.025781 0.047222
0 0.156250 0.944444 0.028125 0.030556
0 0.838672 0.345833 0.021094 0.025000
0 0.439453 0.693056 0.014844 0.041667
0 0.768359 0.620833 0.016406 0.033333
1 0.778516 0.785417 0.133594 0.245833
1 0.560937 0.246528 0.143750 0.176389
1 0.146094 0.376389 0.093750 0.302778
1 0.397656 0.819444 0.101562 0.188889
1 0.258594 0.748611 0.115625 0.283333
1 0.601953 0.579167 0.136719 0.269444
1 0.328125 0.235417 0.132812 0.248611
1 0.741797 0.226389 0.121094 0.272222
1 0.907422 0.222222 0.103906 0.302778
1 0.119922 0.755556 0.100781 0.222222