0 0.204297 0.934722 0.027344 0.047222
0 0.653125 0.164583 0.018750 0.034722
0 0.863281 0.640972 0.025000 0.026389
0 0.480078 0.406944 0.014844 0.036111
0 0.823047 0.708333 0.025781 0.025000
0 0.689844 0.240972 0.018750 0.026389
0 0.603516 0.107639 0.016406 0.031944
0 0.275781 0.086806 0.025000 0.048611
0 0.968750 0.476389 0.020313 0.050000
0 0.516016 0.079861 0.017969 0.045833
0 0.462109 0.522917 0.021094 0.037500
0 0.182031 0.113194 0.021875 0.040278
0 0.889453 0.172222 0.027344 0.041667
0 0.709375 0.159028 0.026562 0.034722
0 0.690625 0.464583 0.023438 0.026389
0 0.462891 0.127083 0.021094 0.037500
0 0.097656 0.120833 0.021875 0.041667
0 0.225391 0.280556 0.025781 0.047222
0 0.573438 0.113194 0.020313 0.026389
0 0.471875 0.236111 0.025000 0.041667
0 0.684375 0.426389 0.021875 0.033333
0 0.942969 0.834722 0.021875 0.036111
0 0.441016 0.205556 0.021094 0.030556
0 0.071094 0.051389 0.021875 0.033333
0 0.909766 0.112500 0.024219 0.033333
0 0.674609 0.084722 0.014844 0.033333
0 0.189062 0.816667 0.020313 0.030556
0 0.703125 0.588889 0.021875 0.033333
0 0.965234 0.273611 0.017969 0.041667
0 0.099219 0.913889 0.028125 0.044444
0 0.142187 0.168056 0.014063 0.033333
0 0.706250 0.937500 0.017188 0.030556
0 0.665234 0.902083 0.027344 0.026389
0 0.802344 0.036111 0.015625 0.030556
0 0.221484 0.095139 0.024219 0.043056
0 0.472656 0.901389 0.025000 0.036111
0 0.643359 0.763889 0.016406 0.041667
0 0.409766 0.833333 0.016406 0.030556
0 0.604688 0.961111 0.017188 0.027778
0 0.635156 0.572917 0.026562 0.029167
0 0.623437 0.064583 0.017188 0.043056
0 0.411719 0.877083 0.014063 0.031944
0 0.607031 0.148611 0.023438 0.025000
0 0.677344 0.717361 0.026562 0.029167
0 0.468750 0.318750 0.021875 0.040278
0 0.032031 0.893750 0.014063 0.026389
0 0.409766 0.154861 0.025781 0.034722
0 0.051562 0.164583 0.020313 0.045833
0 0.968750 0.202083 0.018750 0.029167
0 0.975000 0.793056 0.017188 0.025000
0 0.925000 0.247222 0.028125 0.047222
0 0.463281 0.166667 0.017188 0.027778
0 0.046484 0.646528 0.016406 0.048611
0 0.564844 0.047222 0.018750 0.036111
0 0.860547 0.690972 0.025781 0.031944
0 0.544141 0.886806 0.014844 0.048611
0 0.898047 0.452083 0.022656 0.037500
0 0.593750 0.435417 0.017188 0.043056
0 0.950781 0.945833 0.023438 0.030556
0 0.437500 0.057639 0.021875 0.037500
0 0.049219 0.743056 0.026562 0.036111
0 0.746484 0.675694 0.021094 0.034722
0 0.642188 0.375694 0.014063 0.043056
0 0.158594 0.944444 0.018750 0.036111
0 0.024219 0.269444 0.025000 0.033333
0 0.338672 0.556250 0.017969 0.040278
0 0.666797 0.518750 0.017969 0.029167
0 0.441016 0.304861 0.017969 0.029167
0 0.761719 0.096528 0.020313 0.029167
0 0.214453 0.165972 0.019531 0.034722
0 0.725781 0.769444 0.025000 0.041667
0 0.969141 0.663194 0.021094 0.029167
0 0.812500 0.609028 0.014063 0.026389
0 0.910547 0.629167 0.017969 0.025000
0 0.849609 0.541667 0.019531 0.047222
0 0.939453 0.324306 0.025781 0.026389
0 0.897266 0.672917 0.016406 0.037500
0 0.044141 0.073611 0.019531 0.044444
0 0.880469 0.373611 0.018750 0.036111
0 0.451953 0.373611 0.024219 0.050000
0 0.935547 0.075694 0.025781 0.029167
0 0.060937 0.123611 0.026562 0.025000
0 0.948438 0.716667 0.025000 0.033333
0 0.543750 0.802083 0.026562 0.043056
0 0.625781 0.829167 0.023438 0.025000
0 0.933984 0.436111 0.021094 0.038889
0 0.732422 0.964583 0.014844 0.031944
1 0.789062 0.355556 0.121875 0.233333
1 0.088281 0.424306 0.125000 0.243056
1 0.301172 0.286111 0.114844 0.266667
1 0.282422 0.797222 0.111719 0.283333
1 0.554297 0.630556 0.116406 0.244444
1 0.843359 0.854861 0.142969 0.170833
1 0.562109 0.290972 0.124219 0.204167
1 0.139844 0.686806 0.140625 0.181944