0 0.528906 0.597917 0.017188 0.034722
0 0.512500 0.209028 0.028125 0.048611
0 0.662109 0.532639 0.019531 0.048611
0 0.053906 0.681944 0.023438 0.050000
0 0.253516 0.391667 0.017969 0.036111
0 0.269531 0.043056 0.015625 0.027778
0 0.972266 0.209722 0.024219 0.027778
0 0.746484 0.361111 0.017969 0.033333
0 0.882031 0.047222 0.028125 0.036111
0 0.929688 0.772917 0.025000 0.034722
0 0.717969 0.347222 0.025000 0.041667
0 0.098047 0.502778 0.022656 0.038889
0 0.389453 0.318056 0.022656 0.036111
0 0.564063 0.688889 0.020313 0.036111
0 0.306250 0.540278 0.021875 0.025000
0 0.697656 0.443750 0.015625 0.029167
0 0.548438 0.179861 0.025000 0.048611
0 0.163281 0.502778 0.021875 0.047222
0 0.054688 0.791667 0.023438 0.044444
0 0.736328 0.885417 0.021094 0.040278
0 0.479297 0.718750 0.027344 0.045833
0 0.462500 0.293750 0.026562 0.045833
0 0.815234 0.790278 0.024219 0.027778
0 0.603516 0.885417 0.022656 0.031944
0 0.020703 0.965972 0.022656 0.031944
0 0.728906 0.518056 0.021875 0.025000
0 0.763281 0.935417 0.026562 0.026389
0 0.328125 0.193056 0.028125 0.038889
0 0.289844 0.141667 0.018750 0.036111
0 0.608984 0.530556 0.017969 0.025000
0 0.951562 0.920833 0.015625 0.025000
0 0.410156 0.362500 0.026562 0.030556
0 0.253906 0.806944 0.021875 0.030556
0 0.322656 0.931944 0.020313 0.033333
0 0.338281 0.616667 0.023438 0.025000
0 0.210547 0.090278 0.014844 0.030556
0 0.333984 0.050000 0.021094 0.036111
0 0.976953 0.104861 0.021094 0.037500
0 0.463281 0.163194 0.025000 0.034722
0 0.085156 0.668056 0.018750 0.027778
0 0.100781 0.935417 0.014063 0.040278
0 0.673438 0.467361 0.014063 0.031944
0 0.918359 0.936111 0.027344 0.041667
0 0.522656 0.954167 0.028125 0.030556
0 0.742578 0.463889 0.016406 0.044444
0 0.068750 0.907639 0.028125 0.048611
0 0.069531 0.456944 0.026562 0.027778
0 0.436719 0.857639 0.014063 0.034722
0 0.378906 0.077778 0.018750 0.033333
0 0.521875 0.840972 0.021875 0.029167
0 0.743359 0.250694 0.022656 0.040278
0 0.023047 0.266667 0.025781 0.033333
0 0.185547 0.677083 0.022656 0.026389
0 0.319922 0.335417 0.016406 0.034722
0 0.064844 0.565278 0.014063 0.036111
0 0.602734 0.963194 0.014844 0.031944
0 0.964844 0.172222 0.020313 0.027778
0 0.564453 0.617361 0.017969 0.029167
0 0.369141 0.155556 0.019531 0.044444
0 0.803516 0.938194 0.022656 0.031944
0 0.060547 0.736111 0.025781 0.027778
0 0.223438 0.691667 0.020313 0.027778
0 0.697266 0.234722 0.027344 0.050000
0 0.865625 0.877778 0.026562 0.036111
0 0.270313 0.867361 0.023438 0.037500
0 0.028125 0.519444 0.026562 0.025000
0 0.881641 0.756944 0.025781 0.044444
0 0.650391 0.905556 0.024219 0.036111
0 0.090234 0.785417 0.022656 0.048611
0 0.519141 0.145139 0.019531 0.029167
0 0.487891 0.821528 0.021094 0.029167
0 0.132031 0.596528 0.017188 0.045833
0 0.925781 0.213889 0.017188 0.041667
0 0.233203 0.079167 0.019531 0.036111
0 0.742969 0.411111 0.025000 0.041667
0 0.912109 0.832639 0.019531 0.045833
0 0.549609 0.927778 0.014844 0.025000
0 0.409375 0.063889 0.028125 0.036111
0 0.735156 0.084028 0.028125 0.037500
0 0.418750 0.233333 0.015625 0.044444
0 0.347266 0.263194 0.024219 0.026389
0 0.515625 0.770833 0.025000 0.033333
0 0.888281 0.936111 0.014063 0.033333
0 0.550781 0.313889 0.023438 0.044444
0 0.549219 0.384722 0.023438 0.041667
0 0.451562 0.113194 0.025000 0.034722
0 0.772656 0.141667 0.014063 0.044444
0 0.537891 0.481250 0.022656 0.031944
0 0.518750 0.086111 0.021875 0.030556
0 0.031250 0.868750 0.014063 0.045833
0 0.166016 0.150694 0.017969 0.045833
0 0.024219 0.335417 0.015625 0.026389
0 0.033594 0.034028 0.028125 0.029167
0 0.152734 0.070833 0.024219 0.038889
0 0.710156 0.397222 0.017188 0.033333
0 0.235937 0.031944 0.026562 0.030556
0 0.191797 0.391667 0.022656 0.041667
0 0.681641 0.920833 0.016406 0.050000
0 0.250000 0.143056 0.021875 0.030556
0 0.262891 0.932639 0.021094 0.043056
1 0.665234 0.715972 0.157031 0.256944
1 0.891406 0.533333 0.139063 0.269444
1 0.175391 0.836806 0.114844 0.215278
1 0.391406 0.490278 0.126562 0.205556
1 0.101172 0.284028 0.100781 0.262500
1 0.249219 0.267361 0.098437 0.181944
1 0.624219 0.279861 0.109375 0.281944
1 0.846484 0.187500 0.119531 0.216667
1 0.237109 0.545139 0.099219 0.215278
1 0.362500 0.763194 0.103125 0.251389