0 0.801953 0.125000 0.014844 0.050000
0 0.582031 0.952778 0.028125 0.050000
0 0.614844 0.431944 0.018750 0.025000
0 0.931250 0.679167 0.014063 0.041667
0 0.796094 0.404167 0.020313 0.025000
0 0.605469 0.629861 0.028125 0.029167
0 0.664062 0.413889 0.028125 0.044444
0 0.268750 0.528472 0.028125 0.031944
0 0.036328 0.082639 0.014844 0.043056
0 0.976172 0.551389 0.014844 0.030556
0 0.688281 0.559028 0.021875 0.043056
0 0.068359 0.935417 0.027344 0.043056
0 0.425000 0.395833 0.021875 0.030556
0 0.315625 0.947222 0.025000 0.027778
0 0.752344 0.472222 0.017188 0.047222
0 0.625781 0.818056 0.025000 0.038889
0 0.574609 0.071528 0.022656 0.029167
0 0.213281 0.536111 0.015625 0.047222
0 0.805078 0.881944 0.019531 0.027778
0 0.414844 0.502778 0.018750 0.050000
0 0.142578 0.088194 0.022656 0.034722
0 0.411328 0.352778 0.027344 0.027778
0 0.780078 0.797222 0.027344 0.025000
0 0.926953 0.923611 0.027344 0.050000
0 0.653906 0.534028 0.018750 0.031944
0 0.253906 0.433333 0.025000 0.033333
0 0.382031 0.473611 0.028125 0.041667
0 0.173047 0.950694 0.016406 0.043056
0 0.109766 0.877083 0.022656 0.040278
0 0.303125 0.422222 0.025000 0.036111
0 0.032422 0.600694 0.025781 0.043056
0 0.153906 0.855556 0.014063 0.044444
0 0.035937 0.674306 0.021875 0.034722
0 0.258984 0.338889 0.017969 0.050000
0 0.800000 0.310417 0.028125 0.040278
0 0.555078 0.586111 0.027344 0.038889
0 0.972266 0.891667 0.022656 0.033333
0 0.910937 0.765278 0.028125 0.050000
0 0.459375 0.359028 0.026562 0.045833
0 0.956641 0.468750 0.016406 0.034722
0 0.341016 0.490278 0.022656 0.036111
0 0.020703 0.496528 0.021094 0.034722
0 0.318359 0.359028 0.019531 0.031944
0 0.683594 0.033333 0.021875 0.025000
0 0.817187 0.783333 0.023438 0.030556
0 0.613281 0.704861 0.015625 0.037500
0 0.344141 0.401389 0.014844 0.038889
0 0.099609 0.229861 0.022656 0.029167
0 0.422266 0.443750 0.022656 0.026389
0 0.557422 0.534722 0.014844 0.033333
0 0.777344 0.911806 0.025000 0.045833
0 0.883594 0.948611 0.018750 0.041667
0 0.980859 0.397222 0.019531 0.050000
0 0.433984 0.945833 0.025781 0.050000
0 0.859375 0.904861 0.014063 0.037500
0 0.576562 0.809722 0.018750 0.036111
0 0.556250 0.941667 0.015625 0.036111
0 0.523438 0.543056 0.028125 0.050000
0 0.638281 0.604861 0.028125 0.045833
0 0.114844 0.117361 0.018750 0.037500
0 0.452734 0.584722 0.025781 0.047222
0 0.643359 0.924306 0.019531 0.034722
0 0.633594 0.727778 0.014063 0.050000
0 0.871484 0.365278 0.027344 0.025000
0 0.078516 0.449306 0.022656 0.031944
0 0.147266 0.210417 0.016406 0.045833
0 0.957422 0.651389 0.016406 0.044444
0 0.599609 0.556250 0.022656 0.037500
0 0.954297 0.409028 0.014844 0.034722
0 0.125000 0.313194 0.023438 0.045833
0 0.509375 0.652778 0.021875 0.025000
0 0.690234 0.786111 0.022656 0.025000
0 0.977734 0.605556 0.016406 0.044444
0 0.771484 0.363889 0.024219 0.036111
0 0.958203 0.161111 0.017969 0.038889
0 0.784766 0.057639 0.027344 0.043056
0 0.619922 0.952083 0.014844 0.048611
0 0.222266 0.932639 0.016406 0.026389
0 0.571875 0.760417 0.015625 0.031944
0 0.226562 0.432639 0.015625 0.048611
0 0.017578 0.429861 0.016406 0.029167
0 0.596875 0.477083 0.023438 0.048611
0 0.095312 0.039583 0.025000 0.026389
0 0.490625 0.956250 0.023438 0.034722
0 0.350000 0.897222 0.014063 0.030556
0 0.176953 0.471528 0.027344 0.034722
0 0.710938 0.615972 0.014063 0.040278
0 0.508984 0.472917 0.014844 0.045833
0 0.098047 0.339583 0.016406 0.045833
0 0.731641 0.770833 0.019531 0.038889
0 0.031250 0.896528 0.017188 0.043056
0 0.643750 0.477778 0.026562 0.050000
0 0.780078 0.847917 0.022656 0.029167
0 0.272656 0.593056 0.021875 0.027778
0 0.522656 0.607639 0.023438 0.029167
0 0.857812 0.949306 0.014063 0.029167
0 0.065234 0.773611 0.019531 0.044444
0 0.461719 0.918056 0.020313 0.030556
0 0.160156 0.322917 0.014063 0.045833
0 0.853516 0.765278 0.019531 0.041667
0 0.785547 0.200000 0.019531 0.044444
0 0.766406 0.300694 0.028125 0.031944
0 0.058203 0.889583 0.027344 0.029167
1 0.231250 0.158333 0.134375 0.233333
1 0.551953 0.265972 0.100781 0.270833
1 0.475781 0.783333 0.160938 0.219444
1 0.787500 0.623611 0.125000 0.219444
1 0.881641 0.186111 0.105469 0.269444
1 0.278125 0.774306 0.118750 0.265278
1 0.383984 0.184722 0.124219 0.208333
1 0.680469 0.199306 0.123438 0.259722
1 0.132812 0.659722 0.104688 0.252778