0 0.313477 0.206055 0.037109 0.048828
0 0.647461 0.215820 0.056641 0.052734
0 0.604492 0.349609 0.044922 0.035156
0 0.438477 0.309570 0.033203 0.052734
0 0.952148 0.155273 0.056641 0.037109
0 0.691406 0.379883 0.042969 0.044922
0 0.439453 0.150391 0.042969 0.046875
0 0.895508 0.488281 0.056641 0.054688
0 0.945312 0.099609 0.039062 0.031250
0 0.056641 0.783203 0.054688 0.042969
0 0.539062 0.229492 0.058594 0.056641
0 0.105469 0.063477 0.050781 0.056641
0 0.927734 0.768555 0.031250 0.056641
0 0.744141 0.879883 0.046875 0.052734
0 0.663086 0.963867 0.048828 0.033203
0 0.712891 0.181641 0.031250 0.050781
0 0.271484 0.339844 0.031250 0.035156
0 0.570312 0.083984 0.054688 0.058594
0 0.115234 0.607422 0.050781 0.042969
0 0.862305 0.875977 0.033203 0.041016
0 0.753906 0.041016 0.035156 0.050781
0 0.523438 0.345703 0.050781 0.050781
0 0.377930 0.334961 0.044922 0.044922
0 0.833984 0.934570 0.035156 0.048828
0 0.959961 0.051758 0.048828 0.044922
0 0.753906 0.388672 0.035156 0.050781
0 0.051758 0.886719 0.052734 0.046875
0 0.824219 0.087891 0.031250 0.042969
0 0.140625 0.488281 0.054688 0.058594
0 0.930664 0.416016 0.044922 0.054688
0 0.311523 0.415039 0.041016 0.056641
0 0.833008 0.149414 0.052734 0.044922
0 0.937500 0.286133 0.035156 0.033203
0 0.650391 0.058594 0.058594 0.031250
0 0.497070 0.111328 0.037109 0.054688
0 0.109375 0.942383 0.042969 0.048828
0 0.192383 0.086914 0.037109 0.037109
0 0.963867 0.331055 0.037109 0.033203
1 0.695312 0.538086 0.183594 0.205078
1 0.467773 0.867188 0.146484 0.210938
1 0.459961 0.536133 0.197266 0.271484
1 0.246094 0.555664 0.136719 0.177734
1 0.700195 0.750000 0.205078 0.171875
1 0.157227 0.286133 0.166016 0.263672
1 0.237305 0.815430 0.177734 0.263672