0 0.751953 0.277344 0.054688 0.031250
0 0.644531 0.602539 0.031250 0.048828
0 0.961914 0.636719 0.041016 0.058594
0 0.371094 0.887695 0.058594 0.033203
0 0.039062 0.451172 0.031250 0.050781
0 0.791992 0.915039 0.056641 0.037109
0 0.362305 0.960938 0.052734 0.031250
0 0.297852 0.907227 0.048828 0.044922
0 0.300781 0.048828 0.058594 0.035156
0 0.642578 0.431641 0.042969 0.050781
0 0.542969 0.335938 0.039062 0.046875
0 0.119141 0.236328 0.035156 0.054688
0 0.494141 0.314453 0.031250 0.039062
0 0.577148 0.499023 0.044922 0.052734
0 0.612305 0.937500 0.041016 0.039062
0 0.880859 0.879883 0.042969 0.037109
0 0.059570 0.652344 0.041016 0.039062
0 0.468750 0.499023 0.050781 0.052734
0 0.660156 0.054688 0.058594 0.035156
0 0.202148 0.600586 0.041016 0.052734
0 0.853516 0.238281 0.039062 0.031250
0 0.731445 0.069336 0.037109 0.048828
0 0.867188 0.436523 0.046875 0.044922
0 0.750000 0.200195 0.031250 0.037109
0 0.767578 0.787109 0.046875 0.050781
0 0.709961 0.379883 0.037109 0.044922
0 0.939453 0.829102 0.058594 0.037109
0 0.677734 0.220703 0.031250 0.050781
0 0.916992 0.125977 0.033203 0.041016
0 0.958008 0.405273 0.041016 0.033203
0 0.087891 0.439453 0.031250 0.035156
0 0.729492 0.936523 0.048828 0.041016
0 0.469727 0.951172 0.048828 0.050781
0 0.560547 0.404297 0.042969 0.050781
0 0.156250 0.533203 0.031250 0.042969
0 0.789062 0.166016 0.031250 0.042969
0 0.338867 0.294922 0.048828 0.042969
0 0.968750 0.168945 0.031250 0.037109
0 0.163086 0.652344 0.037109 0.035156
0 0.069336 0.303711 0.037109 0.052734
1 0.819336 0.612305 0.146484 0.267578
1 0.385742 0.701172 0.271484 0.195312
1 0.269531 0.172852 0.195312 0.138672
1 0.513672 0.165039 0.214844 0.240234
1 0.310547 0.448242 0.152344 0.220703
1 0.619141 0.757812 0.148438 0.246094
1 0.125000 0.823242 0.156250 0.244141