0 0.613281 0.239258 0.039062 0.048828
0 0.113281 0.632812 0.054688 0.039062
0 0.539062 0.735352 0.054688 0.052734
0 0.751953 0.892578 0.035156 0.031250
0 0.333984 0.367188 0.050781 0.035156
0 0.718750 0.256836 0.050781 0.044922
0 0.588867 0.041016 0.044922 0.035156
0 0.702148 0.376953 0.037109 0.039062
0 0.923828 0.893555 0.035156 0.041016
0 0.464844 0.637695 0.058594 0.056641
0 0.541016 0.059570 0.035156 0.041016
0 0.119141 0.765625 0.031250 0.031250
0 0.540039 0.469727 0.048828 0.041016
0 0.691406 0.184570 0.031250 0.041016
0 0.654297 0.114258 0.058594 0.044922
0 0.185547 0.635742 0.046875 0.044922
0 0.948242 0.157227 0.033203 0.048828
0 0.443359 0.144531 0.046875 0.050781
0 0.820312 0.920898 0.058594 0.052734
0 0.069336 0.838867 0.037109 0.052734
0 0.347656 0.127930 0.058594 0.052734
0 0.907227 0.953125 0.041016 0.050781
0 0.435547 0.897461 0.039062 0.041016
0 0.356445 0.953125 0.037109 0.035156
0 0.807617 0.817383 0.037109 0.041016
0 0.450195 0.837891 0.033203 0.035156
0 0.100586 0.928711 0.033203 0.044922
0 0.412109 0.054688 0.050781 0.035156
0 0.747070 0.111328 0.033203 0.031250
0 0.874023 0.824219 0.041016 0.058594
0 0.074219 0.466797 0.046875 0.039062
0 0.316406 0.617188 0.035156 0.042969
0 0.064453 0.767578 0.054688 0.039062
0 0.159180 0.755859 0.033203 0.054688
0 0.038086 0.398438 0.041016 0.054688
0 0.488281 0.425781 0.042969 0.031250
0 0.152344 0.041992 0.031250 0.033203
0 0.134766 0.857422 0.039062 0.035156
0 0.375000 0.291016 0.031250 0.035156
0 0.045898 0.044922 0.033203 0.050781
0 0.239258 0.615234 0.044922 0.042969
0 0.590820 0.129883 0.052734 0.048828
0 0.173828 0.381836 0.054688 0.041016
0 0.632812 0.404297 0.058594 0.042969
0 0.737305 0.573242 0.033203 0.033203
0 0.802734 0.120117 0.031250 0.056641
0 0.696289 0.464844 0.052734 0.035156
0 0.061523 0.710938 0.048828 0.050781
1 0.852539 0.589844 0.154297 0.226562
1 0.203125 0.204102 0.203125 0.259766
1 0.618164 0.867188 0.212891 0.191406
1 0.866211 0.319336 0.201172 0.232422
1 0.491211 0.277344 0.173828 0.199219
1 0.313477 0.762695 0.189453 0.232422
1 0.300781 0.498047 0.273438 0.171875
1 0.587891 0.580078 0.171875 0.144531