0 0.901953 0.200694 0.022656 0.031944
0 0.873828 0.092361 0.027344 0.040278
0 0.808203 0.382639 0.016406 0.029167
0 0.351953 0.905556 0.021094 0.041667
0 0.773047 0.111111 0.017969 0.027778
0 0.415625 0.881250 0.014063 0.045833
0 0.439453 0.470833 0.027344 0.027778
0 0.603516 0.961111 0.024219 0.038889
0 0.939453 0.434028 0.024219 0.048611
0 0.858594 0.960417 0.023438 0.043056
0 0.506641 0.203472 0.022656 0.048611
0 0.187891 0.855556 0.014844 0.047222
0 0.227734 0.895833 0.024219 0.027778
0 0.377344 0.126389 0.025000 0.044444
0 0.426172 0.120833 0.014844 0.025000
0 0.557031 0.904861 0.018750 0.040278
0 0.917969 0.940972 0.023438 0.029167
0 0.344141 0.093750 0.019531 0.045833
0 0.601953 0.864583 0.021094 0.037500
0 0.259766 0.747222 0.027344 0.050000
0 0.543359 0.277778 0.027344 0.050000
0 0.191016 0.375694 0.016406 0.037500
0 0.288672 0.864583 0.027344 0.048611
0 0.974219 0.517361 0.026562 0.029167
0 0.735156 0.118750 0.017188 0.026389
0 0.721484 0.946528 0.021094 0.037500
0 0.953906 0.077778 0.028125 0.025000
0 0.807422 0.037500 0.024219 0.025000
0 0.215625 0.110417 0.014063 0.029167
0 0.073438 0.040278 0.025000 0.044444
0 0.042969 0.768750 0.014063 0.043056
0 0.500391 0.361806 0.022656 0.031944
0 0.023828 0.121528 0.024219 0.026389
0 0.259375 0.411806 0.015625 0.034722
0 0.523047 0.150000 0.019531 0.041667
0 0.227734 0.961806 0.027344 0.026389
0 0.774219 0.158333 0.025000 0.030556
0 0.108984 0.945833 0.017969 0.033333
0 0.865625 0.306250 0.025000 0.026389
0 0.258594 0.854167 0.026562 0.050000
0 0.378125 0.266667 0.018750 0.036111
0 0.159375 0.053472 0.020313 0.029167
0 0.597266 0.906944 0.024219 0.025000
0 0.030078 0.375000 0.024219 0.044444
0 0.629687 0.834722 0.023438 0.033333
0 0.468750 0.893056 0.021875 0.050000
0 0.159766 0.929861 0.019531 0.034722
0 0.134766 0.481944 0.019531 0.041667
0 0.890625 0.372222 0.028125 0.036111
0 0.264844 0.618056 0.026562 0.047222
0 0.360938 0.209028 0.020313 0.026389
0 0.932813 0.502083 0.018750 0.043056
0 0.872656 0.423611 0.017188 0.041667
0 0.046484 0.686111 0.019531 0.025000
0 0.145313 0.380556 0.021875 0.041667
0 0.289062 0.254861 0.026562 0.037500
0 0.933984 0.200000 0.027344 0.030556
0 0.478516 0.141667 0.016406 0.036111
0 0.591016 0.552778 0.022656 0.033333
0 0.471484 0.432639 0.025781 0.026389
0 0.247656 0.454167 0.026562 0.033333
0 0.627734 0.699306 0.019531 0.031944
0 0.071094 0.147222 0.021875 0.047222
0 0.050781 0.292361 0.015625 0.040278
0 0.187109 0.127778 0.027344 0.030556
0 0.866797 0.532639 0.019531 0.048611
0 0.549609 0.146528 0.022656 0.040278
0 0.086719 0.889583 0.014063 0.029167
0 0.388281 0.044444 0.015625 0.036111
0 0.487500 0.104167 0.018750 0.025000
0 0.659766 0.096528 0.014844 0.026389
0 0.319141 0.872917 0.021094 0.029167
0 0.019531 0.879167 0.018750 0.047222
0 0.504297 0.429861 0.019531 0.040278
0 0.912109 0.877083 0.014844 0.037500
0 0.652344 0.540278 0.025000 0.025000
0 0.812500 0.905556 0.020313 0.050000
0 0.621875 0.127778 0.018750 0.030556
0 0.499609 0.047917 0.016406 0.034722
0 0.919141 0.041667 0.017969 0.036111
1 0.521484 0.601389 0.103906 0.280556
1 0.710156 0.339583 0.114062 0.212500
1 0.915234 0.720833 0.122656 0.175000
1 0.735547 0.772222 0.163281 0.197222
1 0.155078 0.692361 0.167969 0.245833
1 0.187891 0.240278 0.142969 0.175000
1 0.348438 0.475694 0.131250 0.268056
1 0.372266 0.743056 0.130469 0.205556