0 0.525391 0.328125 0.042969 0.039062
0 0.640625 0.606445 0.035156 0.052734
0 0.675781 0.853516 0.054688 0.042969
0 0.412109 0.417969 0.031250 0.035156
0 0.320312 0.047852 0.046875 0.052734
0 0.866211 0.176758 0.052734 0.033203
0 0.320312 0.864258 0.031250 0.033203
0 0.743164 0.118164 0.052734 0.044922
0 0.610352 0.756836 0.033203 0.041016
0 0.514648 0.044922 0.033203 0.035156
0 0.376953 0.688477 0.035156 0.056641
0 0.954102 0.096680 0.044922 0.044922
0 0.886719 0.250977 0.031250 0.041016
0 0.404297 0.273438 0.042969 0.039062
0 0.556641 0.478516 0.054688 0.058594
0 0.769531 0.041016 0.058594 0.031250
0 0.399414 0.220703 0.044922 0.031250
0 0.479492 0.468750 0.048828 0.058594
0 0.071289 0.952148 0.052734 0.052734
0 0.848633 0.306641 0.044922 0.035156
0 0.519531 0.177734 0.050781 0.046875
0 0.046875 0.061523 0.050781 0.048828
0 0.796875 0.254883 0.039062 0.056641
0 0.662109 0.105469 0.039062 0.050781
0 0.392578 0.601562 0.039062 0.031250
0 0.780273 0.782227 0.044922 0.041016
0 0.905273 0.396484 0.033203 0.042969
0 0.921875 0.758789 0.046875 0.056641
0 0.426758 0.134766 0.048828 0.035156
0 0.385742 0.090820 0.052734 0.033203
0 0.483398 0.229492 0.044922 0.041016
1 0.683594 0.332031 0.144531 0.250000
1 0.770508 0.614258 0.138672 0.263672
1 0.258789 0.217773 0.181641 0.177734
1 0.191406 0.589844 0.199219 0.183594
1 0.511719 0.617188 0.140625 0.140625
1 0.170898 0.813477 0.212891 0.181641
1 0.506836 0.884766 0.232422 0.179688
1 0.820312 0.882812 0.164062 0.136719
1 0.230469 0.404297 0.246094 0.136719