0 0.368164 0.846680 0.037109 0.037109
0 0.082031 0.964844 0.039062 0.039062
0 0.691406 0.692383 0.050781 0.048828
0 0.478516 0.591797 0.058594 0.050781
0 0.529297 0.444336 0.039062 0.056641
0 0.553711 0.928711 0.037109 0.033203
0 0.584961 0.402344 0.037109 0.035156
0 0.061523 0.364258 0.056641 0.033203
0 0.036133 0.515625 0.037109 0.039062
0 0.923828 0.491211 0.050781 0.033203
0 0.915039 0.559570 0.044922 0.041016
0 0.617188 0.791016 0.058594 0.046875
0 0.109375 0.887695 0.050781 0.037109
0 0.821289 0.689453 0.037109 0.046875
0 0.409180 0.303711 0.037109 0.052734
0 0.922852 0.832031 0.044922 0.031250
0 0.503906 0.957031 0.046875 0.050781
0 0.603516 0.303711 0.039062 0.041016
0 0.888672 0.656250 0.058594 0.058594
0 0.897461 0.333008 0.041016 0.033203
0 0.049805 0.237305 0.052734 0.033203
0 0.432617 0.908203 0.048828 0.046875
0 0.955078 0.771484 0.054688 0.039062
0 0.943359 0.937500 0.039062 0.039062
0 0.325195 0.735352 0.048828 0.044922
0 0.722656 0.180664 0.046875 0.044922
0 0.263672 0.870117 0.054688 0.052734
0 0.132812 0.810547 0.054688 0.035156
0 0.726562 0.033203 0.039062 0.035156
0 0.545898 0.607422 0.037109 0.031250
0 0.346680 0.908203 0.033203 0.031250
0 0.136719 0.519531 0.035156 0.031250
0 0.382812 0.234375 0.035156 0.035156
0 0.620117 0.145508 0.037109 0.037109
0 0.588867 0.867188 0.041016 0.042969
0 0.090820 0.459961 0.041016 0.033203
0 0.039062 0.852539 0.046875 0.052734
0 0.493164 0.330078 0.037109 0.031250
0 0.208008 0.565430 0.044922 0.037109
0 0.614258 0.731445 0.033203 0.048828
0 0.477539 0.407227 0.033203 0.048828
0 0.956055 0.608398 0.048828 0.037109
0 0.321289 0.597656 0.041016 0.031250
0 0.910156 0.394531 0.058594 0.042969
0 0.232422 0.800781 0.058594 0.031250
0 0.532227 0.863281 0.041016 0.039062
0 0.483398 0.525391 0.048828 0.039062
0 0.635742 0.889648 0.033203 0.041016
0 0.406250 0.143555 0.042969 0.056641
0 0.548828 0.527344 0.054688 0.031250
1 0.745117 0.475586 0.240234 0.271484
1 0.779297 0.856445 0.226562 0.248047
1 0.484375 0.758789 0.167969 0.142578
1 0.175781 0.684570 0.214844 0.177734
1 0.880859 0.170898 0.199219 0.228516
1 0.220703 0.197266 0.222656 0.269531
1 0.507812 0.133789 0.144531 0.232422
1 0.298828 0.446289 0.269531 0.173828