0 0.917969 0.612305 0.031250 0.044922
0 0.419922 0.048828 0.054688 0.054688
0 0.113281 0.218750 0.054688 0.050781
0 0.712891 0.608398 0.039062 0.052734
0 0.828125 0.543945 0.054688 0.048828
0 0.375000 0.656250 0.058594 0.058594
0 0.945312 0.131836 0.039062 0.052734
0 0.160156 0.368164 0.031250 0.033203
0 0.554688 0.186523 0.046875 0.044922
0 0.074219 0.533203 0.050781 0.046875
0 0.500000 0.075195 0.058594 0.052734
0 0.933594 0.188477 0.058594 0.037109
0 0.641602 0.901367 0.048828 0.052734
0 0.102539 0.156250 0.056641 0.039062
0 0.072266 0.323242 0.042969 0.044922
0 0.190430 0.098633 0.037109 0.056641
0 0.695312 0.750000 0.058594 0.046875
0 0.165039 0.303711 0.044922 0.044922
0 0.260742 0.938477 0.044922 0.033203
0 0.210938 0.228516 0.046875 0.046875
0 0.832031 0.230469 0.054688 0.058594
0 0.385742 0.721680 0.052734 0.033203
0 0.059570 0.076172 0.048828 0.046875
0 0.051758 0.653320 0.041016 0.044922
0 0.111328 0.931641 0.031250 0.046875
0 0.962891 0.474609 0.035156 0.039062
0 0.646484 0.667969 0.054688 0.046875
0 0.592773 0.104492 0.033203 0.037109
0 0.732422 0.942383 0.046875 0.044922
0 0.271484 0.050781 0.058594 0.031250
0 0.611328 0.162109 0.050781 0.031250
0 0.577148 0.718750 0.048828 0.050781
0 0.416016 0.418945 0.058594 0.037109
0 0.588867 0.840820 0.056641 0.033203
0 0.641602 0.777344 0.033203 0.031250
0 0.726562 0.527344 0.054688 0.054688
0 0.571289 0.041016 0.044922 0.050781
0 0.671875 0.827148 0.039062 0.033203
0 0.717773 0.683594 0.037109 0.058594
1 0.452148 0.866211 0.189453 0.154297
1 0.225586 0.561523 0.205078 0.251953
1 0.577148 0.520508 0.201172 0.177734
1 0.374023 0.226562 0.224609 0.218750
1 0.821289 0.377930 0.154297 0.208984
1 0.858398 0.742188 0.146484 0.164062
1 0.152344 0.793945 0.261719 0.142578
1 0.768555 0.111328 0.189453 0.140625
1 0.624023 0.321289 0.150391 0.162109