0 0.769531 0.687500 0.031250 0.042969
0 0.427734 0.899414 0.050781 0.033203
0 0.354492 0.218750 0.056641 0.046875
0 0.186523 0.373047 0.048828 0.039062
0 0.843750 0.737305 0.046875 0.048828
0 0.335938 0.746094 0.058594 0.054688
0 0.059570 0.499023 0.037109 0.052734
0 0.856445 0.830078 0.048828 0.031250
0 0.597656 0.633789 0.046875 0.037109
0 0.943359 0.382812 0.054688 0.054688
0 0.433594 0.405273 0.050781 0.056641
0 0.704102 0.748047 0.048828 0.039062
0 0.715820 0.812500 0.041016 0.054688
0 0.481445 0.642578 0.044922 0.050781
0 0.241211 0.456055 0.044922 0.037109
0 0.896484 0.674805 0.046875 0.048828
0 0.328125 0.408203 0.058594 0.031250
0 0.698242 0.659180 0.056641 0.037109
0 0.182617 0.933594 0.044922 0.031250
0 0.783203 0.627930 0.031250 0.037109
0 0.868164 0.405273 0.037109 0.052734
0 0.379883 0.099609 0.033203 0.050781
0 0.154297 0.591797 0.050781 0.042969
0 0.915039 0.822266 0.052734 0.046875
0 0.323242 0.296875 0.041016 0.042969
0 0.778320 0.732422 0.044922 0.031250
0 0.802734 0.840820 0.039062 0.048828
0 0.867188 0.931641 0.054688 0.035156
0 0.339844 0.923828 0.058594 0.058594
0 0.455078 0.800781 0.046875 0.058594
0 0.363281 0.675781 0.042969 0.058594
0 0.957031 0.503906 0.031250 0.054688
0 0.850586 0.079102 0.033203 0.033203
0 0.244141 0.513672 0.050781 0.046875
0 0.123047 0.376953 0.050781 0.039062
0 0.614258 0.462891 0.037109 0.058594
0 0.880859 0.220703 0.054688 0.046875
0 0.789062 0.288086 0.050781 0.037109
0 0.399414 0.330078 0.041016 0.035156
0 0.945312 0.732422 0.046875 0.050781
0 0.734375 0.920898 0.054688 0.044922
0 0.394531 0.957031 0.035156 0.050781
0 0.266602 0.939453 0.052734 0.050781
0 0.929688 0.128906 0.058594 0.054688
1 0.474609 0.522461 0.160156 0.158203
1 0.583984 0.895508 0.148438 0.162109
1 0.562500 0.230469 0.265625 0.269531
1 0.167969 0.772461 0.164062 0.205078
1 0.154297 0.173828 0.257812 0.265625
1 0.718750 0.492188 0.136719 0.156250