0 0.365625 0.884028 0.017188 0.037500
0 0.084766 0.771528 0.021094 0.031944
0 0.138281 0.761806 0.028125 0.048611
0 0.978906 0.520139 0.017188 0.043056
0 0.935547 0.134722 0.027344 0.044444
0 0.110156 0.673611 0.014063 0.050000
0 0.632422 0.835417 0.027344 0.040278
0 0.937109 0.906250 0.014844 0.029167
0 0.048438 0.263194 0.018750 0.043056
0 0.753906 0.834028 0.026562 0.031944
0 0.816797 0.957639 0.022656 0.037500
0 0.469531 0.058333 0.017188 0.036111
0 0.570703 0.173611 0.014844 0.044444
0 0.738281 0.662500 0.023438 0.041667
0 0.622266 0.217361 0.014844 0.029167
0 0.630078 0.289583 0.022656 0.048611
0 0.173828 0.675694 0.021094 0.031944
0 0.647656 0.889583 0.021875 0.043056
0 0.415234 0.613889 0.027344 0.050000
0 0.958594 0.602083 0.028125 0.043056
0 0.242578 0.764583 0.027344 0.037500
0 0.671484 0.066667 0.027344 0.033333
0 0.850000 0.929861 0.014063 0.040278
0 0.539453 0.371528 0.019531 0.048611
0 0.232422 0.257639 0.014844 0.045833
0 0.535937 0.103472 0.017188 0.040278
0 0.057031 0.956250 0.025000 0.029167
0 0.222266 0.119444 0.014844 0.033333
0 0.801953 0.715278 0.017969 0.041667
0 0.696875 0.604167 0.023438 0.038889
0 0.797266 0.859028 0.021094 0.026389
0 0.441797 0.446528 0.021094 0.034722
0 0.195703 0.040278 0.027344 0.044444
0 0.326953 0.475694 0.024219 0.034722
0 0.390234 0.877083 0.014844 0.026389
0 0.101562 0.394444 0.014063 0.025000
0 0.052344 0.653472 0.017188 0.037500
0 0.928125 0.254861 0.015625 0.045833
0 0.783594 0.565972 0.015625 0.037500
0 0.713281 0.189583 0.021875 0.037500
0 0.936328 0.376389 0.017969 0.027778
0 0.927734 0.825000 0.022656 0.047222
0 0.434375 0.534028 0.017188 0.040278
0 0.664844 0.604861 0.020313 0.034722
0 0.589844 0.375694 0.018750 0.045833
0 0.903906 0.858333 0.017188 0.036111
0 0.750781 0.229167 0.017188 0.047222
0 0.232422 0.706250 0.021094 0.037500
0 0.400391 0.473611 0.025781 0.036111
0 0.049219 0.344444 0.025000 0.050000
0 0.892578 0.213194 0.016406 0.026389
0 0.230859 0.934722 0.019531 0.047222
0 0.132422 0.103472 0.014844 0.031944
0 0.956641 0.923611 0.017969 0.044444
0 0.242188 0.336111 0.017188 0.044444
0 0.153125 0.825694 0.018750 0.045833
0 0.342969 0.427083 0.015625 0.031944
0 0.354297 0.955556 0.016406 0.027778
0 0.567578 0.245139 0.027344 0.026389
0 0.280469 0.343750 0.028125 0.040278
0 0.890234 0.752083 0.014844 0.029167
0 0.179688 0.729861 0.020313 0.040278
0 0.632422 0.642361 0.025781 0.043056
0 0.412891 0.895833 0.024219 0.036111
0 0.262891 0.654167 0.017969 0.033333
0 0.069922 0.891667 0.022656 0.025000
0 0.842578 0.793056 0.017969 0.030556
0 0.925781 0.732639 0.015625 0.045833
0 0.730859 0.730556 0.022656 0.047222
0 0.042969 0.577083 0.017188 0.040278
0 0.763672 0.918750 0.027344 0.048611
0 0.105469 0.602083 0.028125 0.026389
0 0.506641 0.402083 0.022656 0.043056
0 0.088281 0.645139 0.014063 0.043056
0 0.951172 0.750694 0.016406 0.045833
0 0.413281 0.828472 0.014063 0.045833
0 0.375000 0.566667 0.017188 0.030556
0 0.628906 0.182639 0.028125 0.029167
0 0.764062 0.718750 0.020313 0.031944
0 0.038672 0.209722 0.022656 0.047222
0 0.654687 0.956944 0.026562 0.050000
0 0.048828 0.702778 0.027344 0.033333
0 0.063672 0.840972 0.021094 0.031944
0 0.217969 0.886111 0.028125 0.027778
0 0.305859 0.547917 0.022656 0.034722
0 0.237500 0.200000 0.026562 0.033333
0 0.154688 0.926389 0.025000 0.036111
0 0.623437 0.700694 0.023438 0.029167
0 0.920312 0.181250 0.028125 0.034722
0 0.899219 0.956250 0.014063 0.031944
0 0.935937 0.075000 0.025000 0.050000
0 0.078516 0.072917 0.025781 0.034722
0 0.205078 0.258333 0.017969 0.041667
0 0.214453 0.841667 0.021094 0.038889
0 0.623437 0.540972 0.021875 0.029167
0 0.542969 0.059722 0.026562 0.036111
0 0.023828 0.826389 0.017969 0.047222
0 0.314063 0.384722 0.026562 0.033333
0 0.578516 0.575694 0.024219 0.031944
0 0.796875 0.623611 0.014063 0.033333
0 0.882812 0.909028 0.020313 0.045833
0 0.113281 0.451389 0.026562 0.030556
1 0.436719 0.255556 0.093750 0.283333
1 0.341016 0.726389 0.102344 0.175000
1 0.722266 0.440972 0.161719 0.190278
1 0.192578 0.485417 0.119531 0.231944
1 0.132812 0.252778 0.110937 0.177778
1 0.506641 0.572222 0.094531 0.255556
1 0.882812 0.581250 0.104688 0.231944
1 0.512500 0.854861 0.162500 0.184722
1 0.825781 0.155556 0.107813 0.225000