0 0.546094 0.968750 0.015625 0.026389
0 0.452344 0.887500 0.020313 0.027778
0 0.170313 0.611806 0.015625 0.040278
0 0.346875 0.093750 0.015625 0.040278
0 0.884375 0.837500 0.028125 0.050000
0 0.552734 0.164583 0.022656 0.029167
0 0.344141 0.959722 0.022656 0.025000
0 0.200000 0.837500 0.020313 0.025000
0 0.944141 0.307639 0.022656 0.026389
0 0.261719 0.585417 0.026562 0.043056
0 0.725391 0.378472 0.025781 0.040278
0 0.562500 0.742361 0.020313 0.031944
0 0.395313 0.315972 0.023438 0.048611
0 0.245312 0.836806 0.018750 0.034722
0 0.612891 0.956250 0.025781 0.026389
0 0.902734 0.062500 0.014844 0.030556
0 0.069531 0.047222 0.021875 0.030556
0 0.159375 0.040278 0.026562 0.036111
0 0.279297 0.806944 0.022656 0.027778
0 0.716797 0.439583 0.017969 0.048611
0 0.684766 0.495139 0.016406 0.034722
0 0.973047 0.118750 0.022656 0.043056
0 0.625391 0.795139 0.014844 0.037500
0 0.110937 0.081944 0.026562 0.027778
0 0.252344 0.080556 0.023438 0.030556
0 0.927344 0.248611 0.023438 0.038889
0 0.926172 0.063889 0.021094 0.047222
0 0.357031 0.045833 0.023438 0.025000
0 0.110156 0.806944 0.018750 0.038889
0 0.667578 0.213889 0.025781 0.050000
0 0.316406 0.790972 0.025000 0.026389
0 0.926953 0.943750 0.017969 0.048611
0 0.310937 0.134722 0.028125 0.044444
0 0.186719 0.529167 0.023438 0.050000
0 0.521094 0.103472 0.026562 0.026389
0 0.770703 0.398611 0.024219 0.033333
0 0.967187 0.220833 0.018750 0.050000
0 0.590234 0.116667 0.021094 0.044444
0 0.433594 0.940972 0.018750 0.048611
0 0.324219 0.078472 0.023438 0.045833
0 0.505469 0.782639 0.017188 0.026389
0 0.587109 0.680556 0.025781 0.036111
0 0.244922 0.876389 0.024219 0.030556
0 0.791016 0.566667 0.022656 0.041667
0 0.161328 0.927778 0.019531 0.030556
0 0.047656 0.071528 0.015625 0.037500
0 0.376563 0.894444 0.018750 0.027778
0 0.068750 0.315278 0.015625 0.030556
0 0.341016 0.832639 0.016406 0.040278
0 0.540234 0.206944 0.022656 0.036111
0 0.444922 0.328472 0.022656 0.029167
0 0.273438 0.261111 0.026562 0.025000
0 0.274219 0.211806 0.020313 0.026389
0 0.204297 0.441667 0.021094 0.030556
0 0.358594 0.228472 0.020313 0.043056
0 0.103516 0.934028 0.016406 0.037500
0 0.519922 0.738194 0.014844 0.037500
0 0.060937 0.368056 0.018750 0.036111
0 0.476562 0.195139 0.018750 0.037500
0 0.021875 0.431250 0.015625 0.048611
0 0.359375 0.322917 0.025000 0.029167
0 0.060156 0.172222 0.023438 0.038889
0 0.645703 0.290972 0.021094 0.043056
0 0.066797 0.950000 0.022656 0.027778
0 0.652734 0.935417 0.019531 0.031944
0 0.628906 0.700694 0.014063 0.031944
0 0.804297 0.881944 0.027344 0.050000
0 0.241016 0.755556 0.022656 0.044444
0 0.576953 0.631250 0.021094 0.043056
0 0.394141 0.725694 0.022656 0.029167
0 0.836719 0.897222 0.015625 0.025000
0 0.056641 0.809722 0.021094 0.044444
0 0.202344 0.711806 0.014063 0.045833
0 0.633984 0.087500 0.019531 0.041667
0 0.516797 0.266667 0.014844 0.033333
1 0.541406 0.445139 0.157812 0.262500
1 0.894922 0.557639 0.153906 0.298611
1 0.165625 0.298611 0.160938 0.230556
1 0.089453 0.595139 0.127344 0.215278
1 0.367578 0.557639 0.138281 0.290278
1 0.798047 0.165972 0.171094 0.201389
1 0.715625 0.747222 0.139063 0.297222