0 0.825195 0.359375 0.044922 0.046875
0 0.777344 0.550781 0.035156 0.058594
0 0.813477 0.797852 0.033203 0.048828
0 0.635742 0.076172 0.037109 0.054688
0 0.044922 0.615234 0.031250 0.039062
0 0.856445 0.162109 0.033203 0.050781
0 0.037109 0.054688 0.042969 0.039062
0 0.572266 0.379883 0.050781 0.052734
0 0.037109 0.849609 0.031250 0.031250
0 0.531250 0.957031 0.039062 0.054688
0 0.785156 0.654297 0.031250 0.058594
0 0.914062 0.919922 0.058594 0.058594
0 0.216797 0.850586 0.035156 0.037109
0 0.519531 0.322266 0.039062 0.039062
0 0.097656 0.788086 0.046875 0.041016
0 0.387695 0.083008 0.037109 0.044922
0 0.936523 0.523438 0.048828 0.050781
0 0.941406 0.675781 0.039062 0.031250
0 0.096680 0.238281 0.048828 0.046875
0 0.088867 0.165039 0.041016 0.052734
0 0.939453 0.135742 0.035156 0.052734
0 0.836914 0.734375 0.044922 0.031250
0 0.230469 0.906250 0.058594 0.054688
0 0.617188 0.910156 0.054688 0.039062
0 0.587891 0.262695 0.039062 0.044922
0 0.755859 0.927734 0.046875 0.031250
0 0.293945 0.457031 0.041016 0.039062
0 0.856445 0.227539 0.056641 0.033203
0 0.939453 0.611328 0.046875 0.050781
0 0.551758 0.145508 0.056641 0.037109
0 0.818359 0.907227 0.050781 0.033203
0 0.335938 0.065430 0.050781 0.052734
0 0.839844 0.045898 0.035156 0.033203
1 0.717773 0.225586 0.158203 0.189453
1 0.159180 0.625000 0.162109 0.238281
1 0.394531 0.236328 0.152344 0.199219
1 0.655273 0.801758 0.251953 0.162109
1 0.211914 0.255859 0.154297 0.273438
1 0.368164 0.848633 0.193359 0.248047
1 0.611328 0.536133 0.265625 0.240234
1 0.367188 0.616211 0.140625 0.166016