0 0.297852 0.270508 0.056641 0.041016
0 0.648438 0.444336 0.058594 0.048828
0 0.927734 0.122070 0.050781 0.033203
0 0.121094 0.513672 0.054688 0.039062
0 0.065430 0.665039 0.056641 0.056641
0 0.534180 0.374023 0.044922 0.048828
0 0.638672 0.961914 0.039062 0.033203
0 0.038086 0.939453 0.041016 0.058594
0 0.620117 0.210938 0.033203 0.042969
0 0.152344 0.591797 0.031250 0.054688
0 0.672852 0.535156 0.048828 0.042969
0 0.385742 0.130859 0.048828 0.039062
0 0.233398 0.563477 0.037109 0.056641
0 0.295898 0.480469 0.033203 0.054688
0 0.591797 0.363281 0.039062 0.042969
0 0.358398 0.874023 0.052734 0.037109
0 0.557617 0.309570 0.052734 0.033203
0 0.743164 0.731445 0.044922 0.037109
0 0.961914 0.258789 0.044922 0.048828
0 0.798828 0.158203 0.031250 0.054688
0 0.157227 0.687500 0.052734 0.058594
0 0.431641 0.645508 0.039062 0.056641
0 0.675781 0.361328 0.031250 0.039062
0 0.916016 0.674805 0.050781 0.044922
0 0.097656 0.572266 0.039062 0.039062
0 0.793945 0.737305 0.041016 0.044922
0 0.357422 0.475586 0.042969 0.056641
0 0.199219 0.915039 0.054688 0.048828
0 0.349609 0.321289 0.031250 0.056641
0 0.641602 0.857422 0.037109 0.046875
0 0.701172 0.214844 0.058594 0.050781
0 0.049805 0.559570 0.041016 0.052734
0 0.270508 0.053711 0.048828 0.048828
0 0.272461 0.870117 0.052734 0.048828
0 0.571289 0.492188 0.041016 0.046875
0 0.814453 0.629883 0.046875 0.048828
0 0.941406 0.814453 0.050781 0.054688
0 0.462891 0.092773 0.054688 0.056641
0 0.799805 0.242188 0.052734 0.046875
0 0.556641 0.959961 0.058594 0.041016
0 0.310547 0.394531 0.031250 0.050781
0 0.051758 0.500977 0.048828 0.041016
0 0.939453 0.748047 0.035156 0.050781
0 0.889648 0.223633 0.041016 0.037109
0 0.103516 0.813477 0.031250 0.044922
0 0.490234 0.945312 0.050781 0.039062
1 0.548828 0.670898 0.152344 0.271484
1 0.134766 0.164062 0.167969 0.246094
1 0.821289 0.418945 0.201172 0.271484
1 0.277344 0.709961 0.167969 0.185547
1 0.667969 0.111328 0.144531 0.136719
1 0.153320 0.389648 0.236328 0.146484
1 0.793945 0.875977 0.150391 0.212891