0 0.235156 0.844444 0.028125 0.044444
0 0.751563 0.261806 0.018750 0.043056
0 0.420703 0.204861 0.022656 0.034722
0 0.157031 0.884722 0.018750 0.033333
0 0.122656 0.954167 0.014063 0.038889
0 0.266797 0.747917 0.016406 0.037500
0 0.777344 0.895833 0.014063 0.025000
0 0.044922 0.894444 0.014844 0.025000
0 0.826953 0.606250 0.021094 0.031944
0 0.219922 0.053472 0.014844 0.045833
0 0.271484 0.872222 0.016406 0.027778
0 0.973828 0.071528 0.022656 0.045833
0 0.235547 0.777778 0.024219 0.047222
0 0.888672 0.571528 0.027344 0.043056
0 0.406250 0.037500 0.020313 0.033333
0 0.115234 0.841667 0.025781 0.033333
0 0.926172 0.911111 0.017969 0.041667
0 0.906641 0.640972 0.024219 0.029167
0 0.083594 0.323611 0.021875 0.025000
0 0.197656 0.120833 0.017188 0.047222
0 0.501563 0.949306 0.028125 0.040278
0 0.274609 0.590972 0.022656 0.026389
0 0.762109 0.938194 0.016406 0.048611
0 0.151562 0.933333 0.028125 0.044444
0 0.594141 0.671528 0.021094 0.037500
0 0.574609 0.067361 0.017969 0.034722
0 0.457422 0.211111 0.024219 0.044444
0 0.953906 0.642361 0.021875 0.040278
0 0.947656 0.780556 0.026562 0.030556
0 0.918359 0.547222 0.021094 0.050000
0 0.359375 0.225000 0.021875 0.027778
0 0.085156 0.113194 0.015625 0.048611
0 0.559375 0.669444 0.021875 0.044444
0 0.809766 0.156944 0.021094 0.050000
0 0.719922 0.253472 0.025781 0.048611
0 0.391406 0.112500 0.026562 0.047222
0 0.562891 0.902083 0.019531 0.034722
0 0.839844 0.037500 0.020313 0.030556
0 0.663672 0.472917 0.024219 0.043056
0 0.962109 0.343750 0.024219 0.037500
0 0.221484 0.172917 0.016406 0.040278
0 0.745703 0.880556 0.019531 0.030556
0 0.085156 0.065972 0.014063 0.031944
0 0.792969 0.647917 0.026562 0.043056
0 0.553906 0.850000 0.020313 0.027778
0 0.714453 0.331944 0.021094 0.050000
0 0.943359 0.134722 0.025781 0.033333
0 0.178516 0.046528 0.014844 0.031944
0 0.191016 0.419444 0.025781 0.047222
0 0.952344 0.256250 0.021875 0.031944
0 0.917969 0.847917 0.021875 0.037500
0 0.142969 0.272222 0.020313 0.044444
0 0.320312 0.154167 0.017188 0.044444
0 0.169141 0.333333 0.027344 0.050000
0 0.724219 0.458333 0.028125 0.047222
0 0.228906 0.899306 0.014063 0.043056
0 0.925391 0.406250 0.027344 0.031944
0 0.025000 0.216667 0.021875 0.025000
0 0.433594 0.121528 0.014063 0.043056
0 0.749609 0.200000 0.019531 0.030556
0 0.544141 0.501389 0.022656 0.033333
0 0.069141 0.236806 0.017969 0.048611
0 0.759766 0.310417 0.021094 0.029167
0 0.361328 0.084722 0.014844 0.033333
0 0.222266 0.670833 0.025781 0.047222
0 0.270313 0.929861 0.021875 0.031944
0 0.619531 0.541667 0.028125 0.033333
0 0.278125 0.141667 0.020313 0.025000
0 0.899219 0.961111 0.023438 0.041667
0 0.450391 0.049306 0.016406 0.037500
0 0.779687 0.068056 0.020313 0.033333
0 0.274219 0.819444 0.017188 0.038889
0 0.521484 0.894444 0.025781 0.036111
0 0.021875 0.404861 0.017188 0.040278
0 0.328125 0.040972 0.017188 0.034722
0 0.184375 0.926389 0.015625 0.038889
0 0.121484 0.169444 0.022656 0.033333
0 0.394141 0.193056 0.024219 0.036111
0 0.330859 0.097917 0.027344 0.040278
0 0.269531 0.679861 0.023438 0.037500
0 0.496875 0.729861 0.020313 0.034722
0 0.532031 0.744444 0.023438 0.030556
0 0.835938 0.541667 0.015625 0.041667
0 0.296875 0.850000 0.017188 0.033333
0 0.965234 0.421528 0.027344 0.029167
0 0.888281 0.401389 0.025000 0.025000
0 0.488281 0.878472 0.021875 0.045833
0 0.192188 0.280556 0.017188 0.044444
0 0.773047 0.127083 0.014844 0.048611
0 0.099219 0.791667 0.017188 0.030556
0 0.571094 0.783333 0.017188 0.038889
0 0.112109 0.389583 0.025781 0.034722
0 0.762109 0.397222 0.017969 0.030556
0 0.826562 0.675000 0.028125 0.033333
0 0.053906 0.410417 0.025000 0.029167
0 0.621094 0.448611 0.017188 0.038889
0 0.603125 0.799306 0.023438 0.029167
0 0.126953 0.218056 0.025781 0.036111
0 0.635156 0.912500 0.026562 0.041667
0 0.765625 0.484722 0.018750 0.038889
0 0.487109 0.119444 0.025781 0.041667
0 0.802344 0.941667 0.023438 0.030556
1 0.839844 0.799306 0.095312 0.168056
1 0.876563 0.284028 0.096875 0.181944
1 0.112109 0.629861 0.163281 0.268056
1 0.444922 0.500694 0.111719 0.170833
1 0.692969 0.711111 0.120313 0.186111
1 0.292969 0.381944 0.145313 0.266667
1 0.376953 0.801389 0.114844 0.275000
1 0.613672 0.262500 0.166406 0.272222