0 0.542188 0.752083 0.020313 0.043056
0 0.830859 0.512500 0.017969 0.050000
0 0.243359 0.356944 0.027344 0.044444
0 0.341016 0.820833 0.014844 0.030556
0 0.260547 0.681944 0.022656 0.033333
0 0.242188 0.147222 0.020313 0.036111
0 0.978906 0.858333 0.020313 0.050000
0 0.086328 0.845833 0.024219 0.033333
0 0.896875 0.448611 0.023438 0.030556
0 0.606641 0.060417 0.021094 0.031944
0 0.040234 0.197917 0.017969 0.031944
0 0.395313 0.811806 0.023438 0.037500
0 0.029687 0.812500 0.028125 0.047222
0 0.929688 0.042361 0.025000 0.045833
0 0.592969 0.881944 0.025000 0.033333
0 0.885156 0.734028 0.015625 0.034722
0 0.788672 0.768056 0.021094 0.041667
0 0.949609 0.502083 0.019531 0.026389
0 0.305469 0.783333 0.021875 0.041667
0 0.213672 0.623611 0.021094 0.025000
0 0.139453 0.045833 0.017969 0.025000
0 0.700781 0.087500 0.021875 0.038889
0 0.450391 0.816667 0.014844 0.044444
0 0.469531 0.640972 0.017188 0.037500
0 0.135156 0.920139 0.014063 0.048611
0 0.831250 0.641667 0.021875 0.041667
0 0.108594 0.907639 0.026562 0.040278
0 0.638281 0.809722 0.017188 0.036111
0 0.412891 0.894444 0.014844 0.036111
0 0.557422 0.112500 0.016406 0.044444
0 0.674609 0.553472 0.017969 0.043056
0 0.261719 0.911111 0.017188 0.047222
0 0.255859 0.792361 0.017969 0.040278
0 0.701172 0.214583 0.022656 0.031944
0 0.480469 0.706944 0.018750 0.025000
0 0.365234 0.068750 0.027344 0.045833
0 0.048047 0.306250 0.027344 0.043056
0 0.807813 0.838889 0.025000 0.033333
0 0.777734 0.467361 0.027344 0.026389
0 0.521875 0.616667 0.018750 0.047222
0 0.179688 0.639583 0.020313 0.048611
0 0.928906 0.209722 0.028125 0.044444
0 0.944141 0.379861 0.025781 0.040278
0 0.586719 0.557639 0.018750 0.043056
0 0.578125 0.653472 0.028125 0.040278
0 0.667578 0.765972 0.022656 0.048611
0 0.019922 0.430556 0.021094 0.050000
0 0.273438 0.104861 0.015625 0.045833
0 0.883203 0.876389 0.017969 0.033333
0 0.026172 0.865278 0.014844 0.027778
0 0.700000 0.836111 0.026562 0.033333
0 0.085156 0.487500 0.028125 0.027778
0 0.814844 0.388194 0.018750 0.031944
0 0.876563 0.789583 0.021875 0.034722
0 0.645703 0.727083 0.014844 0.034722
0 0.914844 0.775000 0.015625 0.033333
0 0.854688 0.665278 0.014063 0.030556
0 0.166797 0.512500 0.021094 0.038889
0 0.651563 0.218750 0.020313 0.040278
0 0.235156 0.269444 0.018750 0.036111
0 0.284766 0.325000 0.017969 0.038889
0 0.796094 0.942361 0.023438 0.040278
0 0.484375 0.800694 0.026562 0.031944
0 0.506250 0.668056 0.020313 0.041667
0 0.950781 0.462500 0.020313 0.033333
0 0.738281 0.901389 0.025000 0.044444
0 0.878906 0.933333 0.014063 0.030556
0 0.876953 0.492361 0.021094 0.045833
0 0.551172 0.640972 0.014844 0.031944
0 0.254297 0.847917 0.024219 0.048611
0 0.291016 0.861806 0.021094 0.034722
0 0.626563 0.654861 0.025000 0.031944
0 0.176172 0.794444 0.021094 0.027778
1 0.828125 0.215972 0.115625 0.256944
1 0.146094 0.299306 0.140625 0.262500
1 0.753516 0.599306 0.113281 0.198611
1 0.091406 0.647222 0.117188 0.241667
1 0.379297 0.297222 0.105469 0.247222
1 0.380859 0.603472 0.150781 0.179167
1 0.580469 0.374306 0.107813 0.301389