0 0.633984 0.120139 0.022656 0.034722
0 0.751953 0.302778 0.016406 0.041667
0 0.087109 0.169444 0.016406 0.041667
0 0.726172 0.452778 0.021094 0.041667
0 0.720313 0.168056 0.020313 0.033333
0 0.925391 0.202778 0.021094 0.030556
0 0.423438 0.397222 0.020313 0.044444
0 0.807813 0.907639 0.020313 0.048611
0 0.831250 0.527778 0.018750 0.033333
0 0.701172 0.272917 0.017969 0.026389
0 0.238281 0.493056 0.018750 0.027778
0 0.156250 0.152778 0.025000 0.033333
0 0.947656 0.942361 0.028125 0.026389
0 0.937109 0.393056 0.014844 0.038889
0 0.964844 0.606944 0.017188 0.036111
0 0.435547 0.940972 0.021094 0.031944
0 0.142969 0.288194 0.018750 0.031944
0 0.262109 0.518750 0.016406 0.026389
0 0.944922 0.288194 0.024219 0.034722
0 0.930859 0.546528 0.014844 0.037500
0 0.478125 0.602083 0.028125 0.029167
0 0.503125 0.459722 0.017188 0.041667
0 0.437109 0.139583 0.017969 0.040278
0 0.416406 0.315278 0.023438 0.038889
0 0.044922 0.359028 0.014844 0.031944
0 0.748437 0.045833 0.018750 0.044444
0 0.408594 0.570833 0.021875 0.030556
0 0.881641 0.914583 0.025781 0.029167
0 0.948828 0.057639 0.017969 0.026389
0 0.747266 0.253472 0.024219 0.026389
0 0.503125 0.402778 0.023438 0.044444
0 0.044141 0.564583 0.022656 0.029167
0 0.296484 0.555556 0.022656 0.044444
0 0.384375 0.090278 0.026562 0.050000
0 0.189062 0.119444 0.017188 0.050000
0 0.923438 0.640278 0.014063 0.025000
0 0.283984 0.952083 0.019531 0.031944
0 0.328906 0.963194 0.020313 0.040278
0 0.672266 0.187500 0.017969 0.050000
0 0.630469 0.909028 0.015625 0.026389
0 0.429297 0.225694 0.025781 0.043056
0 0.048047 0.919444 0.027344 0.027778
0 0.775781 0.366667 0.020313 0.036111
0 0.947266 0.164583 0.017969 0.034722
0 0.835156 0.037500 0.023438 0.041667
0 0.464844 0.961111 0.028125 0.030556
0 0.423828 0.457639 0.016406 0.031944
0 0.116016 0.094444 0.025781 0.038889
0 0.962891 0.209028 0.019531 0.043056
0 0.317578 0.033333 0.019531 0.033333
0 0.238672 0.033333 0.016406 0.030556
0 0.761719 0.468056 0.023438 0.050000
0 0.681641 0.327778 0.027344 0.041667
0 0.713672 0.229167 0.025781 0.044444
0 0.233594 0.583333 0.026562 0.030556
0 0.867188 0.106250 0.018750 0.029167
0 0.339453 0.592361 0.022656 0.048611
0 0.181641 0.071528 0.014844 0.026389
0 0.871484 0.536806 0.021094 0.045833
0 0.369531 0.872222 0.023438 0.050000
0 0.868359 0.068056 0.024219 0.027778
0 0.906250 0.960417 0.025000 0.029167
0 0.066016 0.111806 0.014844 0.026389
0 0.381641 0.486806 0.022656 0.034722
0 0.628906 0.272917 0.017188 0.045833
0 0.902344 0.554167 0.017188 0.025000
0 0.044531 0.442361 0.018750 0.029167
0 0.111328 0.206250 0.022656 0.048611
0 0.330469 0.447222 0.014063 0.027778
0 0.280078 0.884028 0.014844 0.037500
0 0.751172 0.381944 0.022656 0.044444
0 0.928906 0.110417 0.028125 0.040278
0 0.312500 0.609722 0.025000 0.044444
0 0.476953 0.545833 0.022656 0.027778
0 0.385156 0.961806 0.026562 0.037500
0 0.404297 0.890278 0.016406 0.025000
0 0.950000 0.527778 0.015625 0.050000
0 0.017969 0.565278 0.014063 0.044444
0 0.547266 0.538889 0.025781 0.038889
0 0.118750 0.281944 0.018750 0.033333
0 0.131641 0.950000 0.022656 0.050000
0 0.357422 0.947222 0.019531 0.025000
0 0.312109 0.102778 0.021094 0.041667
0 0.337109 0.536111 0.021094 0.047222
0 0.172266 0.219444 0.021094 0.041667
0 0.044531 0.044444 0.021875 0.027778
0 0.384766 0.615278 0.025781 0.047222
0 0.344531 0.800000 0.020313 0.041667
1 0.114062 0.754861 0.157812 0.262500
1 0.530469 0.200000 0.128125 0.291667
1 0.467578 0.775694 0.161719 0.187500
1 0.137109 0.450000 0.139844 0.266667
1 0.845313 0.290972 0.101562 0.273611
1 0.630859 0.483333 0.132031 0.222222
1 0.851562 0.731250 0.101562 0.245833
1 0.310547 0.282639 0.130469 0.284722
1 0.646875 0.719444 0.165625 0.172222
1 0.271484 0.732639 0.116406 0.184722