0 0.455078 0.828125 0.035156 0.050781
0 0.386719 0.292969 0.031250 0.046875
0 0.860352 0.325195 0.048828 0.052734
0 0.742188 0.132812 0.035156 0.058594
0 0.231445 0.931641 0.037109 0.039062
0 0.546875 0.880859 0.042969 0.042969
0 0.606445 0.402344 0.041016 0.054688
0 0.519531 0.590820 0.054688 0.044922
0 0.850586 0.648438 0.056641 0.050781
0 0.851562 0.107422 0.031250 0.046875
0 0.299805 0.948242 0.041016 0.041016
0 0.537109 0.222656 0.046875 0.042969
0 0.916016 0.657227 0.042969 0.056641
0 0.533203 0.817383 0.050781 0.041016
0 0.647461 0.133789 0.033203 0.033203
0 0.952148 0.169922 0.044922 0.039062
0 0.786133 0.545898 0.048828 0.037109
0 0.298828 0.891602 0.054688 0.056641
0 0.688477 0.280273 0.033203 0.037109
0 0.370117 0.863281 0.041016 0.031250
0 0.363281 0.237305 0.031250 0.048828
0 0.638672 0.323242 0.046875 0.056641
0 0.048828 0.764648 0.039062 0.033203
0 0.678711 0.386719 0.052734 0.031250
0 0.607422 0.885742 0.046875 0.044922
0 0.340820 0.378906 0.052734 0.039062
0 0.140625 0.419922 0.054688 0.046875
0 0.248047 0.417969 0.042969 0.058594
0 0.143555 0.798828 0.041016 0.054688
0 0.305664 0.497070 0.052734 0.044922
0 0.068359 0.706055 0.058594 0.033203
0 0.746094 0.271484 0.050781 0.046875
0 0.092773 0.851562 0.041016 0.031250
0 0.805664 0.119141 0.033203 0.058594
0 0.321289 0.150391 0.041016 0.046875
0 0.244141 0.806641 0.042969 0.054688
0 0.413086 0.801758 0.033203 0.033203
1 0.279297 0.637695 0.250000 0.208984
1 0.896484 0.468750 0.148438 0.164062
1 0.654297 0.612305 0.195312 0.212891
1 0.489258 0.118164 0.255859 0.138672
1 0.495117 0.350586 0.158203 0.162109
1 0.150391 0.172852 0.140625 0.255859
1 0.786133 0.840820 0.228516 0.150391