0 0.194531 0.693056 0.018750 0.047222
0 0.540625 0.470833 0.020313 0.033333
0 0.349609 0.034028 0.025781 0.031944
0 0.115234 0.061806 0.022656 0.029167
0 0.041797 0.311111 0.024219 0.025000
0 0.192188 0.762500 0.015625 0.033333
0 0.900000 0.611806 0.023438 0.048611
0 0.245703 0.735417 0.024219 0.043056
0 0.742969 0.138194 0.018750 0.040278
0 0.794531 0.093750 0.023438 0.045833
0 0.964063 0.288889 0.020313 0.050000
0 0.832422 0.184028 0.025781 0.034722
0 0.479687 0.806944 0.017188 0.036111
0 0.972266 0.209028 0.025781 0.037500
0 0.808203 0.227778 0.022656 0.030556
0 0.296484 0.101389 0.024219 0.050000
0 0.035937 0.727778 0.014063 0.025000
0 0.964063 0.104861 0.021875 0.034722
0 0.650781 0.067361 0.018750 0.029167
0 0.080469 0.294444 0.028125 0.036111
0 0.819531 0.777778 0.023438 0.036111
0 0.976953 0.697917 0.014844 0.026389
0 0.034766 0.053472 0.019531 0.037500
0 0.709766 0.768750 0.017969 0.037500
0 0.282031 0.847222 0.014063 0.038889
0 0.754297 0.056250 0.024219 0.029167
0 0.177734 0.168056 0.025781 0.041667
0 0.120703 0.681944 0.017969 0.047222
0 0.673438 0.447917 0.023438 0.034722
0 0.573047 0.752778 0.027344 0.038889
0 0.248047 0.075694 0.024219 0.034722
0 0.969531 0.465278 0.014063 0.041667
0 0.898047 0.673611 0.017969 0.038889
0 0.662891 0.629861 0.022656 0.026389
0 0.800391 0.877778 0.025781 0.036111
0 0.967578 0.635417 0.021094 0.031944
0 0.789453 0.920833 0.017969 0.030556
0 0.308984 0.933333 0.024219 0.027778
0 0.154297 0.802778 0.025781 0.050000
0 0.539844 0.911111 0.018750 0.038889
0 0.681250 0.495833 0.017188 0.036111
0 0.063281 0.187500 0.015625 0.047222
0 0.670703 0.932639 0.025781 0.043056
0 0.724219 0.334722 0.020313 0.033333
0 0.226172 0.952083 0.024219 0.040278
0 0.203125 0.877778 0.025000 0.041667
0 0.928125 0.518056 0.020313 0.025000
0 0.639844 0.401389 0.017188 0.047222
0 0.647656 0.768056 0.020313 0.033333
0 0.719141 0.093056 0.016406 0.044444
0 0.711328 0.950000 0.025781 0.041667
0 0.878125 0.135417 0.014063 0.043056
0 0.585547 0.050694 0.014844 0.040278
0 0.651953 0.836806 0.019531 0.026389
0 0.421484 0.535417 0.017969 0.040278
0 0.621484 0.484722 0.024219 0.050000
0 0.442969 0.940278 0.018750 0.025000
0 0.695703 0.352778 0.025781 0.030556
0 0.912500 0.417361 0.025000 0.031944
0 0.289844 0.742361 0.014063 0.034722
0 0.594531 0.486806 0.015625 0.040278
0 0.842578 0.047222 0.024219 0.036111
0 0.030469 0.536806 0.018750 0.031944
0 0.475391 0.862500 0.019531 0.025000
0 0.577734 0.867361 0.016406 0.045833
0 0.694531 0.193056 0.015625 0.041667
0 0.382031 0.481944 0.020313 0.025000
0 0.447656 0.056944 0.017188 0.038889
0 0.942187 0.665972 0.014063 0.026389
0 0.923828 0.381250 0.014844 0.026389
0 0.979297 0.164583 0.016406 0.040278
0 0.692578 0.396528 0.022656 0.029167
0 0.551562 0.404167 0.028125 0.041667
0 0.766406 0.523611 0.020313 0.041667
0 0.688672 0.056944 0.025781 0.044444
0 0.719531 0.438194 0.028125 0.040278
0 0.159375 0.031944 0.023438 0.030556
0 0.581250 0.347222 0.023438 0.027778
0 0.292578 0.663889 0.025781 0.044444
0 0.615625 0.686111 0.014063 0.025000
0 0.852344 0.102778 0.023438 0.038889
0 0.019531 0.651389 0.015625 0.038889
0 0.719531 0.246528 0.014063 0.040278
0 0.920703 0.683333 0.019531 0.038889
0 0.450391 0.476389 0.022656 0.036111
0 0.926172 0.312500 0.019531 0.036111
0 0.050391 0.666667 0.016406 0.033333
0 0.516797 0.429861 0.016406 0.034722
0 0.458984 0.752778 0.017969 0.033333
0 0.204297 0.819444 0.017969 0.044444
0 0.762891 0.348611 0.014844 0.036111
0 0.691406 0.875000 0.014063 0.047222
0 0.707812 0.636806 0.018750 0.045833
0 0.244141 0.856944 0.017969 0.044444
0 0.914453 0.249306 0.019531 0.034722
1 0.201953 0.522222 0.132031 0.275000
1 0.528906 0.623611 0.137500 0.202778
1 0.583203 0.222222 0.141406 0.188889
1 0.274609 0.248611 0.150781 0.202778
1 0.832812 0.378472 0.115625 0.204167
1 0.818359 0.645833 0.107031 0.175000
1 0.380469 0.773611 0.110937 0.213889
1 0.076563 0.850000 0.093750 0.166667