0 0.931250 0.688194 0.023438 0.031944
0 0.229687 0.427083 0.014063 0.034722
0 0.442578 0.491667 0.025781 0.027778
0 0.935547 0.497222 0.027344 0.025000
0 0.339453 0.952083 0.027344 0.040278
0 0.973047 0.254167 0.017969 0.025000
0 0.181641 0.277778 0.024219 0.036111
0 0.982031 0.573611 0.017188 0.047222
0 0.970703 0.438889 0.014844 0.030556
0 0.938672 0.263889 0.022656 0.025000
0 0.455859 0.545139 0.019531 0.031944
0 0.816406 0.063194 0.015625 0.037500
0 0.382422 0.461111 0.017969 0.027778
0 0.476562 0.468056 0.026562 0.025000
0 0.666797 0.304167 0.027344 0.033333
0 0.251172 0.856944 0.022656 0.030556
0 0.257031 0.267361 0.023438 0.037500
0 0.717969 0.353472 0.021875 0.043056
0 0.182031 0.932639 0.014063 0.045833
0 0.062500 0.208333 0.014063 0.027778
0 0.133203 0.763889 0.027344 0.027778
0 0.971875 0.948611 0.026562 0.041667
0 0.221484 0.079861 0.019531 0.034722
0 0.474609 0.352778 0.017969 0.033333
0 0.482031 0.431944 0.025000 0.027778
0 0.780859 0.963194 0.024219 0.040278
0 0.304297 0.311111 0.016406 0.050000
0 0.042578 0.896528 0.019531 0.040278
0 0.911719 0.431944 0.017188 0.027778
0 0.873047 0.452778 0.019531 0.047222
0 0.382812 0.953472 0.028125 0.040278
0 0.292578 0.560417 0.014844 0.040278
0 0.965234 0.369444 0.014844 0.025000
0 0.738281 0.429167 0.021875 0.025000
0 0.184766 0.133333 0.019531 0.033333
0 0.536328 0.252778 0.022656 0.047222
0 0.080469 0.071528 0.021875 0.034722
0 0.233203 0.384722 0.014844 0.033333
0 0.438281 0.954861 0.014063 0.045833
0 0.892969 0.258333 0.017188 0.033333
0 0.430859 0.058333 0.016406 0.025000
0 0.336328 0.079167 0.017969 0.033333
0 0.138672 0.833333 0.016406 0.027778
0 0.933984 0.725000 0.019531 0.025000
0 0.328125 0.495139 0.018750 0.040278
0 0.260937 0.422917 0.020313 0.045833
0 0.408594 0.600694 0.014063 0.029167
0 0.971875 0.102778 0.015625 0.044444
0 0.935156 0.777083 0.017188 0.037500
0 0.489453 0.315278 0.027344 0.030556
0 0.623047 0.275694 0.019531 0.029167
0 0.437891 0.109028 0.016406 0.045833
0 0.539062 0.949306 0.018750 0.034722
0 0.713281 0.418056 0.020313 0.027778
0 0.252734 0.478472 0.027344 0.048611
0 0.034375 0.739583 0.017188 0.040278
0 0.061719 0.800694 0.023438 0.034722
0 0.339844 0.579167 0.014063 0.033333
0 0.885938 0.206944 0.018750 0.038889
0 0.288281 0.420833 0.015625 0.041667
0 0.373828 0.057639 0.024219 0.026389
0 0.211328 0.200000 0.024219 0.027778
0 0.882422 0.108333 0.027344 0.041667
0 0.125391 0.036111 0.022656 0.025000
0 0.878906 0.950000 0.015625 0.041667
0 0.846094 0.932639 0.021875 0.029167
0 0.851953 0.360417 0.021094 0.043056
0 0.707422 0.219444 0.024219 0.033333
0 0.358594 0.421528 0.018750 0.029167
0 0.908203 0.945833 0.017969 0.041667
0 0.170703 0.815278 0.019531 0.030556
0 0.269922 0.094444 0.024219 0.044444
0 0.975781 0.322917 0.015625 0.040278
0 0.542188 0.209028 0.018750 0.026389
0 0.784766 0.363889 0.021094 0.036111
0 0.248438 0.666667 0.021875 0.050000
0 0.717578 0.101389 0.027344 0.027778
0 0.092188 0.865278 0.015625 0.044444
0 0.260937 0.948611 0.014063 0.036111
0 0.507422 0.367361 0.016406 0.043056
0 0.129688 0.193056 0.020313 0.050000
0 0.207031 0.810417 0.021875 0.043056
0 0.080859 0.289583 0.024219 0.029167
0 0.121094 0.086111 0.021875 0.041667
0 0.388672 0.550000 0.025781 0.047222
0 0.942578 0.375694 0.019531 0.045833
0 0.428516 0.614583 0.016406 0.045833
0 0.562891 0.834722 0.014844 0.047222
0 0.188281 0.736806 0.025000 0.026389
0 0.163281 0.223611 0.021875 0.025000
0 0.219922 0.300694 0.014844 0.043056
0 0.505078 0.147222 0.022656 0.027778
0 0.160547 0.148611 0.019531 0.027778
0 0.506641 0.083333 0.024219 0.050000
0 0.757812 0.946528 0.014063 0.029167
0 0.102344 0.778472 0.023438 0.045833
0 0.315625 0.374306 0.017188 0.040278
0 0.977344 0.641667 0.026562 0.038889
0 0.562109 0.903472 0.022656 0.045833
0 0.572266 0.286806 0.021094 0.034722
0 0.296094 0.503472 0.018750 0.031944
0 0.403906 0.100000 0.020313 0.047222
0 0.978906 0.901389 0.023438 0.030556
0 0.051172 0.846528 0.025781 0.031944
0 0.246484 0.615278 0.019531 0.033333
0 0.259766 0.758333 0.022656 0.030556
0 0.214844 0.719444 0.015625 0.025000
0 0.502344 0.661111 0.014063 0.030556
0 0.304688 0.245833 0.026562 0.036111
1 0.394141 0.274306 0.128906 0.234722
1 0.595313 0.511111 0.140625 0.291667
1 0.170703 0.538889 0.094531 0.286111
1 0.627734 0.159722 0.125781 0.177778
1 0.467578 0.785417 0.133594 0.187500
1 0.794531 0.806944 0.096875 0.172222
1 0.802734 0.223611 0.103906 0.200000
1 0.662109 0.817361 0.139844 0.262500
1 0.772656 0.553472 0.159375 0.198611
1 0.331641 0.744444 0.108594 0.247222