0 0.101172 0.609028 0.014844 0.037500
0 0.346875 0.797917 0.023438 0.045833
0 0.121875 0.050694 0.021875 0.037500
0 0.877734 0.232639 0.025781 0.034722
0 0.201172 0.722222 0.025781 0.030556
0 0.398438 0.952778 0.015625 0.033333
0 0.978906 0.950694 0.017188 0.026389
0 0.152344 0.156944 0.021875 0.025000
0 0.022656 0.791667 0.017188 0.050000
0 0.767188 0.946528 0.014063 0.031944
0 0.212891 0.943750 0.027344 0.040278
0 0.396875 0.811111 0.025000 0.038889
0 0.734375 0.645833 0.026562 0.033333
0 0.156641 0.655556 0.025781 0.033333
0 0.411328 0.887500 0.027344 0.036111
0 0.047266 0.484722 0.017969 0.041667
0 0.910156 0.310417 0.021875 0.029167
0 0.169141 0.500000 0.025781 0.050000
0 0.073828 0.659722 0.014844 0.030556
0 0.086328 0.436111 0.017969 0.036111
0 0.130859 0.409028 0.021094 0.040278
0 0.512891 0.540972 0.016406 0.043056
0 0.102734 0.719444 0.017969 0.044444
0 0.943359 0.241667 0.014844 0.044444
0 0.374609 0.768056 0.021094 0.027778
0 0.421094 0.547917 0.014063 0.029167
0 0.880859 0.902083 0.017969 0.029167
0 0.908203 0.356944 0.017969 0.033333
0 0.335547 0.904167 0.016406 0.027778
0 0.943750 0.398611 0.017188 0.033333
0 0.266797 0.724306 0.027344 0.045833
0 0.198828 0.365278 0.021094 0.033333
0 0.051562 0.249306 0.025000 0.043056
0 0.079297 0.559028 0.022656 0.029167
0 0.626953 0.305556 0.014844 0.050000
0 0.146094 0.198611 0.020313 0.044444
0 0.536328 0.081250 0.016406 0.026389
0 0.100781 0.886111 0.028125 0.044444
0 0.432031 0.606944 0.020313 0.033333
0 0.436328 0.843750 0.016406 0.037500
0 0.026562 0.927778 0.028125 0.047222
0 0.094141 0.759722 0.016406 0.025000
0 0.139063 0.589583 0.018750 0.029167
0 0.177344 0.790972 0.025000 0.029167
0 0.665625 0.931944 0.017188 0.027778
0 0.217578 0.868056 0.024219 0.036111
0 0.298828 0.061111 0.022656 0.050000
0 0.134375 0.259722 0.025000 0.044444
0 0.075391 0.144444 0.022656 0.030556
0 0.742188 0.044444 0.025000 0.041667
0 0.261719 0.775000 0.028125 0.041667
0 0.770703 0.412500 0.016406 0.041667
0 0.489063 0.090972 0.015625 0.029167
0 0.055078 0.534722 0.014844 0.044444
0 0.423438 0.177083 0.014063 0.037500
0 0.094922 0.363889 0.024219 0.047222
0 0.891016 0.786806 0.021094 0.034722
0 0.114453 0.804861 0.016406 0.034722
0 0.443750 0.662500 0.025000 0.027778
0 0.911328 0.925694 0.019531 0.048611
0 0.687500 0.407639 0.021875 0.043056
0 0.023828 0.154861 0.022656 0.043056
0 0.046875 0.118056 0.014063 0.025000
0 0.112891 0.462500 0.025781 0.030556
0 0.944141 0.160417 0.021094 0.043056
0 0.192969 0.632639 0.015625 0.034722
0 0.127344 0.338194 0.017188 0.029167
0 0.728906 0.547917 0.028125 0.026389
0 0.344922 0.740972 0.027344 0.031944
0 0.650781 0.895833 0.028125 0.025000
0 0.453906 0.518750 0.021875 0.026389
0 0.847656 0.780556 0.020313 0.036111
0 0.199219 0.488889 0.021875 0.025000
0 0.582422 0.922222 0.016406 0.050000
0 0.810156 0.520139 0.026562 0.029167
0 0.404297 0.493056 0.025781 0.041667
0 0.394922 0.059028 0.019531 0.037500
0 0.145703 0.794444 0.017969 0.025000
0 0.229687 0.069444 0.025000 0.030556
0 0.087891 0.266667 0.025781 0.041667
0 0.931250 0.083333 0.021875 0.025000
0 0.719922 0.593056 0.014844 0.033333
0 0.296094 0.738889 0.015625 0.041667
0 0.033594 0.720833 0.021875 0.027778
0 0.133984 0.520833 0.017969 0.025000
0 0.379297 0.720833 0.022656 0.025000
0 0.299609 0.925000 0.016406 0.047222
0 0.546094 0.925694 0.026562 0.026389
0 0.736328 0.504861 0.016406 0.026389
0 0.293750 0.829167 0.015625 0.033333
0 0.179297 0.079167 0.019531 0.027778
0 0.962109 0.311111 0.019531 0.033333
0 0.021094 0.253472 0.021875 0.037500
0 0.830469 0.456944 0.021875 0.036111
0 0.821875 0.958333 0.015625 0.050000
0 0.964453 0.895833 0.021094 0.030556
0 0.218750 0.113194 0.014063 0.045833
0 0.714844 0.946528 0.021875 0.029167
0 0.027734 0.031944 0.019531 0.027778
0 0.373047 0.952778 0.019531 0.036111
1 0.506250 0.284028 0.095312 0.287500
1 0.301563 0.539583 0.168750 0.290278
1 0.747656 0.243056 0.153125 0.263889
1 0.546484 0.726389 0.150781 0.291667
1 0.764844 0.785417 0.129688 0.218056
1 0.915625 0.588194 0.114062 0.248611
1 0.340234 0.227083 0.107031 0.234722
1 0.216406 0.240278 0.096875 0.180556