0 0.934570 0.738281 0.037109 0.042969
0 0.385742 0.804688 0.041016 0.058594
0 0.737305 0.927734 0.056641 0.035156
0 0.466797 0.349609 0.046875 0.058594
0 0.097656 0.704102 0.039062 0.052734
0 0.484375 0.905273 0.054688 0.044922
0 0.140625 0.085938 0.058594 0.054688
0 0.506836 0.842773 0.033203 0.056641
0 0.421875 0.913086 0.042969 0.033203
0 0.631836 0.879883 0.052734 0.048828
0 0.046875 0.275391 0.054688 0.046875
0 0.049805 0.484375 0.044922 0.042969
0 0.355469 0.551758 0.039062 0.048828
0 0.506836 0.477539 0.033203 0.056641
0 0.109375 0.154297 0.031250 0.031250
0 0.386719 0.152344 0.031250 0.054688
0 0.939453 0.622070 0.031250 0.052734
0 0.366211 0.932617 0.037109 0.041016
0 0.592773 0.305664 0.056641 0.033203
0 0.459961 0.443359 0.037109 0.039062
0 0.736328 0.586914 0.046875 0.037109
0 0.561523 0.372070 0.037109 0.056641
0 0.920898 0.517578 0.044922 0.035156
0 0.786133 0.662109 0.037109 0.050781
0 0.045898 0.334961 0.041016 0.033203
0 0.594727 0.780273 0.052734 0.052734
0 0.494141 0.771484 0.054688 0.039062
0 0.402344 0.618164 0.031250 0.056641
0 0.936523 0.466797 0.033203 0.039062
0 0.340820 0.433594 0.056641 0.031250
0 0.393555 0.057617 0.048828 0.033203
0 0.942383 0.081055 0.037109 0.037109
0 0.301758 0.557617 0.037109 0.041016
0 0.443359 0.505859 0.058594 0.042969
0 0.057617 0.219727 0.048828 0.044922
1 0.257812 0.683594 0.242188 0.156250
1 0.533203 0.628906 0.195312 0.171875
1 0.247070 0.218750 0.193359 0.191406
1 0.777344 0.789062 0.210938 0.164062
1 0.779297 0.414062 0.234375 0.148438
1 0.792969 0.123047 0.171875 0.167969
1 0.174805 0.443359 0.177734 0.167969
1 0.558594 0.154297 0.230469 0.203125
1 0.187500 0.887695 0.257812 0.146484