0 0.652734 0.677778 0.021094 0.030556
0 0.895703 0.873611 0.019531 0.044444
0 0.128906 0.076389 0.020313 0.025000
0 0.019922 0.232639 0.016406 0.040278
0 0.190625 0.188194 0.015625 0.040278
0 0.669531 0.729167 0.017188 0.036111
0 0.227734 0.712500 0.019531 0.044444
0 0.324609 0.828472 0.022656 0.040278
0 0.369141 0.118056 0.022656 0.027778
0 0.635156 0.387500 0.028125 0.025000
0 0.317188 0.395139 0.018750 0.048611
0 0.062500 0.110417 0.017188 0.040278
0 0.689453 0.423611 0.027344 0.047222
0 0.118359 0.124306 0.014844 0.045833
0 0.782422 0.417361 0.017969 0.031944
0 0.583984 0.482639 0.019531 0.029167
0 0.533594 0.077083 0.018750 0.043056
0 0.712891 0.520833 0.027344 0.047222
0 0.392188 0.046528 0.026562 0.040278
0 0.708594 0.568750 0.014063 0.034722
0 0.415234 0.248611 0.017969 0.033333
0 0.383203 0.236806 0.016406 0.026389
0 0.694141 0.318056 0.022656 0.047222
0 0.179688 0.885417 0.028125 0.031944
0 0.969922 0.340972 0.014844 0.034722
0 0.844141 0.057639 0.027344 0.034722
0 0.623047 0.677083 0.022656 0.029167
0 0.967187 0.389583 0.021875 0.029167
0 0.316406 0.617361 0.020313 0.043056
0 0.371484 0.959028 0.021094 0.043056
0 0.958984 0.875000 0.019531 0.050000
0 0.969141 0.963889 0.016406 0.025000
0 0.690625 0.888889 0.021875 0.050000
0 0.180469 0.373611 0.026562 0.044444
0 0.271484 0.825000 0.027344 0.050000
0 0.258984 0.781250 0.019531 0.026389
0 0.181641 0.953472 0.024219 0.026389
0 0.748047 0.416667 0.019531 0.041667
0 0.769141 0.561806 0.025781 0.034722
0 0.960938 0.090278 0.025000 0.025000
0 0.378125 0.175694 0.018750 0.043056
0 0.973047 0.704167 0.014844 0.044444
0 0.188672 0.138194 0.019531 0.034722
0 0.601953 0.863889 0.021094 0.047222
0 0.061719 0.568750 0.015625 0.045833
0 0.775000 0.202083 0.017188 0.048611
0 0.305078 0.484722 0.016406 0.050000
0 0.733594 0.457639 0.025000 0.026389
0 0.582031 0.388194 0.023438 0.048611
0 0.885156 0.613889 0.023438 0.036111
0 0.483984 0.075000 0.014844 0.047222
0 0.799609 0.075694 0.014844 0.031944
0 0.148047 0.941667 0.022656 0.027778
0 0.646484 0.755556 0.022656 0.036111
0 0.278906 0.482639 0.025000 0.031944
0 0.293359 0.415972 0.014844 0.043056
0 0.259766 0.697917 0.019531 0.045833
0 0.326953 0.944444 0.021094 0.038889
0 0.595313 0.931944 0.018750 0.041667
0 0.036328 0.918056 0.014844 0.033333
0 0.463281 0.270833 0.023438 0.033333
0 0.110547 0.582639 0.024219 0.026389
0 0.289453 0.881944 0.016406 0.044444
0 0.362109 0.852778 0.016406 0.044444
0 0.969531 0.815278 0.025000 0.047222
0 0.473438 0.187500 0.025000 0.036111
0 0.935937 0.675694 0.018750 0.034722
0 0.866406 0.500000 0.015625 0.050000
0 0.658594 0.447222 0.023438 0.041667
0 0.830859 0.575000 0.014844 0.033333
0 0.176172 0.265278 0.022656 0.025000
0 0.783594 0.263194 0.025000 0.034722
0 0.633203 0.806250 0.019531 0.026389
0 0.902344 0.481944 0.026562 0.030556
0 0.216797 0.817361 0.021094 0.037500
0 0.181641 0.079167 0.022656 0.038889
0 0.806250 0.518056 0.017188 0.025000
0 0.038281 0.104861 0.015625 0.029167
0 0.244141 0.575000 0.027344 0.041667
0 0.425000 0.297222 0.014063 0.027778
0 0.096875 0.199306 0.025000 0.043056
0 0.576562 0.580556 0.023438 0.047222
0 0.637891 0.608333 0.016406 0.025000
1 0.270313 0.202083 0.134375 0.295833
1 0.643750 0.164583 0.121875 0.195833
1 0.092969 0.388889 0.106250 0.252778
1 0.789844 0.793056 0.167187 0.272222
1 0.493359 0.473611 0.094531 0.175000
1 0.867969 0.309722 0.114062 0.208333
1 0.110156 0.743750 0.139063 0.229167
1 0.485547 0.793056 0.152344 0.291667