0 0.332031 0.170898 0.031250 0.056641
0 0.535156 0.570312 0.050781 0.035156
0 0.109375 0.916016 0.039062 0.031250
0 0.358398 0.869141 0.037109 0.031250
0 0.621094 0.760742 0.031250 0.037109
0 0.767578 0.432617 0.054688 0.056641
0 0.841797 0.792969 0.050781 0.035156
0 0.874023 0.728516 0.052734 0.035156
0 0.276367 0.640625 0.033203 0.042969
0 0.431641 0.051758 0.039062 0.048828
0 0.623047 0.414062 0.054688 0.031250
0 0.966797 0.530273 0.031250 0.037109
0 0.668945 0.754883 0.041016 0.048828
0 0.796875 0.374023 0.046875 0.033203
0 0.194336 0.819336 0.041016 0.033203
0 0.878906 0.421875 0.050781 0.054688
0 0.442383 0.944336 0.044922 0.048828
0 0.246094 0.926758 0.054688 0.033203
0 0.773438 0.046875 0.050781 0.031250
0 0.738281 0.833984 0.031250 0.042969
0 0.310547 0.788086 0.031250 0.037109
0 0.323242 0.958008 0.037109 0.037109
0 0.876953 0.173828 0.050781 0.050781
0 0.488281 0.120117 0.042969 0.041016
0 0.405273 0.156250 0.056641 0.046875
0 0.797852 0.865234 0.056641 0.042969
0 0.852539 0.068359 0.041016 0.031250
0 0.768555 0.932617 0.052734 0.052734
0 0.119141 0.863281 0.058594 0.054688
0 0.803711 0.116211 0.041016 0.044922
0 0.922852 0.814453 0.033203 0.031250
0 0.898438 0.941406 0.035156 0.046875
0 0.703125 0.431641 0.058594 0.054688
0 0.608398 0.086914 0.048828 0.056641
0 0.313477 0.539062 0.037109 0.039062
0 0.326172 0.050781 0.054688 0.058594
0 0.953125 0.256836 0.031250 0.056641
0 0.414062 0.211914 0.058594 0.041016
0 0.857422 0.291992 0.054688 0.037109
0 0.610352 0.900391 0.056641 0.035156
0 0.472656 0.519531 0.042969 0.042969
0 0.862305 0.851562 0.056641 0.039062
0 0.781250 0.812500 0.039062 0.035156
0 0.333008 0.704102 0.037109 0.048828
0 0.755859 0.705078 0.058594 0.039062
0 0.901367 0.117188 0.052734 0.035156
0 0.602539 0.817383 0.033203 0.033203
0 0.057617 0.478516 0.052734 0.050781
0 0.541016 0.943359 0.058594 0.031250
0 0.807617 0.179688 0.052734 0.046875
1 0.617188 0.248047 0.167969 0.226562
1 0.477539 0.740234 0.177734 0.207031
1 0.141602 0.702148 0.181641 0.146484
1 0.205078 0.476562 0.148438 0.203125
1 0.764648 0.566406 0.267578 0.171875
1 0.416016 0.351562 0.156250 0.175781
1 0.141602 0.162109 0.212891 0.246094