0 0.349219 0.921528 0.021875 0.034722
0 0.948438 0.884722 0.014063 0.038889
0 0.954297 0.490972 0.027344 0.045833
0 0.185156 0.536806 0.020313 0.040278
0 0.244531 0.769444 0.025000 0.033333
0 0.816016 0.039583 0.025781 0.043056
0 0.890625 0.079167 0.023438 0.033333
0 0.710156 0.656250 0.020313 0.037500
0 0.276562 0.942361 0.018750 0.048611
0 0.932813 0.043056 0.020313 0.027778
0 0.385937 0.940278 0.026562 0.038889
0 0.435547 0.824306 0.014844 0.037500
0 0.540625 0.704861 0.021875 0.043056
0 0.739062 0.569444 0.025000 0.038889
0 0.912891 0.511111 0.017969 0.041667
0 0.227734 0.852083 0.027344 0.043056
0 0.054688 0.604167 0.025000 0.033333
0 0.808594 0.151389 0.023438 0.027778
0 0.414453 0.410417 0.027344 0.026389
0 0.430469 0.356250 0.025000 0.026389
0 0.957031 0.355556 0.023438 0.044444
0 0.516797 0.840972 0.021094 0.029167
0 0.449219 0.033333 0.020313 0.025000
0 0.735938 0.821528 0.015625 0.045833
0 0.708203 0.606944 0.014844 0.038889
0 0.922656 0.415972 0.014063 0.043056
0 0.316016 0.808333 0.024219 0.038889
0 0.648828 0.336806 0.014844 0.045833
0 0.041406 0.202083 0.018750 0.034722
0 0.324609 0.075000 0.021094 0.047222
0 0.551172 0.332639 0.014844 0.043056
0 0.814453 0.550000 0.027344 0.036111
0 0.034375 0.248611 0.028125 0.038889
0 0.830469 0.106250 0.020313 0.037500
0 0.966797 0.656944 0.022656 0.033333
0 0.147266 0.567361 0.019531 0.034722
0 0.025391 0.686806 0.024219 0.043056
0 0.108203 0.964583 0.017969 0.031944
0 0.033984 0.829167 0.016406 0.025000
0 0.617578 0.693750 0.017969 0.048611
0 0.957422 0.277778 0.022656 0.033333
0 0.775391 0.582639 0.024219 0.045833
0 0.482422 0.677778 0.021094 0.025000
0 0.637500 0.405556 0.018750 0.036111
0 0.742969 0.757639 0.020313 0.045833
0 0.916016 0.106944 0.021094 0.030556
0 0.506641 0.691667 0.016406 0.038889
0 0.721484 0.897222 0.022656 0.027778
0 0.420703 0.911806 0.014844 0.043056
0 0.759375 0.911111 0.020313 0.044444
0 0.049609 0.439583 0.014844 0.043056
0 0.386719 0.881944 0.023438 0.033333
0 0.431641 0.159722 0.014844 0.041667
0 0.958984 0.046528 0.017969 0.045833
0 0.705859 0.531250 0.014844 0.031944
0 0.931250 0.960417 0.025000 0.045833
0 0.509766 0.919444 0.016406 0.033333
0 0.882031 0.394444 0.021875 0.050000
0 0.267188 0.656250 0.015625 0.037500
0 0.701172 0.792361 0.022656 0.048611
0 0.856641 0.879167 0.022656 0.036111
0 0.241797 0.651389 0.019531 0.030556
0 0.591406 0.345833 0.026562 0.036111
0 0.885156 0.170833 0.023438 0.027778
0 0.350000 0.081250 0.021875 0.031944
0 0.792969 0.894444 0.025000 0.038889
0 0.941797 0.582639 0.014844 0.045833
0 0.026953 0.384028 0.014844 0.045833
0 0.051953 0.561806 0.021094 0.034722
0 0.255859 0.848611 0.022656 0.050000
0 0.226172 0.950694 0.024219 0.026389
0 0.256250 0.075000 0.021875 0.033333
0 0.864062 0.548611 0.018750 0.036111
0 0.748828 0.658333 0.017969 0.033333
0 0.812109 0.197917 0.017969 0.048611
0 0.022656 0.538889 0.018750 0.050000
0 0.516016 0.788889 0.027344 0.036111
0 0.974609 0.875000 0.016406 0.047222
0 0.975781 0.579167 0.014063 0.047222
0 0.460156 0.174306 0.021875 0.048611
0 0.491016 0.224306 0.017969 0.034722
0 0.914844 0.227778 0.021875 0.044444
0 0.907813 0.459722 0.017188 0.027778
0 0.431250 0.731944 0.025000 0.044444
0 0.767188 0.767361 0.015625 0.040278
0 0.028516 0.440278 0.019531 0.030556
0 0.432422 0.245833 0.021094 0.030556
0 0.579688 0.686806 0.023438 0.045833
1 0.385937 0.567361 0.093750 0.268056
1 0.320703 0.258333 0.147656 0.297222
1 0.546875 0.461806 0.134375 0.176389
1 0.859375 0.711111 0.120313 0.227778
1 0.610938 0.852778 0.146875 0.202778
1 0.787109 0.361806 0.139844 0.215278
1 0.141406 0.787500 0.117188 0.288889
1 0.136719 0.215972 0.159375 0.298611
1 0.587109 0.187500 0.164844 0.227778