0 0.306641 0.764648 0.035156 0.052734
0 0.669922 0.525391 0.054688 0.042969
0 0.097656 0.409180 0.042969 0.048828
0 0.125977 0.048828 0.037109 0.039062
0 0.791992 0.755859 0.033203 0.039062
0 0.829102 0.365234 0.041016 0.031250
0 0.664062 0.247070 0.058594 0.041016
0 0.730469 0.623047 0.058594 0.035156
0 0.356445 0.913086 0.037109 0.056641
0 0.743164 0.425781 0.044922 0.054688
0 0.889648 0.558594 0.041016 0.039062
0 0.886719 0.908203 0.046875 0.046875
0 0.938477 0.941406 0.033203 0.054688
0 0.493164 0.450195 0.033203 0.056641
0 0.381836 0.630859 0.033203 0.046875
0 0.498047 0.767578 0.035156 0.050781
0 0.321289 0.695312 0.033203 0.035156
0 0.567383 0.450195 0.044922 0.056641
0 0.465820 0.900391 0.037109 0.058594
0 0.673828 0.187500 0.031250 0.054688
0 0.354492 0.837891 0.037109 0.046875
0 0.306641 0.605469 0.042969 0.035156
0 0.125977 0.179688 0.037109 0.035156
0 0.407227 0.826172 0.048828 0.054688
0 0.947266 0.400391 0.050781 0.031250
0 0.914062 0.754883 0.054688 0.052734
0 0.185547 0.183594 0.054688 0.046875
0 0.264648 0.402344 0.052734 0.054688
0 0.119141 0.114258 0.050781 0.041016
0 0.663086 0.125000 0.037109 0.042969
0 0.380859 0.759766 0.035156 0.050781
1 0.646484 0.797852 0.222656 0.244141
1 0.522461 0.284180 0.162109 0.251953
1 0.143555 0.521484 0.244141 0.148438
1 0.156250 0.849609 0.238281 0.226562
1 0.324219 0.187500 0.187500 0.246094
1 0.834961 0.210938 0.267578 0.203125