0 0.775781 0.522222 0.020313 0.041667
0 0.643750 0.063194 0.023438 0.040278
0 0.293359 0.155556 0.021094 0.027778
0 0.578125 0.124306 0.018750 0.043056
0 0.646094 0.547222 0.023438 0.030556
0 0.130469 0.618750 0.026562 0.034722
0 0.025781 0.695833 0.021875 0.025000
0 0.595703 0.911806 0.016406 0.040278
0 0.475781 0.461111 0.015625 0.050000
0 0.567969 0.401389 0.018750 0.047222
0 0.289844 0.097222 0.017188 0.027778
0 0.889453 0.527083 0.024219 0.034722
0 0.765234 0.865972 0.014844 0.031944
0 0.104297 0.354167 0.014844 0.027778
0 0.218750 0.075000 0.023438 0.036111
0 0.684375 0.201389 0.020313 0.036111
0 0.125000 0.209028 0.018750 0.031944
0 0.841406 0.673611 0.028125 0.025000
0 0.857812 0.334722 0.021875 0.044444
0 0.036328 0.934028 0.027344 0.045833
0 0.062109 0.751389 0.019531 0.044444
0 0.043359 0.238194 0.017969 0.034722
0 0.418750 0.658333 0.026562 0.041667
0 0.650000 0.363194 0.020313 0.037500
0 0.730859 0.559028 0.024219 0.045833
0 0.069141 0.843056 0.017969 0.038889
0 0.910156 0.890972 0.021875 0.029167
0 0.849219 0.626389 0.025000 0.030556
0 0.646875 0.841667 0.018750 0.047222
0 0.604688 0.130556 0.017188 0.030556
0 0.932422 0.879167 0.014844 0.038889
0 0.888281 0.667361 0.028125 0.048611
0 0.101953 0.804167 0.022656 0.044444
0 0.542188 0.119444 0.018750 0.044444
0 0.831641 0.439583 0.019531 0.034722
0 0.945703 0.163194 0.017969 0.026389
0 0.117578 0.929167 0.016406 0.036111
0 0.305078 0.598611 0.024219 0.030556
0 0.337109 0.234028 0.016406 0.040278
0 0.597266 0.518056 0.024219 0.030556
0 0.462500 0.096528 0.026562 0.029167
0 0.872656 0.752778 0.026562 0.027778
0 0.899609 0.572917 0.024219 0.045833
0 0.407813 0.750694 0.021875 0.026389
0 0.907422 0.337500 0.025781 0.044444
0 0.571484 0.470139 0.021094 0.031944
0 0.367188 0.598611 0.028125 0.044444
0 0.773828 0.297222 0.019531 0.050000
0 0.938672 0.259722 0.019531 0.044444
0 0.450781 0.509722 0.021875 0.044444
0 0.157422 0.913194 0.025781 0.026389
0 0.180469 0.315278 0.023438 0.025000
0 0.968750 0.231944 0.020313 0.033333
0 0.324219 0.943750 0.015625 0.029167
0 0.041406 0.634028 0.017188 0.048611
0 0.927734 0.764583 0.019531 0.048611
0 0.869531 0.400000 0.023438 0.044444
0 0.885547 0.835417 0.027344 0.040278
0 0.047266 0.081250 0.027344 0.029167
0 0.526953 0.527778 0.021094 0.044444
0 0.653125 0.935417 0.025000 0.034722
0 0.606641 0.644444 0.016406 0.036111
0 0.836328 0.754861 0.021094 0.026389
0 0.698438 0.408333 0.025000 0.025000
0 0.363672 0.833333 0.022656 0.033333
0 0.467578 0.565972 0.019531 0.037500
0 0.240234 0.960417 0.014844 0.037500
0 0.954688 0.350694 0.017188 0.026389
0 0.214062 0.163194 0.018750 0.029167
0 0.337109 0.562500 0.017969 0.041667
0 0.582422 0.250694 0.027344 0.029167
0 0.519141 0.046528 0.021094 0.048611
0 0.625391 0.506944 0.016406 0.038889
0 0.950000 0.471528 0.014063 0.048611
0 0.095703 0.938889 0.019531 0.041667
0 0.893750 0.225694 0.020313 0.045833
1 0.762891 0.134028 0.124219 0.181944
1 0.465625 0.286111 0.165625 0.244444
1 0.731250 0.712500 0.129688 0.227778
1 0.259766 0.806250 0.110156 0.195833
1 0.097266 0.480556 0.105469 0.208333
1 0.533984 0.792361 0.097656 0.284722
1 0.226172 0.485417 0.124219 0.223611