0 0.562891 0.791667 0.014844 0.047222
0 0.602734 0.805556 0.025781 0.047222
0 0.562500 0.715972 0.017188 0.045833
0 0.607812 0.540278 0.015625 0.027778
0 0.946094 0.396528 0.026562 0.043056
0 0.283203 0.252778 0.027344 0.027778
0 0.533594 0.908333 0.014063 0.047222
0 0.389844 0.078472 0.021875 0.040278
0 0.610547 0.452778 0.014844 0.050000
0 0.317188 0.325694 0.018750 0.048611
0 0.307812 0.963194 0.018750 0.031944
0 0.626563 0.884722 0.015625 0.047222
0 0.026953 0.447917 0.016406 0.037500
0 0.923828 0.102778 0.024219 0.027778
0 0.764062 0.065972 0.028125 0.040278
0 0.616016 0.125000 0.024219 0.050000
0 0.790625 0.786806 0.015625 0.048611
0 0.506641 0.131944 0.014844 0.025000
0 0.886719 0.056944 0.015625 0.033333
0 0.360938 0.484028 0.023438 0.034722
0 0.663281 0.251389 0.020313 0.038889
0 0.032031 0.200000 0.025000 0.033333
0 0.898828 0.581250 0.022656 0.048611
0 0.346875 0.621528 0.025000 0.037500
0 0.577344 0.468056 0.014063 0.038889
0 0.335938 0.950000 0.018750 0.047222
0 0.474219 0.489583 0.015625 0.029167
0 0.054688 0.425000 0.025000 0.038889
0 0.918750 0.137500 0.018750 0.030556
0 0.537109 0.826389 0.017969 0.033333
0 0.173437 0.700694 0.020313 0.031944
0 0.688281 0.266667 0.021875 0.030556
0 0.108594 0.484028 0.028125 0.029167
0 0.943750 0.510417 0.028125 0.037500
0 0.500391 0.300694 0.022656 0.031944
0 0.451953 0.879167 0.022656 0.025000
0 0.615625 0.043750 0.017188 0.031944
0 0.906250 0.681250 0.023438 0.026389
0 0.236719 0.622917 0.014063 0.040278
0 0.957422 0.234722 0.019531 0.038889
0 0.725781 0.154861 0.014063 0.037500
0 0.260937 0.301389 0.017188 0.044444
0 0.669922 0.077083 0.021094 0.040278
0 0.811719 0.700694 0.025000 0.031944
0 0.872656 0.642361 0.020313 0.043056
0 0.364063 0.674306 0.017188 0.034722
0 0.613281 0.726389 0.025000 0.038889
0 0.539844 0.119444 0.025000 0.050000
0 0.743750 0.906944 0.017188 0.025000
0 0.503516 0.036111 0.024219 0.036111
0 0.594531 0.618750 0.023438 0.040278
0 0.341406 0.863194 0.017188 0.040278
0 0.473438 0.077083 0.015625 0.040278
0 0.410156 0.928472 0.017188 0.034722
0 0.437500 0.810417 0.028125 0.031944
0 0.328516 0.388194 0.027344 0.040278
0 0.886719 0.116667 0.014063 0.047222
0 0.083984 0.305556 0.027344 0.041667
0 0.038672 0.576389 0.025781 0.025000
0 0.940234 0.610417 0.024219 0.048611
0 0.610156 0.669444 0.017188 0.047222
0 0.163672 0.542361 0.014844 0.029167
0 0.022656 0.681944 0.015625 0.041667
0 0.374219 0.939583 0.015625 0.040278
0 0.821094 0.650694 0.020313 0.043056
0 0.588672 0.955556 0.014844 0.041667
0 0.687109 0.141667 0.021094 0.047222
0 0.343359 0.102083 0.017969 0.048611
0 0.184766 0.964583 0.021094 0.034722
0 0.022656 0.291667 0.017188 0.030556
0 0.697656 0.214583 0.021875 0.034722
0 0.337109 0.470139 0.016406 0.048611
0 0.437109 0.930556 0.016406 0.050000
1 0.821094 0.381250 0.167187 0.301389
1 0.247656 0.475694 0.112500 0.201389
1 0.464844 0.618750 0.135937 0.198611
1 0.589063 0.267361 0.093750 0.215278
1 0.413281 0.256944 0.121875 0.188889
1 0.265234 0.755556 0.117969 0.191667
1 0.183203 0.201389 0.096094 0.291667
1 0.097656 0.785417 0.098437 0.287500
1 0.705078 0.749306 0.144531 0.198611
1 0.895703 0.814583 0.119531 0.195833