0 0.844727 0.750000 0.037109 0.035156
0 0.346680 0.106445 0.044922 0.052734
0 0.046875 0.541992 0.054688 0.041016
0 0.600586 0.432617 0.033203 0.052734
0 0.785156 0.930664 0.031250 0.044922
0 0.517578 0.124023 0.042969 0.052734
0 0.251953 0.138672 0.050781 0.050781
0 0.955078 0.871094 0.035156 0.042969
0 0.934570 0.062500 0.033203 0.050781
0 0.523438 0.579102 0.031250 0.044922
0 0.874023 0.921875 0.044922 0.039062
0 0.370117 0.241211 0.033203 0.037109
0 0.967773 0.562500 0.033203 0.054688
0 0.237305 0.438477 0.056641 0.033203
0 0.436523 0.482422 0.037109 0.050781
0 0.838867 0.373047 0.041016 0.031250
0 0.498047 0.483398 0.042969 0.048828
0 0.131836 0.060547 0.056641 0.031250
0 0.199219 0.541016 0.035156 0.050781
0 0.683594 0.055664 0.031250 0.037109
0 0.829102 0.675781 0.056641 0.058594
0 0.400391 0.652344 0.050781 0.054688
0 0.500977 0.675781 0.052734 0.050781
0 0.543945 0.385742 0.048828 0.052734
0 0.037109 0.292969 0.031250 0.046875
0 0.573242 0.500977 0.041016 0.056641
0 0.194336 0.099609 0.033203 0.031250
0 0.637695 0.373047 0.033203 0.046875
0 0.737305 0.426758 0.037109 0.033203
0 0.428711 0.180664 0.056641 0.044922
0 0.774414 0.846680 0.052734 0.056641
0 0.717773 0.967773 0.044922 0.033203
0 0.105469 0.805664 0.039062 0.037109
0 0.901367 0.576172 0.056641 0.050781
0 0.250977 0.533203 0.041016 0.058594
0 0.243164 0.037109 0.037109 0.039062
0 0.631836 0.672852 0.052734 0.044922
0 0.053711 0.655273 0.048828 0.048828
0 0.616211 0.051758 0.056641 0.052734
0 0.796875 0.425781 0.046875 0.046875
0 0.239258 0.925781 0.041016 0.046875
0 0.055664 0.091797 0.044922 0.046875
0 0.354492 0.180664 0.056641 0.041016
0 0.461914 0.127930 0.052734 0.044922
0 0.383789 0.391602 0.048828 0.048828
0 0.177734 0.141602 0.039062 0.033203
0 0.735352 0.748047 0.037109 0.031250
1 0.727539 0.553711 0.224609 0.146484
1 0.181641 0.277344 0.234375 0.164062
1 0.244141 0.697266 0.222656 0.246094
1 0.547852 0.810547 0.267578 0.148438
1 0.771484 0.210938 0.171875 0.246094
1 0.563477 0.235352 0.173828 0.138672