0 0.689063 0.649306 0.018750 0.031944
0 0.602734 0.668056 0.014844 0.050000
0 0.549219 0.885417 0.015625 0.031944
0 0.270703 0.481944 0.019531 0.036111
0 0.397266 0.195833 0.022656 0.027778
0 0.580078 0.397222 0.025781 0.025000
0 0.196484 0.444444 0.016406 0.050000
0 0.834375 0.278472 0.015625 0.029167
0 0.642969 0.063889 0.025000 0.041667
0 0.425391 0.900694 0.017969 0.029167
0 0.911328 0.425694 0.016406 0.031944
0 0.976953 0.444444 0.014844 0.038889
0 0.616016 0.395833 0.024219 0.036111
0 0.360156 0.534028 0.017188 0.034722
0 0.909375 0.786806 0.028125 0.026389
0 0.760938 0.645139 0.028125 0.026389
0 0.384375 0.099306 0.023438 0.048611
0 0.570312 0.945139 0.023438 0.037500
0 0.924219 0.480556 0.018750 0.025000
0 0.306250 0.580556 0.014063 0.041667
0 0.856250 0.214583 0.017188 0.045833
0 0.478125 0.459028 0.026562 0.034722
0 0.389453 0.876389 0.016406 0.025000
0 0.855078 0.887500 0.025781 0.047222
0 0.623828 0.907639 0.027344 0.045833
0 0.281250 0.109028 0.025000 0.034722
0 0.347656 0.853472 0.015625 0.031944
0 0.875000 0.076389 0.028125 0.033333
0 0.218750 0.206944 0.014063 0.027778
0 0.291016 0.909722 0.025781 0.033333
0 0.574219 0.670139 0.015625 0.034722
0 0.526172 0.442361 0.022656 0.031944
0 0.291406 0.522917 0.015625 0.043056
0 0.521875 0.951389 0.020313 0.030556
0 0.400781 0.947222 0.021875 0.036111
0 0.972266 0.511111 0.017969 0.044444
0 0.021094 0.567361 0.020313 0.043056
0 0.375000 0.146528 0.025000 0.031944
0 0.221094 0.893056 0.018750 0.025000
0 0.435547 0.064583 0.016406 0.031944
0 0.478125 0.250000 0.017188 0.027778
0 0.652344 0.650000 0.020313 0.036111
0 0.492578 0.134028 0.017969 0.029167
0 0.507031 0.882639 0.023438 0.029167
0 0.432031 0.255556 0.020313 0.027778
0 0.175781 0.706944 0.028125 0.025000
0 0.576953 0.836111 0.014844 0.050000
0 0.471875 0.093750 0.028125 0.034722
0 0.815625 0.567361 0.025000 0.040278
0 0.939453 0.040972 0.016406 0.045833
0 0.622266 0.467361 0.021094 0.031944
0 0.685547 0.122222 0.027344 0.041667
0 0.214844 0.361806 0.021875 0.045833
0 0.810937 0.297222 0.023438 0.036111
0 0.927734 0.915972 0.016406 0.043056
0 0.878906 0.398611 0.014063 0.044444
0 0.718359 0.184028 0.025781 0.040278
0 0.661719 0.207639 0.014063 0.037500
0 0.607422 0.817361 0.017969 0.043056
0 0.823438 0.522222 0.015625 0.025000
0 0.257812 0.554167 0.018750 0.025000
0 0.873047 0.786111 0.024219 0.030556
0 0.945312 0.861806 0.017188 0.037500
0 0.788672 0.085417 0.014844 0.029167
0 0.319531 0.097222 0.026562 0.041667
0 0.223047 0.946528 0.021094 0.034722
0 0.612891 0.554861 0.019531 0.031944
0 0.491406 0.956944 0.015625 0.025000
0 0.740234 0.116667 0.019531 0.038889
0 0.348438 0.470833 0.015625 0.030556
0 0.551172 0.409028 0.016406 0.043056
0 0.854688 0.272222 0.017188 0.025000
0 0.357031 0.936806 0.017188 0.045833
0 0.661328 0.724306 0.014844 0.029167
1 0.791406 0.761111 0.123438 0.180556
1 0.126953 0.189583 0.097656 0.181944
1 0.284375 0.713194 0.167187 0.193056
1 0.302734 0.327083 0.135156 0.229167
1 0.470313 0.663194 0.154688 0.304167
1 0.084766 0.741667 0.113281 0.283333
1 0.568359 0.222917 0.107031 0.293056
1 0.719531 0.404861 0.148438 0.304167