0 0.595703 0.529861 0.022656 0.040278
0 0.427734 0.824306 0.017969 0.048611
0 0.688672 0.820139 0.024219 0.031944
0 0.732031 0.928472 0.020313 0.045833
0 0.782422 0.483333 0.017969 0.033333
0 0.050000 0.196528 0.028125 0.037500
0 0.025000 0.811111 0.015625 0.025000
0 0.932031 0.814583 0.017188 0.031944
0 0.096094 0.224306 0.028125 0.034722
0 0.029297 0.618056 0.017969 0.030556
0 0.736328 0.113889 0.027344 0.038889
0 0.296094 0.304167 0.015625 0.033333
0 0.976953 0.452778 0.016406 0.033333
0 0.785156 0.211806 0.021875 0.026389
0 0.346875 0.468750 0.021875 0.045833
0 0.879297 0.553472 0.025781 0.031944
0 0.383594 0.149306 0.028125 0.043056
0 0.453906 0.668056 0.015625 0.025000
0 0.116016 0.934722 0.025781 0.041667
0 0.729297 0.040278 0.025781 0.041667
0 0.468750 0.733333 0.020313 0.033333
0 0.552344 0.950694 0.028125 0.037500
0 0.973437 0.281250 0.015625 0.029167
0 0.106250 0.815972 0.014063 0.037500
0 0.473828 0.959722 0.014844 0.025000
0 0.398438 0.902778 0.021875 0.030556
0 0.599609 0.418056 0.014844 0.030556
0 0.081250 0.086111 0.025000 0.047222
0 0.751953 0.265972 0.022656 0.048611
0 0.305859 0.392361 0.027344 0.037500
0 0.295312 0.125000 0.020313 0.041667
0 0.886328 0.877083 0.019531 0.043056
0 0.298828 0.465972 0.016406 0.034722
0 0.093750 0.312500 0.014063 0.036111
0 0.757422 0.352778 0.022656 0.030556
0 0.732422 0.519444 0.027344 0.025000
0 0.024609 0.419444 0.027344 0.050000
0 0.696484 0.380556 0.022656 0.036111
0 0.841016 0.931250 0.027344 0.040278
0 0.954297 0.130556 0.022656 0.044444
0 0.548438 0.872917 0.018750 0.043056
0 0.818359 0.333333 0.017969 0.036111
0 0.818750 0.783333 0.021875 0.025000
0 0.970703 0.593056 0.014844 0.044444
0 0.387891 0.072917 0.024219 0.043056
0 0.919531 0.137500 0.020313 0.025000
0 0.053906 0.082639 0.023438 0.026389
0 0.063672 0.413194 0.022656 0.034722
0 0.141016 0.961806 0.014844 0.040278
0 0.789844 0.915278 0.014063 0.025000
0 0.367969 0.235417 0.018750 0.029167
0 0.071875 0.775694 0.015625 0.043056
0 0.696875 0.543056 0.025000 0.027778
0 0.405859 0.963889 0.024219 0.033333
0 0.325000 0.185417 0.018750 0.037500
0 0.280859 0.063194 0.024219 0.043056
0 0.816016 0.857639 0.016406 0.026389
0 0.161719 0.939583 0.018750 0.029167
0 0.450000 0.881250 0.026562 0.048611
0 0.375781 0.947222 0.028125 0.047222
0 0.450781 0.817361 0.021875 0.029167
0 0.941406 0.761806 0.026562 0.045833
0 0.050391 0.726389 0.014844 0.033333
0 0.034766 0.920833 0.024219 0.047222
0 0.032422 0.529167 0.016406 0.044444
0 0.583203 0.322917 0.019531 0.048611
0 0.969922 0.923611 0.017969 0.025000
0 0.978125 0.818750 0.025000 0.040278
0 0.291406 0.945833 0.018750 0.047222
0 0.022266 0.253472 0.025781 0.040278
0 0.784766 0.424306 0.022656 0.026389
0 0.326562 0.568056 0.014063 0.027778
0 0.065625 0.261111 0.025000 0.025000
0 0.362500 0.563889 0.025000 0.033333
0 0.870703 0.705556 0.021094 0.030556
0 0.886328 0.784028 0.019531 0.029167
0 0.669141 0.050694 0.019531 0.048611
0 0.358594 0.278472 0.021875 0.043056
0 0.209766 0.927778 0.014844 0.033333
0 0.364844 0.347917 0.014063 0.034722
0 0.433984 0.744444 0.025781 0.038889
0 0.942578 0.581944 0.019531 0.036111
0 0.689063 0.890972 0.026562 0.029167
0 0.128516 0.885417 0.027344 0.026389
0 0.619922 0.904167 0.014844 0.047222
0 0.758594 0.387500 0.018750 0.027778
0 0.572266 0.894444 0.014844 0.038889
0 0.489063 0.284722 0.021875 0.030556
0 0.279297 0.255556 0.025781 0.044444
0 0.334766 0.966667 0.024219 0.030556
0 0.036719 0.348611 0.026562 0.050000
0 0.658203 0.776389 0.021094 0.044444
0 0.380469 0.392361 0.025000 0.029167
0 0.839453 0.547917 0.025781 0.048611
0 0.569922 0.264583 0.014844 0.031944
0 0.482812 0.901389 0.017188 0.047222
0 0.904297 0.593056 0.017969 0.025000
0 0.906641 0.684722 0.014844 0.033333
0 0.955859 0.386111 0.024219 0.047222
0 0.600781 0.484722 0.021875 0.027778
0 0.064062 0.468056 0.014063 0.025000
0 0.972266 0.065972 0.017969 0.045833
0 0.673047 0.481250 0.016406 0.034722
0 0.958594 0.512500 0.018750 0.050000
1 0.484375 0.459028 0.154688 0.293056
1 0.178516 0.697917 0.152344 0.173611
1 0.889062 0.314583 0.096875 0.268056
1 0.499609 0.138194 0.171094 0.170833
1 0.757031 0.673611 0.148438 0.172222
1 0.190234 0.465278 0.169531 0.236111
1 0.667188 0.247917 0.120313 0.212500
1 0.186719 0.190278 0.135937 0.230556