0 0.068359 0.722656 0.031250 0.058594
0 0.453125 0.635742 0.039062 0.044922
0 0.075195 0.930664 0.033203 0.041016
0 0.907227 0.921875 0.041016 0.042969
0 0.598633 0.713867 0.056641 0.041016
0 0.161133 0.775391 0.037109 0.050781
0 0.400391 0.512695 0.054688 0.048828
0 0.964844 0.435547 0.035156 0.035156
0 0.561523 0.488281 0.041016 0.058594
0 0.715820 0.441406 0.056641 0.050781
0 0.490234 0.489258 0.042969 0.033203
0 0.074219 0.117188 0.042969 0.054688
0 0.215820 0.147461 0.052734 0.041016
0 0.415039 0.396484 0.037109 0.042969
0 0.377930 0.099609 0.052734 0.058594
0 0.795898 0.053711 0.041016 0.041016
0 0.393555 0.572266 0.044922 0.046875
0 0.907227 0.450195 0.041016 0.037109
0 0.483398 0.722656 0.037109 0.035156
0 0.050781 0.522461 0.039062 0.048828
0 0.952148 0.785156 0.044922 0.039062
0 0.553711 0.618164 0.037109 0.048828
0 0.568359 0.098633 0.031250 0.033203
0 0.553711 0.946289 0.048828 0.037109
0 0.105469 0.277344 0.050781 0.031250
0 0.621094 0.130859 0.031250 0.035156
0 0.473633 0.443359 0.037109 0.042969
0 0.917969 0.842773 0.046875 0.048828
0 0.802734 0.384766 0.035156 0.054688
0 0.357422 0.407227 0.039062 0.037109
0 0.485352 0.861328 0.052734 0.039062
0 0.432617 0.111328 0.033203 0.058594
0 0.552734 0.819336 0.031250 0.056641
0 0.535156 0.056641 0.058594 0.035156
1 0.317383 0.812500 0.212891 0.273438
1 0.777344 0.614258 0.257812 0.259766
1 0.333008 0.267578 0.177734 0.175781
1 0.748047 0.885742 0.253906 0.197266
1 0.552734 0.252930 0.183594 0.181641
1 0.204102 0.530273 0.224609 0.240234
1 0.846680 0.257812 0.224609 0.171875