0 0.323437 0.472917 0.025000 0.026389
0 0.242188 0.560417 0.026562 0.043056
0 0.839063 0.293750 0.014063 0.029167
0 0.960156 0.738194 0.028125 0.040278
0 0.364453 0.473611 0.016406 0.044444
0 0.820703 0.953472 0.025781 0.043056
0 0.524219 0.440278 0.028125 0.047222
0 0.513281 0.872222 0.017188 0.030556
0 0.623047 0.482639 0.027344 0.034722
0 0.021875 0.036111 0.015625 0.027778
0 0.171484 0.881250 0.021094 0.045833
0 0.978906 0.875694 0.021875 0.048611
0 0.931250 0.931250 0.023438 0.037500
0 0.375000 0.295833 0.025000 0.047222
0 0.940625 0.685417 0.014063 0.040278
0 0.239453 0.038889 0.027344 0.027778
0 0.882812 0.904167 0.023438 0.036111
0 0.062891 0.041667 0.027344 0.050000
0 0.525781 0.954167 0.023438 0.025000
0 0.814453 0.036111 0.022656 0.025000
0 0.410547 0.136806 0.016406 0.034722
0 0.941016 0.336111 0.022656 0.025000
0 0.403906 0.465278 0.014063 0.050000
0 0.955859 0.128472 0.027344 0.037500
0 0.249609 0.486111 0.014844 0.036111
0 0.853516 0.762500 0.025781 0.033333
0 0.667578 0.477778 0.025781 0.047222
0 0.494141 0.420139 0.025781 0.029167
0 0.295312 0.190972 0.015625 0.026389
0 0.135547 0.868750 0.027344 0.034722
0 0.772656 0.905556 0.014063 0.038889
0 0.701953 0.463889 0.025781 0.038889
0 0.846875 0.226389 0.025000 0.050000
0 0.850391 0.168056 0.017969 0.033333
0 0.911719 0.246528 0.026562 0.048611
0 0.460938 0.559722 0.021875 0.033333
0 0.788672 0.961111 0.019531 0.027778
0 0.310937 0.115972 0.018750 0.034722
0 0.244922 0.204167 0.024219 0.041667
0 0.585938 0.062500 0.020313 0.041667
0 0.396484 0.035417 0.017969 0.031944
0 0.030469 0.537500 0.018750 0.041667
0 0.078125 0.525000 0.015625 0.033333
0 0.704688 0.900694 0.025000 0.026389
0 0.892188 0.788889 0.020313 0.033333
0 0.555078 0.421528 0.027344 0.034722
0 0.614062 0.951389 0.015625 0.047222
0 0.663281 0.275000 0.014063 0.027778
0 0.840234 0.102083 0.016406 0.045833
0 0.887891 0.704167 0.016406 0.038889
0 0.351562 0.394444 0.023438 0.038889
0 0.747266 0.456944 0.021094 0.050000
0 0.628516 0.437500 0.021094 0.038889
0 0.143750 0.922222 0.028125 0.038889
0 0.345703 0.575000 0.017969 0.030556
0 0.955859 0.511806 0.021094 0.045833
0 0.374609 0.566667 0.017969 0.047222
0 0.971875 0.250694 0.028125 0.031944
0 0.052734 0.886111 0.022656 0.038889
0 0.951172 0.436806 0.025781 0.040278
0 0.076953 0.818056 0.025781 0.044444
0 0.878516 0.154167 0.014844 0.038889
0 0.737109 0.375000 0.019531 0.038889
0 0.555469 0.930556 0.023438 0.027778
0 0.815234 0.151389 0.019531 0.025000
0 0.219141 0.908333 0.027344 0.050000
0 0.875000 0.052778 0.015625 0.025000
0 0.941406 0.047222 0.028125 0.025000
0 0.020313 0.486806 0.021875 0.031944
0 0.047656 0.831944 0.021875 0.050000
0 0.782813 0.684028 0.014063 0.029167
0 0.780469 0.799306 0.014063 0.045833
0 0.033594 0.698611 0.015625 0.038889
0 0.354297 0.097222 0.017969 0.044444
0 0.518359 0.544444 0.014844 0.025000
0 0.776953 0.729167 0.022656 0.047222
0 0.950000 0.618750 0.028125 0.037500
0 0.409375 0.949306 0.015625 0.037500
0 0.951562 0.193056 0.026562 0.050000
0 0.689063 0.343056 0.028125 0.033333
0 0.343359 0.156250 0.022656 0.043056
0 0.033984 0.931944 0.022656 0.033333
0 0.980859 0.696528 0.017969 0.026389
0 0.740625 0.527778 0.015625 0.050000
1 0.491797 0.710417 0.110156 0.234722
1 0.160156 0.662500 0.123438 0.266667
1 0.628516 0.817361 0.108594 0.195833
1 0.518359 0.245139 0.164844 0.273611
1 0.848047 0.488889 0.166406 0.172222
1 0.120703 0.386806 0.142969 0.226389
1 0.330859 0.745139 0.161719 0.287500
1 0.276562 0.325000 0.114062 0.177778