0 0.129297 0.926389 0.017969 0.047222
0 0.544922 0.520139 0.021094 0.031944
0 0.053125 0.826389 0.018750 0.036111
0 0.781250 0.081944 0.014063 0.050000
0 0.901563 0.675694 0.025000 0.043056
0 0.458594 0.064583 0.028125 0.043056
0 0.652344 0.575694 0.026562 0.029167
0 0.936328 0.905556 0.017969 0.044444
0 0.954297 0.781944 0.024219 0.036111
0 0.571875 0.597222 0.021875 0.033333
0 0.689063 0.590972 0.017188 0.026389
0 0.043359 0.529861 0.022656 0.043056
0 0.346484 0.958333 0.025781 0.033333
0 0.335547 0.226389 0.014844 0.047222
0 0.325391 0.144444 0.027344 0.038889
0 0.938281 0.659722 0.026562 0.036111
0 0.771484 0.910417 0.027344 0.034722
0 0.944922 0.577778 0.022656 0.044444
0 0.575781 0.919444 0.018750 0.038889
0 0.564063 0.816667 0.015625 0.044444
0 0.801562 0.773611 0.026562 0.050000
0 0.807813 0.059028 0.021875 0.043056
0 0.732031 0.509722 0.015625 0.050000
0 0.079297 0.335417 0.021094 0.040278
0 0.027344 0.105556 0.025000 0.041667
0 0.565625 0.413889 0.018750 0.030556
0 0.757031 0.100000 0.025000 0.033333
0 0.422266 0.965278 0.017969 0.030556
0 0.080078 0.743056 0.021094 0.050000
0 0.506641 0.397222 0.027344 0.044444
0 0.032422 0.647917 0.022656 0.043056
0 0.291797 0.461806 0.019531 0.034722
0 0.576562 0.458333 0.028125 0.041667
0 0.075000 0.259722 0.018750 0.047222
0 0.484375 0.539583 0.021875 0.043056
0 0.488281 0.597222 0.017188 0.044444
0 0.803906 0.878472 0.023438 0.034722
0 0.289844 0.597917 0.028125 0.040278
0 0.055469 0.049306 0.018750 0.029167
0 0.262109 0.523611 0.016406 0.036111
0 0.315625 0.277778 0.020313 0.036111
0 0.925391 0.748611 0.017969 0.038889
0 0.371875 0.239583 0.028125 0.031944
0 0.758984 0.773611 0.024219 0.044444
0 0.444531 0.674306 0.021875 0.040278
0 0.377734 0.644444 0.024219 0.025000
0 0.289453 0.904861 0.025781 0.034722
0 0.734766 0.570833 0.021094 0.044444
0 0.827734 0.948611 0.025781 0.030556
0 0.521484 0.901389 0.017969 0.041667
0 0.726172 0.765972 0.016406 0.043056
0 0.652734 0.932639 0.021094 0.034722
0 0.889062 0.906944 0.014063 0.047222
0 0.801172 0.494444 0.027344 0.027778
0 0.615625 0.600694 0.021875 0.026389
0 0.103125 0.497222 0.026562 0.047222
0 0.023438 0.363194 0.023438 0.043056
0 0.551562 0.694444 0.026562 0.036111
0 0.037500 0.200694 0.023438 0.045833
0 0.891797 0.515278 0.022656 0.047222
0 0.595313 0.514583 0.017188 0.043056
0 0.649609 0.495139 0.027344 0.029167
0 0.516406 0.063889 0.023438 0.033333
0 0.206250 0.920833 0.015625 0.027778
0 0.175000 0.840972 0.015625 0.040278
0 0.794531 0.696528 0.025000 0.048611
0 0.288672 0.081250 0.017969 0.043056
0 0.790234 0.586806 0.014844 0.045833
0 0.726172 0.086806 0.019531 0.045833
0 0.310547 0.949306 0.024219 0.029167
0 0.178125 0.934028 0.025000 0.040278
0 0.608594 0.956944 0.028125 0.027778
0 0.355469 0.060417 0.018750 0.034722
0 0.727344 0.959028 0.026562 0.048611
0 0.506641 0.787500 0.024219 0.041667
0 0.517969 0.606944 0.014063 0.044444
0 0.516797 0.514583 0.024219 0.029167
0 0.042969 0.745139 0.021875 0.043056
0 0.040625 0.590278 0.021875 0.036111
0 0.023438 0.048611 0.021875 0.036111
0 0.631250 0.062500 0.018750 0.030556
0 0.749219 0.722917 0.026562 0.026389
0 0.929297 0.465972 0.014844 0.034722
0 0.445312 0.727083 0.026562 0.029167
0 0.075000 0.416667 0.014063 0.036111
0 0.561328 0.747222 0.025781 0.033333
0 0.107813 0.295139 0.015625 0.031944
0 0.276953 0.723611 0.021094 0.041667
0 0.237109 0.902083 0.021094 0.037500
0 0.599219 0.914583 0.017188 0.037500
0 0.137500 0.853472 0.028125 0.031944
0 0.049219 0.459028 0.018750 0.031944
0 0.849609 0.693056 0.021094 0.050000
0 0.611719 0.111806 0.025000 0.048611
0 0.638281 0.645139 0.026562 0.043056
0 0.040625 0.289583 0.018750 0.026389
0 0.506641 0.724306 0.025781 0.043056
0 0.065625 0.604167 0.014063 0.027778
1 0.387500 0.492361 0.151562 0.231944
1 0.685156 0.306944 0.139063 0.294444
1 0.181641 0.147917 0.150781 0.176389
1 0.178516 0.679861 0.155469 0.220833
1 0.883594 0.238194 0.131250 0.279167
1 0.359375 0.775000 0.128125 0.175000
1 0.178125 0.423611 0.107813 0.236111
1 0.495703 0.213889 0.169531 0.236111