0 0.736328 0.625694 0.024219 0.040278
0 0.518359 0.895139 0.021094 0.037500
0 0.040234 0.040278 0.022656 0.027778
0 0.958984 0.133333 0.021094 0.038889
0 0.544531 0.693056 0.017188 0.027778
0 0.687891 0.884722 0.016406 0.036111
0 0.701953 0.765278 0.019531 0.030556
0 0.718359 0.330556 0.017969 0.047222
0 0.438672 0.309722 0.017969 0.050000
0 0.359766 0.937500 0.016406 0.041667
0 0.899609 0.443056 0.016406 0.025000
0 0.784375 0.140972 0.026562 0.029167
0 0.212109 0.730556 0.024219 0.033333
0 0.211719 0.101389 0.015625 0.038889
0 0.132031 0.643750 0.014063 0.034722
0 0.158203 0.234028 0.027344 0.034722
0 0.127344 0.497917 0.018750 0.048611
0 0.609766 0.927778 0.024219 0.036111
0 0.689453 0.445139 0.021094 0.040278
0 0.716797 0.251389 0.025781 0.038889
0 0.463281 0.884028 0.018750 0.034722
0 0.141797 0.420139 0.017969 0.043056
0 0.960156 0.302778 0.028125 0.027778
0 0.842187 0.443056 0.023438 0.025000
0 0.734375 0.577778 0.028125 0.038889
0 0.674219 0.175694 0.023438 0.040278
0 0.628516 0.802778 0.016406 0.033333
0 0.169922 0.181944 0.017969 0.027778
0 0.753906 0.917361 0.023438 0.043056
0 0.799219 0.500000 0.018750 0.041667
0 0.848437 0.359028 0.020313 0.034722
0 0.939063 0.943056 0.028125 0.047222
0 0.508594 0.940278 0.020313 0.027778
0 0.788281 0.062500 0.017188 0.033333
0 0.563281 0.889583 0.014063 0.045833
0 0.682031 0.243750 0.026562 0.045833
0 0.524219 0.740972 0.023438 0.045833
0 0.031641 0.344444 0.017969 0.033333
0 0.191797 0.247917 0.019531 0.026389
0 0.060547 0.328472 0.021094 0.040278
0 0.183203 0.625000 0.027344 0.041667
0 0.697656 0.625694 0.015625 0.040278
0 0.023047 0.286806 0.016406 0.037500
0 0.603906 0.722917 0.021875 0.034722
0 0.096875 0.147917 0.018750 0.043056
0 0.094141 0.386806 0.027344 0.034722
0 0.636328 0.457639 0.022656 0.048611
0 0.139844 0.594444 0.026562 0.038889
0 0.399609 0.835417 0.021094 0.029167
0 0.719531 0.169444 0.014063 0.044444
0 0.476953 0.097222 0.025781 0.047222
0 0.978516 0.568056 0.017969 0.044444
0 0.794141 0.856250 0.025781 0.031944
0 0.693750 0.581944 0.015625 0.025000
0 0.706250 0.710417 0.018750 0.034722
0 0.462500 0.794444 0.023438 0.033333
0 0.159766 0.545139 0.017969 0.026389
0 0.585938 0.826389 0.023438 0.050000
0 0.934375 0.238194 0.020313 0.045833
0 0.688281 0.799306 0.014063 0.026389
0 0.262500 0.159722 0.015625 0.036111
0 0.802734 0.906250 0.021094 0.037500
0 0.666797 0.906944 0.017969 0.038889
0 0.626172 0.528472 0.025781 0.029167
0 0.723437 0.854167 0.017188 0.036111
0 0.021484 0.110417 0.021094 0.037500
0 0.800781 0.543750 0.015625 0.031944
0 0.745703 0.143056 0.016406 0.030556
0 0.665625 0.078472 0.028125 0.045833
0 0.863281 0.523611 0.020313 0.025000
0 0.423828 0.635417 0.027344 0.037500
0 0.976172 0.386111 0.027344 0.044444
0 0.579688 0.693056 0.014063 0.041667
0 0.193359 0.955556 0.025781 0.047222
0 0.978906 0.872222 0.023438 0.038889
0 0.730859 0.065278 0.021094 0.044444
0 0.027734 0.471528 0.014844 0.034722
0 0.841406 0.931944 0.015625 0.027778
0 0.698828 0.837500 0.016406 0.033333
0 0.746094 0.436111 0.028125 0.038889
0 0.128906 0.905556 0.018750 0.047222
0 0.440234 0.143750 0.022656 0.043056
0 0.945312 0.388194 0.014063 0.034722
0 0.907813 0.502778 0.014063 0.025000
0 0.966797 0.966667 0.021094 0.027778
0 0.426953 0.929861 0.021094 0.037500
0 0.401172 0.529167 0.016406 0.033333
0 0.087500 0.659028 0.026562 0.029167
0 0.432812 0.733333 0.015625 0.047222
0 0.081641 0.606250 0.022656 0.026389
0 0.651953 0.701389 0.022656 0.025000
0 0.899609 0.579861 0.021094 0.034722
0 0.106250 0.540278 0.017188 0.033333
0 0.033203 0.616667 0.021094 0.025000
0 0.156250 0.938889 0.028125 0.025000
0 0.460938 0.946528 0.028125 0.031944
0 0.017969 0.532639 0.014063 0.026389
0 0.519141 0.113194 0.016406 0.048611
0 0.782031 0.583333 0.026562 0.025000
1 0.505469 0.554861 0.104688 0.193056
1 0.305469 0.754861 0.123438 0.270833
1 0.354297 0.168750 0.113281 0.201389
1 0.117969 0.784028 0.139063 0.173611
1 0.892578 0.764583 0.125781 0.265278
1 0.227344 0.450000 0.106250 0.286111
1 0.855469 0.181250 0.095312 0.265278
1 0.568359 0.286111 0.171094 0.241667