0 0.529297 0.690430 0.035156 0.037109
0 0.081055 0.836914 0.041016 0.056641
0 0.143555 0.800781 0.037109 0.039062
0 0.040039 0.459961 0.041016 0.041016
0 0.867188 0.055664 0.039062 0.052734
0 0.605469 0.653320 0.054688 0.037109
0 0.202148 0.943359 0.044922 0.054688
0 0.542969 0.948242 0.050781 0.033203
0 0.644531 0.260742 0.046875 0.052734
0 0.724609 0.652344 0.046875 0.031250
0 0.846680 0.682617 0.048828 0.044922
0 0.104492 0.069336 0.033203 0.041016
0 0.042969 0.581055 0.031250 0.044922
0 0.670898 0.080078 0.037109 0.054688
0 0.480469 0.453125 0.046875 0.031250
0 0.268555 0.490234 0.037109 0.042969
0 0.954102 0.799805 0.033203 0.052734
0 0.100586 0.220703 0.052734 0.031250
0 0.312500 0.847656 0.042969 0.035156
0 0.468750 0.354492 0.042969 0.037109
0 0.094727 0.652344 0.033203 0.031250
0 0.936523 0.569336 0.048828 0.056641
0 0.380859 0.464844 0.042969 0.058594
0 0.053711 0.047852 0.044922 0.052734
0 0.204102 0.460938 0.044922 0.050781
0 0.598633 0.198242 0.033203 0.041016
0 0.565430 0.255859 0.056641 0.046875
0 0.265625 0.928711 0.054688 0.033203
0 0.538086 0.144531 0.052734 0.035156
0 0.157227 0.473633 0.033203 0.033203
1 0.605469 0.490234 0.179688 0.234375
1 0.696289 0.820312 0.248047 0.175781
1 0.310547 0.647461 0.230469 0.224609
1 0.297852 0.208984 0.201172 0.269531
1 0.846680 0.189453 0.263672 0.140625
1 0.867188 0.392578 0.226562 0.214844