0 0.951172 0.934570 0.035156 0.033203
0 0.464844 0.724609 0.042969 0.039062
0 0.564453 0.081055 0.042969 0.056641
0 0.658203 0.053711 0.035156 0.052734
0 0.716797 0.506836 0.046875 0.044922
0 0.261719 0.754883 0.035156 0.037109
0 0.386719 0.686523 0.042969 0.033203
0 0.890625 0.553711 0.058594 0.033203
0 0.723633 0.033203 0.044922 0.035156
0 0.556641 0.875977 0.058594 0.041016
0 0.929688 0.046875 0.031250 0.039062
0 0.120117 0.086914 0.048828 0.033203
0 0.149414 0.529297 0.041016 0.039062
0 0.553711 0.243164 0.037109 0.033203
0 0.654297 0.479492 0.039062 0.044922
0 0.335938 0.603516 0.058594 0.058594
0 0.062500 0.210938 0.031250 0.046875
0 0.162109 0.883789 0.035156 0.037109
0 0.845703 0.872070 0.042969 0.056641
0 0.693359 0.833984 0.058594 0.042969
0 0.651367 0.280273 0.044922 0.048828
0 0.732422 0.105469 0.039062 0.031250
0 0.776367 0.068359 0.033203 0.042969
0 0.663086 0.884766 0.056641 0.042969
0 0.762695 0.897461 0.037109 0.044922
0 0.065430 0.106445 0.041016 0.041016
0 0.500000 0.239258 0.054688 0.044922
0 0.811523 0.551758 0.044922 0.048828
0 0.395508 0.623047 0.033203 0.031250
0 0.883789 0.415039 0.041016 0.044922
0 0.589844 0.780273 0.031250 0.052734
0 0.132812 0.259766 0.050781 0.035156
0 0.845703 0.491211 0.054688 0.056641
0 0.519531 0.141602 0.050781 0.041016
0 0.477539 0.045898 0.052734 0.052734
0 0.360352 0.755859 0.033203 0.039062
0 0.540039 0.804688 0.041016 0.039062
0 0.502930 0.096680 0.033203 0.033203
0 0.965820 0.144531 0.033203 0.039062
0 0.150391 0.149414 0.031250 0.048828
0 0.626953 0.345703 0.050781 0.054688
0 0.713867 0.660156 0.052734 0.050781
0 0.658203 0.219727 0.046875 0.041016
0 0.152344 0.949219 0.046875 0.054688
0 0.090820 0.536133 0.033203 0.052734
0 0.843750 0.051758 0.046875 0.033203
0 0.461914 0.596680 0.033203 0.048828
0 0.935547 0.450195 0.046875 0.048828
0 0.636719 0.958008 0.035156 0.033203
0 0.268555 0.618164 0.056641 0.048828
1 0.300781 0.424805 0.144531 0.228516
1 0.817383 0.258789 0.248047 0.251953
1 0.314453 0.142578 0.253906 0.210938
1 0.593750 0.646484 0.171875 0.167969
1 0.107422 0.394531 0.171875 0.203125
1 0.390625 0.888672 0.242188 0.187500
1 0.143555 0.711914 0.162109 0.232422
1 0.503906 0.431641 0.164062 0.207031
1 0.854492 0.700195 0.150391 0.228516