0 0.229492 0.743164 0.033203 0.041016
0 0.427734 0.757812 0.042969 0.054688
0 0.769531 0.541016 0.058594 0.058594
0 0.686523 0.073242 0.052734 0.044922
0 0.393555 0.832031 0.044922 0.054688
0 0.394531 0.349609 0.031250 0.035156
0 0.932617 0.866211 0.052734 0.044922
0 0.326172 0.738281 0.031250 0.050781
0 0.819336 0.894531 0.048828 0.050781
0 0.916992 0.604492 0.052734 0.044922
0 0.086914 0.175781 0.041016 0.054688
0 0.518555 0.723633 0.056641 0.037109
0 0.800781 0.806641 0.042969 0.035156
0 0.152344 0.666992 0.042969 0.056641
0 0.249023 0.152344 0.052734 0.050781
0 0.519531 0.843750 0.039062 0.050781
0 0.769531 0.452148 0.042969 0.052734
0 0.276367 0.086914 0.044922 0.037109
0 0.736328 0.624023 0.050781 0.056641
0 0.853516 0.573242 0.031250 0.048828
0 0.801758 0.316406 0.052734 0.031250
0 0.345703 0.947266 0.054688 0.035156
0 0.907227 0.956055 0.044922 0.041016
0 0.756836 0.210938 0.044922 0.042969
0 0.922852 0.743164 0.052734 0.037109
0 0.234375 0.655273 0.039062 0.037109
0 0.754883 0.925781 0.044922 0.050781
0 0.501953 0.937500 0.054688 0.058594
0 0.132812 0.082031 0.054688 0.042969
0 0.865234 0.314453 0.042969 0.035156
0 0.628906 0.902344 0.050781 0.050781
0 0.157227 0.225586 0.044922 0.052734
0 0.046875 0.580078 0.042969 0.035156
0 0.164062 0.037109 0.058594 0.031250
0 0.412109 0.920898 0.046875 0.044922
0 0.917969 0.525391 0.050781 0.050781
0 0.337891 0.059570 0.039062 0.048828
0 0.433594 0.450195 0.031250 0.044922
0 0.105469 0.419922 0.035156 0.058594
0 0.698242 0.966797 0.037109 0.035156
0 0.860352 0.366211 0.048828 0.044922
1 0.670898 0.789062 0.193359 0.148438
1 0.605469 0.368164 0.265625 0.248047
1 0.243164 0.526367 0.220703 0.138672
1 0.536133 0.593750 0.263672 0.152344
1 0.256836 0.845703 0.158203 0.136719
1 0.898438 0.157227 0.167969 0.255859
1 0.491211 0.109375 0.240234 0.171875
1 0.243164 0.349609 0.142578 0.140625