0 0.239063 0.804167 0.015625 0.041667
0 0.950391 0.655556 0.025781 0.025000
0 0.504687 0.452778 0.023438 0.047222
0 0.849219 0.913194 0.021875 0.026389
0 0.117578 0.962500 0.025781 0.041667
0 0.501563 0.162500 0.025000 0.027778
0 0.214844 0.906250 0.028125 0.031944
0 0.050000 0.959722 0.015625 0.041667
0 0.213672 0.830556 0.016406 0.030556
0 0.916406 0.827083 0.025000 0.037500
0 0.221094 0.713889 0.028125 0.050000
0 0.578125 0.886806 0.017188 0.045833
0 0.882812 0.828472 0.026562 0.029167
0 0.216406 0.102778 0.021875 0.036111
0 0.312500 0.748611 0.015625 0.030556
0 0.278906 0.778472 0.021875 0.040278
0 0.038281 0.138194 0.025000 0.045833
0 0.955469 0.436806 0.021875 0.040278
0 0.337500 0.242361 0.020313 0.045833
0 0.294141 0.940278 0.019531 0.041667
0 0.541016 0.175694 0.021094 0.037500
0 0.555469 0.453472 0.018750 0.045833
0 0.097266 0.036111 0.019531 0.030556
0 0.300391 0.834028 0.019531 0.031944
0 0.686328 0.055556 0.014844 0.038889
0 0.575781 0.564583 0.014063 0.037500
0 0.891406 0.937500 0.020313 0.033333
0 0.239844 0.290278 0.014063 0.050000
0 0.933594 0.430556 0.015625 0.030556
0 0.160156 0.833333 0.020313 0.044444
0 0.654297 0.425694 0.027344 0.045833
0 0.934375 0.944444 0.025000 0.036111
0 0.362109 0.270139 0.022656 0.031944
0 0.619141 0.052083 0.019531 0.048611
0 0.907813 0.875000 0.018750 0.041667
0 0.262109 0.854167 0.017969 0.041667
0 0.942578 0.356944 0.021094 0.025000
0 0.312500 0.056944 0.014063 0.050000
0 0.717187 0.929167 0.020313 0.041667
0 0.939063 0.581944 0.017188 0.030556
0 0.938281 0.133333 0.018750 0.038889
0 0.094141 0.916667 0.014844 0.036111
0 0.595313 0.457639 0.028125 0.040278
0 0.905469 0.603472 0.020313 0.029167
0 0.525781 0.952778 0.017188 0.047222
0 0.392188 0.090972 0.023438 0.043056
0 0.771094 0.369444 0.026562 0.027778
0 0.869141 0.343056 0.016406 0.044444
0 0.244531 0.137500 0.028125 0.033333
0 0.948438 0.251389 0.026562 0.030556
0 0.826172 0.553472 0.017969 0.026389
0 0.273047 0.152778 0.021094 0.027778
0 0.057813 0.450000 0.017188 0.041667
0 0.355469 0.070833 0.028125 0.041667
0 0.141016 0.460417 0.025781 0.031944
0 0.342187 0.358333 0.021875 0.025000
0 0.967969 0.502778 0.017188 0.027778
0 0.920703 0.346528 0.014844 0.048611
0 0.107813 0.139583 0.020313 0.043056
0 0.534375 0.461111 0.015625 0.027778
0 0.714063 0.260417 0.018750 0.040278
0 0.283203 0.215972 0.022656 0.043056
0 0.927734 0.077778 0.021094 0.036111
0 0.577344 0.056250 0.028125 0.037500
0 0.416797 0.465972 0.027344 0.045833
0 0.960156 0.055556 0.020313 0.038889
0 0.742969 0.169444 0.020313 0.027778
0 0.816406 0.905556 0.017188 0.044444
0 0.088281 0.403472 0.020313 0.037500
0 0.253516 0.729167 0.021094 0.038889
0 0.692578 0.122917 0.019531 0.037500
0 0.661328 0.833333 0.024219 0.047222
0 0.878906 0.588194 0.025000 0.031944
0 0.879687 0.752083 0.015625 0.031944
0 0.696875 0.390278 0.014063 0.027778
0 0.275781 0.052778 0.018750 0.041667
0 0.163281 0.131250 0.026562 0.048611
0 0.277344 0.268056 0.018750 0.030556
0 0.630078 0.929167 0.022656 0.044444
0 0.525781 0.519444 0.020313 0.047222
0 0.266797 0.096528 0.019531 0.026389
0 0.837109 0.620139 0.021094 0.043056
0 0.157031 0.930556 0.028125 0.027778
0 0.826562 0.468750 0.021875 0.026389
0 0.711328 0.039583 0.021094 0.031944
0 0.698438 0.791667 0.023438 0.036111
0 0.659375 0.931944 0.020313 0.041667
0 0.614844 0.135417 0.025000 0.034722
0 0.816797 0.402083 0.021094 0.043056
0 0.971875 0.702083 0.023438 0.043056
0 0.835156 0.357639 0.017188 0.029167
0 0.285547 0.697222 0.027344 0.050000
0 0.319922 0.912500 0.016406 0.030556
0 0.439844 0.168056 0.021875 0.050000
0 0.240234 0.343056 0.022656 0.030556
0 0.235156 0.204167 0.020313 0.047222
0 0.982031 0.940278 0.014063 0.025000
0 0.107422 0.457639 0.016406 0.037500
0 0.094531 0.870139 0.017188 0.029167
0 0.470703 0.452778 0.027344 0.025000
0 0.567578 0.954167 0.019531 0.038889
0 0.918359 0.286111 0.021094 0.038889
0 0.205859 0.057639 0.027344 0.043056
0 0.465625 0.102778 0.023438 0.041667
0 0.889844 0.672917 0.020313 0.026389
1 0.742969 0.531944 0.131250 0.197222
1 0.571484 0.719444 0.139844 0.255556
1 0.434375 0.295833 0.096875 0.177778
1 0.786719 0.758333 0.134375 0.191667
1 0.404687 0.794444 0.132812 0.255556
1 0.143750 0.256944 0.137500 0.166667
1 0.093750 0.647222 0.128125 0.283333
1 0.613281 0.269444 0.112500 0.213889
1 0.834766 0.180556 0.130469 0.200000
1 0.254688 0.509028 0.165625 0.248611