0 0.751953 0.125977 0.054688 0.048828
0 0.253906 0.489258 0.054688 0.048828
0 0.213867 0.344727 0.048828 0.048828
0 0.913086 0.193359 0.056641 0.039062
0 0.803711 0.895508 0.048828 0.052734
0 0.504883 0.871094 0.041016 0.042969
0 0.526367 0.263672 0.052734 0.042969
0 0.108398 0.890625 0.048828 0.035156
0 0.239258 0.896484 0.044922 0.046875
0 0.818359 0.140625 0.042969 0.058594
0 0.583984 0.165039 0.058594 0.056641
0 0.939453 0.261719 0.058594 0.031250
0 0.638672 0.664062 0.050781 0.039062
0 0.898438 0.079102 0.058594 0.037109
0 0.080078 0.531250 0.054688 0.035156
0 0.961914 0.061523 0.037109 0.033203
0 0.084961 0.824219 0.044922 0.046875
0 0.226562 0.752930 0.054688 0.056641
0 0.550781 0.900391 0.031250 0.054688
0 0.393555 0.868164 0.052734 0.041016
0 0.072266 0.609375 0.042969 0.050781
0 0.867188 0.945312 0.039062 0.039062
0 0.918945 0.335938 0.037109 0.054688
0 0.947266 0.946289 0.054688 0.041016
0 0.524414 0.425781 0.033203 0.058594
0 0.079102 0.042969 0.033203 0.042969
0 0.377930 0.249023 0.048828 0.052734
0 0.200195 0.950195 0.037109 0.044922
0 0.320312 0.253906 0.042969 0.050781
0 0.264648 0.844727 0.048828 0.033203
0 0.385742 0.792969 0.041016 0.054688
0 0.552734 0.958984 0.042969 0.031250
0 0.880859 0.138672 0.050781 0.035156
0 0.359375 0.940430 0.042969 0.056641
0 0.519531 0.532227 0.035156 0.044922
0 0.640625 0.151367 0.039062 0.052734
0 0.142578 0.964844 0.046875 0.035156
0 0.921875 0.412109 0.042969 0.035156
0 0.453125 0.940430 0.035156 0.033203
0 0.859375 0.415039 0.058594 0.033203
0 0.594727 0.847656 0.048828 0.035156
0 0.887695 0.871094 0.037109 0.039062
0 0.657227 0.596680 0.052734 0.056641
0 0.627930 0.249023 0.041016 0.056641
1 0.696289 0.379883 0.248047 0.181641
1 0.102539 0.424805 0.138672 0.146484
1 0.241211 0.626953 0.208984 0.171875
1 0.744141 0.786133 0.222656 0.138672
1 0.147461 0.178711 0.197266 0.193359
1 0.397461 0.397461 0.154297 0.216797
1 0.412109 0.136719 0.242188 0.144531
1 0.812500 0.595703 0.226562 0.191406
1 0.484375 0.701172 0.136719 0.210938