0 0.306641 0.514648 0.054688 0.033203
0 0.108398 0.667969 0.056641 0.042969
0 0.084961 0.959961 0.033203 0.041016
0 0.413086 0.165039 0.056641 0.048828
0 0.898438 0.897461 0.035156 0.041016
0 0.648438 0.489258 0.058594 0.056641
0 0.689453 0.131836 0.039062 0.041016
0 0.401367 0.883789 0.037109 0.037109
0 0.642578 0.546875 0.039062 0.031250
0 0.487305 0.069336 0.033203 0.033203
0 0.264648 0.735352 0.041016 0.056641
0 0.918945 0.824219 0.041016 0.035156
0 0.136719 0.236328 0.035156 0.039062
0 0.512695 0.625977 0.052734 0.041016
0 0.444336 0.355469 0.052734 0.046875
0 0.406250 0.629883 0.050781 0.056641
0 0.594727 0.123047 0.033203 0.039062
0 0.300781 0.868164 0.054688 0.037109
0 0.745117 0.214844 0.033203 0.054688
0 0.764648 0.395508 0.044922 0.056641
0 0.071289 0.602539 0.048828 0.056641
0 0.694336 0.071289 0.044922 0.052734
0 0.431641 0.493164 0.054688 0.037109
0 0.319336 0.695312 0.052734 0.050781
0 0.564453 0.617188 0.031250 0.050781
0 0.240234 0.882812 0.050781 0.058594
0 0.399414 0.744141 0.041016 0.046875
0 0.959961 0.517578 0.037109 0.039062
0 0.391602 0.345703 0.037109 0.046875
0 0.220703 0.234375 0.058594 0.035156
0 0.826172 0.369141 0.039062 0.050781
0 0.328125 0.117188 0.031250 0.054688
0 0.170898 0.164062 0.056641 0.050781
0 0.778320 0.826172 0.041016 0.050781
0 0.938477 0.043945 0.052734 0.033203
0 0.223633 0.650391 0.048828 0.054688
1 0.550781 0.844727 0.230469 0.205078
1 0.877930 0.208008 0.162109 0.228516
1 0.602539 0.293945 0.197266 0.267578
1 0.160156 0.441406 0.183594 0.222656
1 0.122070 0.830078 0.169922 0.191406
1 0.796875 0.639648 0.183594 0.205078