0 0.590625 0.147917 0.025000 0.048611
0 0.030078 0.779861 0.017969 0.026389
0 0.475000 0.933333 0.015625 0.041667
0 0.536328 0.826389 0.016406 0.027778
0 0.546484 0.302083 0.022656 0.029167
0 0.686719 0.520139 0.017188 0.026389
0 0.437109 0.663889 0.014844 0.033333
0 0.083203 0.770139 0.024219 0.048611
0 0.312500 0.059722 0.017188 0.036111
0 0.979297 0.261111 0.014844 0.025000
0 0.495703 0.195833 0.016406 0.044444
0 0.942969 0.543750 0.018750 0.040278
0 0.776953 0.481250 0.027344 0.045833
0 0.182422 0.310417 0.022656 0.034722
0 0.440234 0.719444 0.022656 0.036111
0 0.588281 0.315972 0.023438 0.034722
0 0.446875 0.061806 0.021875 0.043056
0 0.968359 0.914583 0.025781 0.043056
0 0.801562 0.901389 0.020313 0.030556
0 0.371875 0.090972 0.021875 0.045833
0 0.909375 0.087500 0.023438 0.025000
0 0.107422 0.036806 0.019531 0.031944
0 0.442969 0.148611 0.021875 0.027778
0 0.631250 0.403472 0.026562 0.031944
0 0.450000 0.475694 0.018750 0.029167
0 0.717187 0.459722 0.015625 0.030556
0 0.632031 0.085417 0.026562 0.037500
0 0.341016 0.122222 0.021094 0.025000
0 0.415234 0.588194 0.022656 0.037500
0 0.832422 0.850000 0.021094 0.047222
0 0.140625 0.443056 0.025000 0.044444
0 0.158594 0.247222 0.018750 0.050000
0 0.171875 0.441667 0.028125 0.027778
0 0.079297 0.059028 0.019531 0.043056
0 0.643359 0.450000 0.021094 0.044444
0 0.712500 0.898611 0.015625 0.033333
0 0.025391 0.685417 0.025781 0.043056
0 0.937891 0.075000 0.016406 0.044444
0 0.738281 0.831250 0.028125 0.037500
0 0.521484 0.466667 0.022656 0.027778
0 0.071094 0.604861 0.025000 0.048611
0 0.591406 0.395833 0.021875 0.044444
0 0.414453 0.959028 0.021094 0.045833
0 0.405469 0.504167 0.018750 0.041667
0 0.928516 0.617361 0.017969 0.043056
0 0.954297 0.428472 0.019531 0.031944
0 0.488672 0.410417 0.014844 0.045833
0 0.526172 0.224306 0.027344 0.043056
0 0.028516 0.952778 0.025781 0.044444
0 0.083203 0.493056 0.025781 0.030556
0 0.866016 0.506250 0.027344 0.026389
0 0.799219 0.044444 0.014063 0.025000
0 0.420312 0.070139 0.021875 0.048611
0 0.118359 0.839583 0.021094 0.026389
0 0.822656 0.457639 0.017188 0.043056
0 0.454297 0.407639 0.016406 0.040278
0 0.515625 0.363194 0.014063 0.034722
0 0.752344 0.961806 0.025000 0.043056
0 0.155859 0.156944 0.019531 0.025000
0 0.560937 0.859722 0.014063 0.038889
0 0.054688 0.765278 0.020313 0.033333
0 0.264844 0.962500 0.021875 0.030556
0 0.574219 0.447222 0.020313 0.041667
0 0.678906 0.390278 0.021875 0.030556
0 0.951172 0.805556 0.014844 0.050000
0 0.465625 0.311111 0.020313 0.030556
0 0.906641 0.288194 0.025781 0.034722
0 0.888672 0.832639 0.014844 0.043056
0 0.473438 0.256944 0.025000 0.036111
0 0.746094 0.529861 0.021875 0.040278
0 0.036328 0.829861 0.019531 0.029167
0 0.980859 0.547917 0.014844 0.029167
0 0.483594 0.100000 0.020313 0.041667
0 0.221875 0.065972 0.023438 0.031944
0 0.931250 0.757639 0.020313 0.026389
0 0.880859 0.397222 0.024219 0.036111
0 0.707422 0.937500 0.017969 0.030556
0 0.075781 0.538889 0.025000 0.030556
0 0.923828 0.401389 0.021094 0.041667
1 0.822266 0.222222 0.127344 0.297222
1 0.808984 0.700694 0.167969 0.173611
1 0.185938 0.677778 0.114062 0.258333
1 0.336719 0.775694 0.157812 0.295833
1 0.268359 0.235417 0.105469 0.237500
1 0.555078 0.654861 0.153906 0.293056
1 0.674609 0.237500 0.127344 0.230556
1 0.320703 0.482639 0.111719 0.184722
1 0.087109 0.245833 0.097656 0.300000