0 0.092773 0.505859 0.048828 0.035156
0 0.052734 0.163086 0.042969 0.033203
0 0.302734 0.104492 0.031250 0.033203
0 0.316406 0.042969 0.031250 0.042969
0 0.469727 0.158203 0.048828 0.042969
0 0.521484 0.084961 0.035156 0.044922
0 0.912109 0.168945 0.035156 0.056641
0 0.374023 0.345703 0.037109 0.054688
0 0.530273 0.889648 0.052734 0.048828
0 0.680664 0.186523 0.033203 0.041016
0 0.298828 0.187500 0.031250 0.054688
0 0.610352 0.115234 0.037109 0.035156
0 0.777344 0.054688 0.058594 0.050781
0 0.310547 0.433594 0.035156 0.046875
0 0.190430 0.225586 0.048828 0.037109
0 0.822266 0.190430 0.058594 0.033203
0 0.427734 0.267578 0.046875 0.058594
0 0.248047 0.416016 0.050781 0.031250
0 0.653320 0.508789 0.052734 0.033203
0 0.243164 0.074219 0.048828 0.035156
0 0.702148 0.100586 0.041016 0.048828
0 0.656250 0.714844 0.039062 0.054688
0 0.605469 0.638672 0.035156 0.050781
0 0.318359 0.272461 0.054688 0.044922
0 0.901367 0.617188 0.044922 0.050781
0 0.473633 0.817383 0.052734 0.037109
0 0.707031 0.720703 0.039062 0.039062
0 0.084961 0.638672 0.056641 0.050781
0 0.748047 0.298828 0.050781 0.031250
0 0.823242 0.694336 0.056641 0.033203
0 0.344727 0.207031 0.033203 0.039062
0 0.062500 0.243164 0.031250 0.048828
0 0.933594 0.276367 0.031250 0.056641
0 0.621094 0.785156 0.031250 0.046875
0 0.431641 0.068359 0.042969 0.031250
0 0.965820 0.819336 0.033203 0.048828
0 0.568359 0.776367 0.046875 0.041016
0 0.945312 0.708984 0.035156 0.046875
0 0.614258 0.856445 0.052734 0.044922
0 0.224609 0.142578 0.042969 0.054688
0 0.902344 0.756836 0.054688 0.033203
0 0.097656 0.898438 0.035156 0.039062
0 0.824219 0.130859 0.031250 0.031250
0 0.129883 0.212891 0.056641 0.058594
0 0.405273 0.121094 0.044922 0.058594
0 0.113281 0.816406 0.039062 0.046875
0 0.048828 0.866211 0.035156 0.056641
0 0.250000 0.268555 0.035156 0.056641
1 0.789062 0.865234 0.207031 0.156250
1 0.488281 0.594727 0.175781 0.259766
1 0.796875 0.447266 0.203125 0.234375
1 0.556641 0.300781 0.171875 0.191406
1 0.252930 0.863281 0.224609 0.226562
1 0.228516 0.576172 0.199219 0.214844