0 0.962891 0.709961 0.042969 0.041016
0 0.181641 0.724609 0.042969 0.035156
0 0.714844 0.037109 0.031250 0.039062
0 0.061523 0.624023 0.052734 0.044922
0 0.708984 0.329102 0.058594 0.056641
0 0.901367 0.473633 0.041016 0.052734
0 0.344727 0.566406 0.037109 0.046875
0 0.924805 0.944336 0.048828 0.044922
0 0.489258 0.710938 0.037109 0.039062
0 0.083984 0.433594 0.058594 0.054688
0 0.173828 0.357422 0.035156 0.054688
0 0.605469 0.666992 0.050781 0.033203
0 0.583984 0.592773 0.050781 0.052734
0 0.701172 0.471680 0.039062 0.048828
0 0.424805 0.233398 0.041016 0.037109
0 0.423828 0.144531 0.058594 0.039062
0 0.908203 0.084961 0.031250 0.056641
0 0.812500 0.106445 0.054688 0.044922
0 0.890625 0.558594 0.050781 0.035156
0 0.054688 0.703125 0.054688 0.031250
0 0.477539 0.596680 0.037109 0.033203
0 0.416992 0.637695 0.037109 0.052734
0 0.725586 0.140625 0.056641 0.031250
0 0.831055 0.514648 0.052734 0.033203
0 0.646484 0.712891 0.054688 0.039062
0 0.427734 0.544922 0.042969 0.058594
0 0.073242 0.373047 0.037109 0.050781
0 0.952148 0.445312 0.037109 0.042969
0 0.815430 0.570312 0.052734 0.039062
0 0.682617 0.887695 0.041016 0.033203
0 0.059570 0.547852 0.056641 0.033203
0 0.426758 0.397461 0.048828 0.048828
1 0.815430 0.699219 0.208984 0.152344
1 0.500000 0.856445 0.210938 0.216797
1 0.192383 0.603516 0.142578 0.152344
1 0.884766 0.290039 0.199219 0.232422
1 0.578125 0.408203 0.183594 0.242188
1 0.235352 0.162109 0.267578 0.187500
1 0.571289 0.100586 0.162109 0.162109
1 0.237305 0.838867 0.181641 0.150391
1 0.296875 0.387695 0.160156 0.216797