0 0.911719 0.961806 0.014063 0.034722
0 0.387891 0.925694 0.019531 0.029167
0 0.258594 0.137500 0.020313 0.033333
0 0.958984 0.488889 0.027344 0.047222
0 0.592578 0.598611 0.022656 0.038889
0 0.901563 0.044444 0.018750 0.044444
0 0.810547 0.923611 0.016406 0.033333
0 0.352734 0.155556 0.025781 0.038889
0 0.175000 0.963194 0.021875 0.034722
0 0.442578 0.204167 0.027344 0.050000
0 0.080859 0.453472 0.016406 0.026389
0 0.490234 0.693056 0.025781 0.025000
0 0.034375 0.820139 0.021875 0.026389
0 0.282422 0.377083 0.022656 0.045833
0 0.530469 0.136111 0.021875 0.047222
0 0.359375 0.811806 0.023438 0.026389
0 0.807031 0.493056 0.018750 0.036111
0 0.755469 0.931250 0.020313 0.037500
0 0.728516 0.620139 0.024219 0.048611
0 0.288281 0.809722 0.015625 0.038889
0 0.038672 0.865278 0.022656 0.030556
0 0.808594 0.344444 0.018750 0.025000
0 0.884375 0.497222 0.023438 0.044444
0 0.275781 0.440278 0.014063 0.038889
0 0.970313 0.052778 0.021875 0.050000
0 0.835547 0.915972 0.016406 0.034722
0 0.663672 0.963889 0.025781 0.027778
0 0.059375 0.295139 0.014063 0.026389
0 0.940234 0.838889 0.017969 0.030556
0 0.273828 0.070833 0.017969 0.050000
0 0.046484 0.426389 0.027344 0.047222
0 0.650000 0.297917 0.020313 0.040278
0 0.873437 0.958333 0.025000 0.025000
0 0.666406 0.094444 0.021875 0.044444
0 0.755078 0.805556 0.021094 0.030556
0 0.312109 0.085417 0.016406 0.031944
0 0.813281 0.808333 0.028125 0.036111
0 0.913672 0.374306 0.014844 0.037500
0 0.860547 0.360417 0.017969 0.026389
0 0.871094 0.123611 0.023438 0.030556
0 0.803125 0.120139 0.026562 0.031944
0 0.280469 0.188889 0.014063 0.030556
0 0.406250 0.222222 0.018750 0.036111
0 0.439453 0.041667 0.014844 0.044444
0 0.265625 0.236806 0.021875 0.029167
0 0.974219 0.597917 0.017188 0.026389
0 0.957812 0.900694 0.026562 0.040278
0 0.048438 0.105556 0.020313 0.050000
0 0.945703 0.124306 0.025781 0.048611
0 0.032813 0.595833 0.028125 0.041667
0 0.624219 0.084028 0.015625 0.034722
0 0.561328 0.056250 0.019531 0.040278
0 0.298438 0.735417 0.020313 0.048611
0 0.531641 0.602083 0.021094 0.026389
0 0.557422 0.554861 0.017969 0.040278
0 0.048438 0.756944 0.015625 0.038889
0 0.321094 0.215278 0.028125 0.041667
0 0.044531 0.372917 0.018750 0.031944
0 0.556250 0.953472 0.017188 0.034722
0 0.887891 0.385417 0.021094 0.037500
0 0.920703 0.495833 0.024219 0.050000
0 0.621484 0.945139 0.016406 0.029167
0 0.382031 0.116667 0.026562 0.041667
0 0.833984 0.458333 0.025781 0.050000
0 0.862109 0.326389 0.019531 0.027778
0 0.225781 0.112500 0.020313 0.050000
0 0.683203 0.194444 0.027344 0.027778
0 0.416016 0.926389 0.024219 0.038889
0 0.767578 0.686806 0.025781 0.040278
0 0.727734 0.874306 0.022656 0.037500
0 0.907813 0.815278 0.017188 0.027778
0 0.465625 0.911111 0.026562 0.030556
0 0.656250 0.497917 0.026562 0.045833
0 0.679688 0.875694 0.018750 0.037500
0 0.472656 0.116667 0.017188 0.030556
0 0.523047 0.065278 0.025781 0.050000
0 0.827734 0.297222 0.022656 0.033333
0 0.676953 0.645139 0.016406 0.026389
0 0.079687 0.084028 0.023438 0.037500
0 0.029297 0.197222 0.025781 0.036111
0 0.187109 0.134028 0.017969 0.034722
0 0.717578 0.558333 0.022656 0.025000
0 0.754297 0.047917 0.014844 0.040278
0 0.610156 0.866667 0.020313 0.025000
0 0.766406 0.127083 0.015625 0.031944
0 0.423828 0.766667 0.027344 0.038889
0 0.971094 0.117361 0.014063 0.048611
0 0.721484 0.099306 0.017969 0.034722
0 0.540234 0.836111 0.019531 0.041667
0 0.084375 0.927778 0.014063 0.047222
0 0.662891 0.579861 0.014844 0.031944
0 0.507031 0.843056 0.015625 0.025000
0 0.941797 0.202778 0.014844 0.041667
0 0.723047 0.798611 0.014844 0.036111
0 0.815234 0.384722 0.027344 0.025000
0 0.213672 0.956250 0.024219 0.045833
0 0.432812 0.107639 0.020313 0.037500
0 0.513672 0.952083 0.017969 0.031944
0 0.297656 0.539583 0.025000 0.043056
0 0.816406 0.551389 0.021875 0.038889
0 0.787109 0.965972 0.016406 0.026389
0 0.522266 0.520139 0.025781 0.029167
0 0.787891 0.886806 0.014844 0.045833
0 0.823047 0.054861 0.022656 0.026389
0 0.020313 0.352083 0.017188 0.048611
0 0.022656 0.052778 0.023438 0.044444
0 0.820312 0.212500 0.028125 0.025000
0 0.590234 0.960417 0.022656 0.045833
0 0.555078 0.618056 0.014844 0.033333
0 0.766406 0.526389 0.021875 0.050000
1 0.376563 0.614583 0.117188 0.223611
1 0.146875 0.595139 0.165625 0.173611
1 0.155469 0.297222 0.125000 0.247222
1 0.734375 0.352083 0.109375 0.240278
1 0.644141 0.759028 0.122656 0.173611
1 0.873047 0.671528 0.166406 0.181944
1 0.555859 0.311111 0.146094 0.266667