0 0.941406 0.513672 0.046875 0.050781
0 0.141602 0.128906 0.044922 0.046875
0 0.677734 0.919922 0.050781 0.042969
0 0.818359 0.078125 0.042969 0.054688
0 0.420898 0.072266 0.033203 0.050781
0 0.123047 0.789062 0.042969 0.046875
0 0.302734 0.251953 0.050781 0.054688
0 0.105469 0.199219 0.042969 0.042969
0 0.208008 0.275391 0.033203 0.054688
0 0.316406 0.181641 0.054688 0.031250
0 0.367188 0.408203 0.054688 0.050781
0 0.955078 0.279297 0.046875 0.031250
0 0.791992 0.791016 0.037109 0.031250
0 0.347656 0.928711 0.058594 0.052734
0 0.275391 0.399414 0.050781 0.037109
0 0.893555 0.866211 0.048828 0.033203
0 0.108398 0.709961 0.052734 0.041016
0 0.648438 0.324219 0.042969 0.035156
0 0.204102 0.184570 0.052734 0.052734
0 0.152344 0.958008 0.046875 0.037109
0 0.590820 0.304688 0.037109 0.050781
0 0.268555 0.702148 0.048828 0.052734
0 0.056641 0.844727 0.046875 0.052734
0 0.058594 0.306641 0.058594 0.046875
0 0.708008 0.145508 0.048828 0.052734
0 0.267578 0.870117 0.046875 0.056641
0 0.583008 0.059570 0.056641 0.056641
0 0.636719 0.440430 0.039062 0.041016
0 0.809570 0.360352 0.041016 0.033203
0 0.719727 0.432617 0.048828 0.037109
0 0.523438 0.751953 0.050781 0.039062
0 0.131836 0.272461 0.041016 0.033203
0 0.045898 0.442383 0.044922 0.044922
0 0.729492 0.077148 0.048828 0.037109
0 0.648438 0.848633 0.039062 0.056641
0 0.882812 0.035156 0.046875 0.035156
0 0.727539 0.368164 0.033203 0.044922
0 0.829102 0.283203 0.048828 0.031250
0 0.583008 0.489258 0.052734 0.041016
0 0.946289 0.796875 0.033203 0.050781
0 0.164062 0.358398 0.046875 0.056641
0 0.250977 0.081055 0.041016 0.048828
1 0.536133 0.192383 0.255859 0.146484
1 0.163086 0.591797 0.248047 0.152344
1 0.645508 0.670898 0.158203 0.205078
1 0.838867 0.617188 0.138672 0.261719
1 0.533203 0.879883 0.152344 0.158203
1 0.388672 0.601562 0.148438 0.273438