0 0.389648 0.599609 0.048828 0.031250
0 0.949219 0.646484 0.042969 0.042969
0 0.538086 0.330078 0.033203 0.058594
0 0.779297 0.584961 0.054688 0.048828
0 0.844727 0.555664 0.048828 0.048828
0 0.064453 0.236328 0.054688 0.050781
0 0.048828 0.662109 0.050781 0.035156
0 0.497070 0.528320 0.037109 0.037109
0 0.353516 0.730469 0.035156 0.054688
0 0.043945 0.909180 0.044922 0.041016
0 0.627930 0.298828 0.048828 0.035156
0 0.346680 0.088867 0.041016 0.048828
0 0.335938 0.485352 0.039062 0.037109
0 0.889648 0.625000 0.056641 0.050781
0 0.653320 0.656250 0.044922 0.042969
0 0.082031 0.569336 0.031250 0.044922
0 0.399414 0.517578 0.041016 0.031250
0 0.289062 0.852539 0.039062 0.048828
0 0.432617 0.071289 0.033203 0.041016
0 0.081055 0.467773 0.041016 0.033203
0 0.955078 0.154297 0.058594 0.039062
0 0.588867 0.375977 0.033203 0.033203
0 0.452148 0.472656 0.041016 0.058594
0 0.620117 0.941406 0.052734 0.050781
0 0.806641 0.061523 0.054688 0.033203
0 0.583984 0.548828 0.035156 0.031250
0 0.104492 0.895508 0.048828 0.048828
0 0.062500 0.836914 0.035156 0.033203
0 0.196289 0.962891 0.044922 0.042969
0 0.516602 0.177734 0.041016 0.046875
0 0.052734 0.142578 0.046875 0.042969
0 0.900391 0.547852 0.039062 0.044922
0 0.450195 0.635742 0.048828 0.033203
0 0.679688 0.035156 0.042969 0.031250
0 0.577148 0.596680 0.052734 0.041016
0 0.255859 0.042969 0.031250 0.035156
0 0.332031 0.546875 0.058594 0.039062
0 0.210938 0.779297 0.042969 0.050781
0 0.891602 0.164062 0.041016 0.031250
1 0.317383 0.293945 0.232422 0.216797
1 0.502930 0.784180 0.228516 0.232422
1 0.210938 0.623047 0.136719 0.218750
1 0.842773 0.361328 0.232422 0.164062
1 0.660156 0.174805 0.222656 0.162109
1 0.814453 0.814453 0.246094 0.269531