0 0.238281 0.709028 0.025000 0.045833
0 0.637109 0.872917 0.025781 0.040278
0 0.326172 0.804861 0.021094 0.034722
0 0.063672 0.543056 0.016406 0.041667
0 0.685547 0.447917 0.017969 0.026389
0 0.937891 0.134722 0.021094 0.044444
0 0.422266 0.337500 0.019531 0.036111
0 0.955078 0.275694 0.017969 0.048611
0 0.089063 0.875694 0.023438 0.026389
0 0.823047 0.036806 0.025781 0.031944
0 0.577734 0.093750 0.024219 0.031944
0 0.123828 0.704861 0.017969 0.048611
0 0.348438 0.613194 0.023438 0.043056
0 0.914844 0.365278 0.028125 0.044444
0 0.738281 0.515972 0.017188 0.043056
0 0.140625 0.933333 0.020313 0.030556
0 0.438281 0.634722 0.017188 0.047222
0 0.180469 0.559722 0.017188 0.047222
0 0.383984 0.154861 0.014844 0.029167
0 0.110156 0.095833 0.025000 0.038889
0 0.118359 0.515972 0.017969 0.031944
0 0.038281 0.843056 0.025000 0.030556
0 0.967578 0.959028 0.014844 0.040278
0 0.932422 0.576389 0.019531 0.030556
0 0.705469 0.935417 0.026562 0.037500
0 0.341797 0.074306 0.017969 0.031944
0 0.732031 0.579167 0.026562 0.027778
0 0.363281 0.823611 0.028125 0.025000
0 0.430078 0.711806 0.024219 0.040278
0 0.189062 0.111806 0.020313 0.037500
0 0.765625 0.590278 0.014063 0.038889
0 0.757422 0.470833 0.021094 0.025000
0 0.066797 0.476389 0.021094 0.030556
0 0.163281 0.113889 0.021875 0.033333
0 0.316797 0.945139 0.025781 0.029167
0 0.062109 0.122222 0.027344 0.044444
0 0.411719 0.586111 0.026562 0.044444
0 0.778125 0.961111 0.021875 0.044444
0 0.912891 0.966667 0.024219 0.027778
0 0.399609 0.089583 0.014844 0.040278
0 0.679688 0.113194 0.025000 0.031944
0 0.054688 0.797917 0.023438 0.043056
0 0.854297 0.494444 0.027344 0.038889
0 0.092969 0.583333 0.021875 0.030556
0 0.278516 0.072917 0.021094 0.031944
0 0.340234 0.665278 0.014844 0.041667
0 0.486328 0.536806 0.024219 0.031944
0 0.640625 0.818750 0.023438 0.048611
0 0.664844 0.945139 0.014063 0.037500
0 0.467187 0.093056 0.023438 0.036111
0 0.391797 0.926389 0.016406 0.041667
0 0.509375 0.604861 0.014063 0.045833
0 0.385937 0.633333 0.015625 0.036111
0 0.455078 0.754167 0.016406 0.025000
0 0.019531 0.593056 0.017188 0.030556
0 0.944141 0.384028 0.016406 0.040278
0 0.367969 0.768056 0.021875 0.027778
0 0.295703 0.661111 0.022656 0.027778
0 0.082812 0.670139 0.028125 0.034722
0 0.187500 0.680556 0.014063 0.025000
0 0.897656 0.460417 0.023438 0.031944
0 0.428125 0.431944 0.017188 0.025000
0 0.933594 0.233333 0.018750 0.036111
0 0.111719 0.657639 0.017188 0.026389
0 0.968750 0.667361 0.015625 0.029167
0 0.981250 0.533333 0.018750 0.041667
0 0.212500 0.506250 0.018750 0.043056
0 0.289844 0.833333 0.021875 0.030556
0 0.433203 0.525694 0.024219 0.029167
0 0.892969 0.273611 0.014063 0.027778
0 0.272266 0.611806 0.021094 0.029167
0 0.730078 0.450694 0.027344 0.045833
0 0.070312 0.070833 0.025000 0.025000
0 0.242578 0.527083 0.027344 0.031944
0 0.819922 0.511806 0.025781 0.031944
0 0.394922 0.824306 0.027344 0.045833
0 0.153516 0.499306 0.014844 0.048611
0 0.278906 0.888194 0.015625 0.034722
0 0.235937 0.037500 0.017188 0.033333
0 0.973437 0.040278 0.025000 0.047222
0 0.412109 0.204167 0.017969 0.025000
0 0.966797 0.429167 0.017969 0.047222
0 0.232813 0.251389 0.028125 0.033333
0 0.026172 0.772917 0.014844 0.031944
0 0.913281 0.533333 0.020313 0.038889
0 0.259375 0.108333 0.028125 0.025000
0 0.101953 0.956250 0.025781 0.034722
0 0.282813 0.734028 0.015625 0.034722
0 0.244531 0.601389 0.025000 0.027778
0 0.920312 0.463194 0.015625 0.029167
0 0.601172 0.087500 0.014844 0.030556
0 0.640234 0.417361 0.021094 0.043056
0 0.463672 0.469444 0.016406 0.041667
0 0.696094 0.066667 0.025000 0.047222
0 0.174219 0.186111 0.025000 0.047222
0 0.020313 0.165972 0.020313 0.031944
0 0.944531 0.520833 0.017188 0.036111
0 0.342578 0.556250 0.017969 0.034722
0 0.810937 0.913889 0.020313 0.030556
0 0.908203 0.170139 0.022656 0.034722
0 0.305469 0.077083 0.014063 0.048611
0 0.775781 0.143056 0.025000 0.036111
0 0.215234 0.176389 0.027344 0.038889
0 0.736328 0.146528 0.014844 0.040278
0 0.290234 0.545139 0.017969 0.026389
0 0.446484 0.565278 0.027344 0.036111
1 0.514453 0.283333 0.144531 0.305556
1 0.815625 0.302778 0.114062 0.252778
1 0.492188 0.867361 0.143750 0.176389
1 0.313281 0.265972 0.109375 0.273611
1 0.742969 0.746528 0.157812 0.254167
1 0.207031 0.844444 0.101562 0.208333
1 0.104688 0.337500 0.153125 0.227778
1 0.666797 0.267361 0.113281 0.237500
1 0.898438 0.802083 0.106250 0.248611