0 0.048438 0.136111 0.015625 0.038889
0 0.933203 0.374306 0.027344 0.026389
0 0.856250 0.063194 0.014063 0.031944
0 0.023828 0.859028 0.014844 0.026389
0 0.171875 0.827083 0.028125 0.029167
0 0.493750 0.391667 0.026562 0.044444
0 0.516406 0.235417 0.021875 0.031944
0 0.933594 0.759722 0.023438 0.030556
0 0.139844 0.636111 0.014063 0.038889
0 0.895312 0.690278 0.026562 0.030556
0 0.637891 0.956250 0.017969 0.034722
0 0.484375 0.930556 0.018750 0.050000
0 0.889844 0.043056 0.014063 0.027778
0 0.449609 0.471528 0.017969 0.043056
0 0.100000 0.411111 0.018750 0.050000
0 0.512500 0.502083 0.021875 0.029167
0 0.125781 0.873611 0.018750 0.050000
0 0.601172 0.138194 0.017969 0.034722
0 0.446094 0.715278 0.028125 0.030556
0 0.324609 0.918750 0.022656 0.043056
0 0.548047 0.284028 0.019531 0.048611
0 0.099609 0.786111 0.017969 0.038889
0 0.598437 0.090972 0.020313 0.045833
0 0.155078 0.877778 0.025781 0.027778
0 0.972266 0.678472 0.021094 0.045833
0 0.062109 0.890278 0.017969 0.036111
0 0.951953 0.294444 0.014844 0.030556
0 0.401562 0.673611 0.015625 0.033333
0 0.084375 0.859722 0.020313 0.025000
0 0.878125 0.891667 0.028125 0.025000
0 0.571094 0.905556 0.014063 0.027778
0 0.582812 0.468056 0.014063 0.036111
0 0.631250 0.169444 0.015625 0.030556
0 0.891406 0.795833 0.017188 0.050000
0 0.083984 0.552778 0.017969 0.027778
0 0.563672 0.088889 0.022656 0.027778
0 0.113672 0.531944 0.014844 0.041667
0 0.343359 0.705556 0.027344 0.041667
0 0.105469 0.354861 0.028125 0.040278
0 0.065625 0.423611 0.017188 0.025000
0 0.675000 0.312500 0.028125 0.033333
0 0.086719 0.122222 0.023438 0.025000
0 0.592187 0.585417 0.015625 0.043056
0 0.913672 0.518750 0.027344 0.031944
0 0.525781 0.092361 0.017188 0.048611
0 0.162109 0.281250 0.019531 0.040278
0 0.892578 0.318056 0.021094 0.041667
0 0.565234 0.176389 0.016406 0.027778
0 0.623047 0.899306 0.021094 0.029167
0 0.914062 0.200000 0.028125 0.044444
0 0.912109 0.588889 0.021094 0.030556
0 0.918359 0.290278 0.016406 0.036111
0 0.514062 0.185417 0.014063 0.040278
0 0.937109 0.115278 0.019531 0.025000
0 0.954688 0.172222 0.026562 0.041667
0 0.072656 0.706250 0.015625 0.037500
0 0.633594 0.366667 0.025000 0.025000
0 0.071875 0.623611 0.015625 0.047222
0 0.978516 0.127083 0.016406 0.034722
0 0.456641 0.623611 0.022656 0.038889
0 0.433203 0.788194 0.016406 0.045833
0 0.035547 0.459722 0.027344 0.044444
0 0.819922 0.677778 0.014844 0.041667
0 0.485938 0.031944 0.023438 0.030556
0 0.212109 0.138889 0.021094 0.050000
0 0.032813 0.630556 0.017188 0.033333
0 0.676953 0.193056 0.025781 0.036111
0 0.329297 0.788194 0.027344 0.029167
0 0.400781 0.965972 0.020313 0.029167
0 0.605469 0.643056 0.018750 0.044444
0 0.144922 0.179861 0.021094 0.045833
0 0.160547 0.721528 0.027344 0.043056
0 0.363281 0.052083 0.015625 0.031944
1 0.535547 0.764583 0.116406 0.173611
1 0.207813 0.457639 0.162500 0.281944
1 0.425391 0.156250 0.099219 0.184722
1 0.709375 0.533333 0.126562 0.205556
1 0.755078 0.834028 0.171094 0.229167
1 0.297656 0.176389 0.120313 0.169444
1 0.248438 0.789583 0.096875 0.265278
1 0.780078 0.262500 0.147656 0.238889