0 0.092969 0.807639 0.014063 0.040278
0 0.329297 0.455556 0.027344 0.036111
0 0.681250 0.036806 0.021875 0.037500
0 0.841016 0.850694 0.024219 0.040278
0 0.164062 0.705556 0.018750 0.038889
0 0.188672 0.363889 0.017969 0.036111
0 0.069922 0.459722 0.027344 0.025000
0 0.879297 0.154167 0.027344 0.033333
0 0.301172 0.634722 0.019531 0.044444
0 0.383984 0.618750 0.022656 0.037500
0 0.885547 0.490278 0.016406 0.025000
0 0.335156 0.956944 0.018750 0.050000
0 0.953516 0.778472 0.025781 0.029167
0 0.959766 0.165972 0.022656 0.026389
0 0.851562 0.961111 0.021875 0.033333
0 0.585156 0.906250 0.015625 0.031944
0 0.593750 0.595833 0.020313 0.030556
0 0.282813 0.504167 0.015625 0.047222
0 0.449219 0.870833 0.017188 0.036111
0 0.692578 0.777778 0.017969 0.038889
0 0.785547 0.939583 0.014844 0.031944
0 0.928906 0.866667 0.023438 0.025000
0 0.360156 0.459722 0.026562 0.027778
0 0.854297 0.096528 0.016406 0.026389
0 0.143750 0.415278 0.023438 0.036111
0 0.062891 0.127778 0.021094 0.033333
0 0.531250 0.821528 0.023438 0.043056
0 0.288672 0.403472 0.019531 0.043056
0 0.808594 0.168056 0.017188 0.044444
0 0.242969 0.506944 0.015625 0.050000
0 0.845313 0.536111 0.023438 0.030556
0 0.115625 0.298611 0.020313 0.027778
0 0.845703 0.645139 0.017969 0.029167
0 0.487500 0.681250 0.023438 0.026389
0 0.683203 0.920139 0.021094 0.031944
0 0.237891 0.625694 0.024219 0.034722
0 0.171875 0.463194 0.017188 0.040278
0 0.303125 0.474306 0.017188 0.031944
0 0.433203 0.682639 0.024219 0.045833
0 0.927344 0.065278 0.020313 0.036111
0 0.853906 0.045139 0.018750 0.031944
0 0.481250 0.746528 0.021875 0.034722
0 0.805859 0.348611 0.016406 0.041667
0 0.341016 0.373611 0.025781 0.038889
0 0.155078 0.586111 0.021094 0.041667
0 0.162109 0.340278 0.019531 0.044444
0 0.103906 0.431250 0.015625 0.048611
0 0.094922 0.736111 0.016406 0.030556
0 0.281250 0.255556 0.026562 0.036111
0 0.207813 0.545833 0.026562 0.038889
0 0.428906 0.536806 0.017188 0.043056
0 0.402734 0.478472 0.025781 0.026389
0 0.300781 0.540972 0.014063 0.031944
0 0.142187 0.479167 0.018750 0.036111
0 0.499609 0.919444 0.024219 0.047222
0 0.557031 0.969444 0.020313 0.025000
0 0.272266 0.549306 0.024219 0.029167
0 0.800781 0.652778 0.014063 0.044444
0 0.297656 0.170833 0.020313 0.047222
0 0.694922 0.846528 0.024219 0.026389
0 0.078125 0.305556 0.015625 0.038889
0 0.114062 0.187500 0.015625 0.027778
0 0.372656 0.202083 0.023438 0.045833
0 0.342969 0.502083 0.017188 0.045833
0 0.338281 0.155556 0.020313 0.047222
0 0.433984 0.918750 0.025781 0.031944
0 0.119141 0.939583 0.014844 0.040278
0 0.492969 0.609028 0.018750 0.048611
0 0.936719 0.111111 0.021875 0.025000
0 0.033984 0.381250 0.027344 0.026389
0 0.398047 0.552778 0.017969 0.047222
0 0.743359 0.038889 0.021094 0.038889
0 0.547656 0.603472 0.026562 0.026389
0 0.545703 0.937500 0.014844 0.025000
0 0.932813 0.920833 0.021875 0.050000
0 0.974219 0.852778 0.023438 0.038889
0 0.087109 0.920833 0.021094 0.036111
0 0.944531 0.465972 0.020313 0.029167
0 0.756641 0.950000 0.021094 0.044444
0 0.138672 0.835417 0.021094 0.031944
0 0.939063 0.322917 0.021875 0.037500
0 0.059375 0.361111 0.017188 0.050000
0 0.050781 0.265972 0.020313 0.040278
0 0.886328 0.957639 0.021094 0.043056
0 0.427344 0.859722 0.018750 0.044444
0 0.385937 0.069444 0.018750 0.047222
0 0.068750 0.856944 0.020313 0.027778
0 0.025391 0.286806 0.022656 0.048611
0 0.228516 0.925000 0.021094 0.033333
0 0.538672 0.755556 0.014844 0.050000
0 0.971875 0.307639 0.014063 0.037500
0 0.880078 0.790278 0.019531 0.038889
0 0.351562 0.627778 0.017188 0.044444
0 0.066406 0.167361 0.015625 0.031944
0 0.060156 0.709028 0.015625 0.037500
0 0.651172 0.905556 0.027344 0.025000
0 0.091797 0.695833 0.016406 0.036111
0 0.171484 0.923611 0.024219 0.030556
0 0.055859 0.060417 0.025781 0.034722
0 0.915625 0.758333 0.021875 0.047222
0 0.083984 0.242361 0.025781 0.045833
0 0.137109 0.730556 0.021094 0.033333
0 0.218750 0.345833 0.025000 0.030556
0 0.416406 0.374306 0.015625 0.029167
0 0.471875 0.820139 0.023438 0.031944
0 0.252344 0.397222 0.018750 0.038889
0 0.342969 0.301389 0.018750 0.044444
0 0.636719 0.629167 0.015625 0.036111
1 0.874609 0.325000 0.096094 0.288889
1 0.537891 0.468056 0.167969 0.177778
1 0.925781 0.618750 0.093750 0.212500
1 0.722266 0.500000 0.142969 0.230556
1 0.197266 0.167361 0.096094 0.190278
1 0.341797 0.798611 0.130469 0.227778
1 0.476953 0.196528 0.147656 0.268056
1 0.762500 0.808333 0.101562 0.197222
1 0.080078 0.570833 0.094531 0.180556
1 0.622656 0.786111 0.104688 0.183333