0 0.585547 0.543056 0.022656 0.036111
0 0.018750 0.500694 0.018750 0.043056
0 0.223438 0.895139 0.015625 0.034722
0 0.469922 0.056944 0.017969 0.050000
0 0.049609 0.920139 0.021094 0.031944
0 0.510938 0.041667 0.018750 0.050000
0 0.026172 0.388194 0.025781 0.031944
0 0.169922 0.096528 0.021094 0.045833
0 0.125781 0.311806 0.028125 0.034722
0 0.172656 0.872917 0.026562 0.026389
0 0.234375 0.737500 0.018750 0.047222
0 0.619922 0.555556 0.017969 0.047222
0 0.591406 0.080556 0.026562 0.030556
0 0.062891 0.542361 0.014844 0.040278
0 0.589844 0.147917 0.018750 0.031944
0 0.211719 0.061111 0.020313 0.030556
0 0.066016 0.364583 0.017969 0.029167
0 0.629297 0.037500 0.024219 0.036111
0 0.170703 0.518750 0.027344 0.037500
0 0.866016 0.313194 0.021094 0.029167
0 0.813281 0.751389 0.025000 0.047222
0 0.258984 0.131250 0.024219 0.043056
0 0.119531 0.457639 0.028125 0.045833
0 0.085547 0.060417 0.021094 0.040278
0 0.977344 0.870833 0.025000 0.033333
0 0.915234 0.249306 0.019531 0.045833
0 0.233594 0.639583 0.015625 0.034722
0 0.367188 0.956250 0.023438 0.034722
0 0.564844 0.080556 0.014063 0.027778
0 0.110547 0.149306 0.027344 0.045833
0 0.917188 0.745833 0.023438 0.050000
0 0.698828 0.588194 0.014844 0.029167
0 0.096484 0.310417 0.022656 0.043056
0 0.944141 0.085417 0.016406 0.029167
0 0.560937 0.038889 0.021875 0.038889
0 0.295703 0.504167 0.024219 0.030556
0 0.828125 0.885417 0.026562 0.026389
0 0.482031 0.970139 0.021875 0.026389
0 0.679688 0.526389 0.017188 0.050000
0 0.019531 0.267361 0.015625 0.040278
0 0.108594 0.513889 0.014063 0.044444
0 0.374609 0.422222 0.017969 0.030556
0 0.055859 0.963194 0.019531 0.026389
0 0.179297 0.459028 0.014844 0.029167
0 0.493750 0.855556 0.018750 0.025000
0 0.387109 0.504861 0.025781 0.029167
0 0.968750 0.037500 0.026562 0.036111
0 0.354687 0.561111 0.020313 0.033333
0 0.977734 0.820139 0.021094 0.031944
0 0.819531 0.311111 0.017188 0.030556
0 0.980859 0.174306 0.019531 0.043056
0 0.057813 0.220833 0.017188 0.030556
0 0.846484 0.070139 0.019531 0.048611
0 0.895312 0.949306 0.014063 0.043056
0 0.776172 0.684722 0.024219 0.041667
0 0.888672 0.122222 0.014844 0.025000
0 0.100000 0.225000 0.023438 0.033333
0 0.541016 0.143750 0.025781 0.034722
0 0.923047 0.329167 0.024219 0.030556
0 0.205078 0.489583 0.014844 0.040278
0 0.916016 0.077778 0.014844 0.025000
0 0.860547 0.802083 0.025781 0.043056
0 0.454297 0.850694 0.021094 0.045833
0 0.492969 0.898611 0.021875 0.047222
0 0.243359 0.065278 0.025781 0.044444
0 0.875391 0.233333 0.024219 0.038889
0 0.767969 0.041667 0.023438 0.033333
0 0.366406 0.459028 0.020313 0.026389
0 0.326953 0.489583 0.022656 0.026389
0 0.041016 0.303472 0.014844 0.045833
0 0.814844 0.140972 0.018750 0.040278
0 0.535547 0.513889 0.017969 0.027778
0 0.026172 0.642361 0.017969 0.048611
0 0.807031 0.209722 0.021875 0.030556
0 0.440625 0.907639 0.014063 0.029167
0 0.232813 0.518056 0.015625 0.027778
0 0.293750 0.453472 0.021875 0.043056
0 0.463672 0.921528 0.019531 0.026389
0 0.184766 0.962500 0.014844 0.038889
0 0.817187 0.063889 0.025000 0.047222
0 0.079297 0.187500 0.021094 0.025000
0 0.923047 0.962500 0.021094 0.025000
0 0.948438 0.177083 0.021875 0.043056
0 0.789844 0.627778 0.018750 0.025000
0 0.044531 0.041667 0.023438 0.038889
0 0.774609 0.878472 0.024219 0.048611
0 0.441016 0.088889 0.021094 0.044444
0 0.448437 0.501389 0.017188 0.047222
0 0.295703 0.563889 0.022656 0.036111
0 0.865625 0.156944 0.025000 0.044444
0 0.204687 0.423611 0.018750 0.044444
0 0.743750 0.925694 0.015625 0.045833
0 0.115234 0.909028 0.022656 0.048611
0 0.035547 0.558333 0.025781 0.030556
0 0.376953 0.054861 0.021094 0.037500
0 0.714844 0.040278 0.025000 0.047222
0 0.955469 0.961806 0.026562 0.043056
0 0.492578 0.480556 0.016406 0.033333
0 0.044531 0.495139 0.021875 0.026389
0 0.333203 0.960417 0.017969 0.031944
0 0.955469 0.270139 0.021875 0.037500
0 0.028125 0.788889 0.025000 0.027778
0 0.114844 0.952778 0.017188 0.025000
0 0.831641 0.827083 0.025781 0.026389
1 0.748437 0.453472 0.103125 0.212500
1 0.461719 0.674306 0.098437 0.234722
1 0.601172 0.833333 0.122656 0.227778
1 0.587891 0.364583 0.161719 0.245833
1 0.227734 0.271528 0.147656 0.218056
1 0.138281 0.718056 0.156250 0.263889
1 0.396094 0.258333 0.153125 0.250000
1 0.905859 0.504861 0.124219 0.290278
1 0.323828 0.770139 0.147656 0.273611