0 0.382031 0.911806 0.025000 0.029167
0 0.639453 0.915278 0.021094 0.038889
0 0.969141 0.934722 0.017969 0.038889
0 0.470703 0.881250 0.024219 0.026389
0 0.035156 0.785417 0.020313 0.031944
0 0.560937 0.352083 0.021875 0.048611
0 0.757812 0.263194 0.018750 0.037500
0 0.830078 0.506250 0.019531 0.026389
0 0.497656 0.588194 0.020313 0.029167
0 0.426953 0.960417 0.022656 0.040278
0 0.423438 0.662500 0.026562 0.050000
0 0.453906 0.613194 0.021875 0.043056
0 0.960547 0.200694 0.027344 0.031944
0 0.444531 0.856944 0.018750 0.027778
0 0.499219 0.063194 0.025000 0.037500
0 0.539062 0.094444 0.026562 0.025000
0 0.407031 0.100000 0.023438 0.044444
0 0.711719 0.943750 0.023438 0.045833
0 0.120703 0.900000 0.021094 0.044444
0 0.892188 0.510417 0.018750 0.026389
0 0.890625 0.878472 0.023438 0.029167
0 0.585547 0.889583 0.022656 0.031944
0 0.919531 0.252083 0.014063 0.029167
0 0.305469 0.054861 0.028125 0.034722
0 0.919531 0.783333 0.021875 0.033333
0 0.918750 0.488194 0.015625 0.048611
0 0.888281 0.963194 0.023438 0.029167
0 0.364844 0.085417 0.020313 0.031944
0 0.907031 0.674306 0.025000 0.031944
0 0.669141 0.851389 0.024219 0.038889
0 0.224219 0.073611 0.025000 0.027778
0 0.693750 0.675000 0.014063 0.041667
0 0.472266 0.718750 0.021094 0.048611
0 0.944922 0.303472 0.014844 0.031944
0 0.926562 0.633333 0.023438 0.025000
0 0.631250 0.338194 0.021875 0.031944
0 0.338281 0.106944 0.025000 0.050000
0 0.412500 0.796528 0.026562 0.040278
0 0.460938 0.785417 0.020313 0.037500
0 0.597656 0.318056 0.023438 0.027778
0 0.635938 0.436111 0.020313 0.047222
0 0.612109 0.422917 0.021094 0.026389
0 0.947656 0.128472 0.028125 0.043056
0 0.719141 0.139583 0.024219 0.031944
0 0.782031 0.959722 0.014063 0.030556
0 0.029687 0.603472 0.014063 0.045833
0 0.755469 0.645833 0.028125 0.033333
0 0.819141 0.306944 0.024219 0.033333
0 0.858203 0.483333 0.027344 0.047222
0 0.192578 0.915278 0.025781 0.036111
0 0.839063 0.407639 0.018750 0.029167
0 0.475391 0.119444 0.021094 0.036111
0 0.939063 0.399306 0.023438 0.037500
0 0.851953 0.646528 0.014844 0.026389
0 0.478516 0.200694 0.021094 0.048611
0 0.888281 0.056944 0.015625 0.027778
0 0.956250 0.793750 0.014063 0.048611
0 0.561328 0.459722 0.017969 0.027778
0 0.406250 0.189583 0.017188 0.040278
0 0.829688 0.613889 0.014063 0.025000
0 0.936719 0.037500 0.026562 0.027778
0 0.900781 0.835417 0.020313 0.043056
0 0.450781 0.047222 0.018750 0.030556
0 0.158984 0.957639 0.014844 0.037500
0 0.646484 0.691667 0.016406 0.033333
0 0.152344 0.908333 0.017188 0.044444
0 0.746484 0.031250 0.021094 0.029167
0 0.615234 0.384722 0.024219 0.025000
0 0.355859 0.300694 0.014844 0.040278
0 0.150391 0.592361 0.024219 0.029167
0 0.080859 0.871528 0.016406 0.031944
0 0.665234 0.393056 0.024219 0.025000
0 0.154688 0.081250 0.018750 0.029167
0 0.539062 0.893056 0.023438 0.036111
0 0.198047 0.516667 0.017969 0.025000
0 0.714063 0.286806 0.017188 0.045833
0 0.959766 0.477083 0.025781 0.034722
0 0.687891 0.121528 0.017969 0.034722
0 0.338672 0.252778 0.021094 0.033333
0 0.499609 0.663194 0.017969 0.040278
0 0.924219 0.856944 0.015625 0.047222
0 0.593750 0.954167 0.017188 0.033333
0 0.864062 0.903472 0.014063 0.026389
0 0.955469 0.734722 0.028125 0.033333
0 0.881250 0.342361 0.017188 0.037500
0 0.551172 0.963194 0.027344 0.026389
0 0.884375 0.785417 0.018750 0.040278
0 0.696875 0.242361 0.028125 0.029167
0 0.926953 0.193750 0.016406 0.045833
0 0.905859 0.396528 0.019531 0.045833
0 0.467969 0.667361 0.018750 0.037500
0 0.540625 0.839583 0.018750 0.026389
0 0.750000 0.133333 0.018750 0.038889
0 0.273438 0.057639 0.018750 0.031944
0 0.354297 0.198611 0.027344 0.050000
0 0.715234 0.068750 0.019531 0.048611
0 0.353906 0.943750 0.018750 0.040278
0 0.188281 0.174306 0.018750 0.040278
0 0.827734 0.567361 0.025781 0.043056
0 0.073438 0.936806 0.020313 0.026389
0 0.025000 0.930556 0.017188 0.050000
0 0.637500 0.806944 0.020313 0.033333
0 0.637109 0.067361 0.025781 0.031944
0 0.646875 0.510417 0.015625 0.043056
0 0.958203 0.519444 0.024219 0.027778
1 0.265625 0.257639 0.109375 0.176389
1 0.159375 0.724306 0.148438 0.209722
1 0.747266 0.471528 0.102344 0.293056
1 0.591016 0.206250 0.166406 0.170833
1 0.312891 0.714583 0.108594 0.218056
1 0.575781 0.637500 0.112500 0.280556
1 0.777734 0.774306 0.133594 0.190278
1 0.819141 0.136806 0.107031 0.176389
1 0.087109 0.203472 0.103906 0.290278
1 0.300781 0.477778 0.150000 0.183333