0 0.222656 0.926758 0.050781 0.033203
0 0.358398 0.354492 0.041016 0.048828
0 0.048828 0.605469 0.054688 0.046875
0 0.288086 0.406250 0.048828 0.031250
0 0.345703 0.923828 0.042969 0.035156
0 0.658203 0.536133 0.039062 0.056641
0 0.923828 0.692383 0.031250 0.052734
0 0.043945 0.962891 0.044922 0.031250
0 0.407227 0.244141 0.048828 0.050781
0 0.903320 0.776367 0.041016 0.037109
0 0.108398 0.749023 0.037109 0.041016
0 0.781250 0.635742 0.042969 0.041016
0 0.935547 0.546875 0.054688 0.042969
0 0.935547 0.625000 0.031250 0.050781
0 0.761719 0.709961 0.058594 0.033203
0 0.946289 0.842773 0.044922 0.056641
0 0.857422 0.593750 0.050781 0.058594
0 0.578125 0.872070 0.035156 0.044922
0 0.067383 0.383789 0.033203 0.033203
0 0.923828 0.337891 0.039062 0.058594
0 0.451172 0.953125 0.039062 0.058594
0 0.168945 0.092773 0.044922 0.048828
0 0.570312 0.739258 0.035156 0.037109
0 0.620117 0.473633 0.033203 0.041016
0 0.537109 0.439453 0.031250 0.046875
0 0.795898 0.547852 0.037109 0.044922
0 0.209961 0.863281 0.044922 0.035156
0 0.291016 0.868164 0.054688 0.048828
0 0.882812 0.845703 0.054688 0.035156
0 0.564453 0.811523 0.039062 0.041016
0 0.368164 0.832031 0.041016 0.046875
0 0.041992 0.297852 0.037109 0.052734
0 0.715820 0.065430 0.044922 0.041016
0 0.631836 0.935547 0.037109 0.046875
0 0.550781 0.667969 0.054688 0.039062
1 0.774414 0.373047 0.236328 0.253906
1 0.726562 0.862305 0.136719 0.181641
1 0.391602 0.662109 0.236328 0.273438
1 0.547852 0.316406 0.158203 0.167969
1 0.871094 0.109375 0.152344 0.164062
1 0.198242 0.226562 0.189453 0.171875
1 0.147461 0.491211 0.169922 0.142578
1 0.516602 0.096680 0.240234 0.154297