0 0.060937 0.903472 0.014063 0.029167
0 0.037109 0.792361 0.027344 0.029167
0 0.973047 0.061806 0.027344 0.037500
0 0.598828 0.867361 0.027344 0.037500
0 0.736328 0.072222 0.017969 0.027778
0 0.664844 0.172222 0.014063 0.044444
0 0.053906 0.065972 0.020313 0.040278
0 0.154688 0.047917 0.018750 0.043056
0 0.184766 0.903472 0.022656 0.037500
0 0.544141 0.354167 0.014844 0.033333
0 0.165234 0.584028 0.024219 0.034722
0 0.060547 0.461111 0.024219 0.044444
0 0.687500 0.898611 0.021875 0.027778
0 0.705078 0.584028 0.014844 0.034722
0 0.116016 0.773611 0.017969 0.050000
0 0.878516 0.647917 0.016406 0.031944
0 0.898438 0.455556 0.015625 0.041667
0 0.888281 0.847222 0.025000 0.033333
0 0.223828 0.764583 0.017969 0.034722
0 0.664844 0.903472 0.014063 0.029167
0 0.620313 0.724306 0.023438 0.031944
0 0.458203 0.726389 0.021094 0.033333
0 0.961719 0.745833 0.017188 0.030556
0 0.934766 0.756250 0.022656 0.029167
0 0.925781 0.693750 0.023438 0.031944
0 0.835938 0.793750 0.028125 0.040278
0 0.491016 0.789583 0.017969 0.045833
0 0.454688 0.891667 0.017188 0.036111
0 0.188281 0.681944 0.025000 0.030556
0 0.938281 0.447222 0.025000 0.050000
0 0.488281 0.495833 0.014063 0.050000
0 0.100391 0.672917 0.016406 0.045833
0 0.932813 0.206250 0.028125 0.037500
0 0.832812 0.867361 0.018750 0.026389
0 0.929297 0.544444 0.014844 0.050000
0 0.535156 0.761806 0.018750 0.043056
0 0.778125 0.959722 0.017188 0.036111
0 0.453516 0.804167 0.017969 0.047222
0 0.113672 0.047917 0.021094 0.034722
0 0.166797 0.832639 0.021094 0.034722
0 0.414453 0.944444 0.024219 0.038889
0 0.505469 0.367361 0.028125 0.043056
0 0.491406 0.049306 0.026562 0.034722
0 0.768359 0.608333 0.027344 0.044444
0 0.826172 0.942361 0.021094 0.040278
0 0.857031 0.079861 0.025000 0.043056
0 0.237500 0.702778 0.018750 0.036111
0 0.713281 0.077778 0.021875 0.044444
0 0.832031 0.136806 0.023438 0.031944
0 0.357031 0.788194 0.025000 0.037500
0 0.937109 0.912500 0.027344 0.027778
0 0.977344 0.307639 0.021875 0.045833
0 0.364063 0.722222 0.017188 0.044444
0 0.217188 0.268056 0.023438 0.044444
0 0.050781 0.667361 0.018750 0.043056
0 0.402734 0.816667 0.019531 0.041667
0 0.892188 0.536806 0.023438 0.034722
0 0.274609 0.863889 0.022656 0.030556
0 0.926172 0.388889 0.022656 0.050000
0 0.242578 0.912500 0.014844 0.047222
0 0.607812 0.338889 0.020313 0.033333
0 0.158984 0.197222 0.022656 0.036111
0 0.875781 0.720139 0.015625 0.045833
0 0.639844 0.934722 0.021875 0.027778
0 0.826953 0.610417 0.017969 0.040278
0 0.558203 0.767361 0.021094 0.040278
0 0.021094 0.630556 0.020313 0.033333
0 0.138672 0.683333 0.025781 0.036111
0 0.668750 0.125000 0.015625 0.027778
0 0.326172 0.761806 0.016406 0.048611
0 0.638672 0.045833 0.025781 0.050000
0 0.889453 0.108333 0.024219 0.047222
0 0.812891 0.512500 0.027344 0.025000
0 0.137891 0.747222 0.014844 0.027778
1 0.727734 0.773611 0.136719 0.205556
1 0.576953 0.564583 0.135156 0.265278
1 0.505859 0.222222 0.141406 0.180556
1 0.782813 0.321528 0.143750 0.204167
1 0.262500 0.527083 0.114062 0.276389
1 0.320703 0.206944 0.160156 0.252778
1 0.084375 0.255556 0.114062 0.286111
1 0.413672 0.522917 0.124219 0.298611