0 0.164062 0.077148 0.058594 0.056641
0 0.270508 0.323242 0.052734 0.037109
0 0.769531 0.478516 0.046875 0.035156
0 0.186523 0.963867 0.052734 0.033203
0 0.514648 0.302734 0.044922 0.031250
0 0.710938 0.758789 0.050781 0.033203
0 0.124023 0.845703 0.048828 0.058594
0 0.957031 0.781250 0.035156 0.031250
0 0.900391 0.695312 0.054688 0.042969
0 0.521484 0.902344 0.058594 0.054688
0 0.414062 0.272461 0.035156 0.048828
0 0.061523 0.330078 0.033203 0.039062
0 0.820312 0.333984 0.046875 0.031250
0 0.459961 0.927734 0.041016 0.050781
0 0.632812 0.822266 0.058594 0.039062
0 0.624023 0.431641 0.037109 0.039062
0 0.554688 0.383789 0.046875 0.052734
0 0.826172 0.515625 0.039062 0.042969
0 0.648438 0.542969 0.031250 0.042969
0 0.117188 0.512695 0.042969 0.037109
0 0.419922 0.193359 0.054688 0.058594
0 0.041016 0.044922 0.039062 0.039062
0 0.930664 0.341797 0.052734 0.035156
0 0.941406 0.912109 0.050781 0.054688
0 0.685547 0.890625 0.054688 0.046875
0 0.171875 0.443359 0.058594 0.054688
0 0.075195 0.945312 0.037109 0.042969
0 0.953125 0.572266 0.054688 0.042969
0 0.907227 0.754883 0.048828 0.037109
0 0.896484 0.494141 0.050781 0.042969
0 0.189453 0.810547 0.039062 0.035156
0 0.125977 0.263672 0.056641 0.039062
0 0.365234 0.109375 0.046875 0.031250
0 0.099609 0.397461 0.054688 0.037109
0 0.181641 0.148438 0.050781 0.050781
0 0.052734 0.548828 0.035156 0.042969
0 0.345703 0.291016 0.058594 0.035156
0 0.643555 0.762695 0.044922 0.044922
0 0.169922 0.570312 0.031250 0.035156
0 0.046875 0.246094 0.050781 0.058594
0 0.908203 0.817383 0.039062 0.056641
0 0.179688 0.207031 0.035156 0.031250
0 0.335938 0.914062 0.046875 0.042969
0 0.067383 0.652344 0.056641 0.054688
0 0.524414 0.617188 0.044922 0.042969
0 0.267578 0.102539 0.042969 0.037109
0 0.639648 0.486328 0.052734 0.031250
1 0.596680 0.166016 0.255859 0.203125
1 0.370117 0.467773 0.244141 0.205078
1 0.456055 0.747070 0.201172 0.158203
1 0.210938 0.687500 0.210938 0.175781
1 0.720703 0.660156 0.238281 0.140625
1 0.856445 0.167969 0.181641 0.230469