0 0.673047 0.830556 0.016406 0.047222
0 0.978125 0.115278 0.021875 0.036111
0 0.546484 0.881250 0.019531 0.045833
0 0.022656 0.589583 0.017188 0.045833
0 0.232813 0.119444 0.023438 0.044444
0 0.598437 0.632639 0.020313 0.029167
0 0.491016 0.113889 0.019531 0.044444
0 0.551172 0.554861 0.027344 0.031944
0 0.671484 0.943750 0.017969 0.048611
0 0.741797 0.500000 0.017969 0.036111
0 0.916016 0.070139 0.017969 0.034722
0 0.916016 0.531944 0.017969 0.025000
0 0.350781 0.175694 0.017188 0.034722
0 0.488281 0.923611 0.017188 0.044444
0 0.047266 0.288889 0.027344 0.030556
0 0.938672 0.745833 0.019531 0.036111
0 0.799609 0.532639 0.027344 0.045833
0 0.746875 0.450694 0.015625 0.040278
0 0.591797 0.093056 0.016406 0.027778
0 0.975781 0.948611 0.028125 0.033333
0 0.362500 0.873611 0.026562 0.030556
0 0.794531 0.886806 0.026562 0.045833
0 0.611719 0.736111 0.028125 0.033333
0 0.343750 0.046528 0.025000 0.037500
0 0.614062 0.517361 0.015625 0.034722
0 0.883984 0.566667 0.024219 0.033333
0 0.951172 0.418056 0.022656 0.030556
0 0.673828 0.881944 0.019531 0.025000
0 0.825391 0.906944 0.025781 0.047222
0 0.899219 0.793750 0.014063 0.034722
0 0.255469 0.741667 0.020313 0.030556
0 0.643750 0.819444 0.025000 0.036111
0 0.059766 0.348611 0.027344 0.027778
0 0.637500 0.051389 0.023438 0.041667
0 0.941797 0.922222 0.025781 0.033333
0 0.910547 0.746528 0.024219 0.043056
0 0.399609 0.871528 0.027344 0.048611
0 0.198828 0.715278 0.027344 0.041667
0 0.465625 0.104861 0.021875 0.045833
0 0.276953 0.060417 0.019531 0.031944
0 0.104297 0.611806 0.024219 0.029167
0 0.765234 0.388889 0.017969 0.038889
0 0.025781 0.410417 0.014063 0.026389
0 0.228516 0.675694 0.019531 0.040278
0 0.577734 0.709028 0.017969 0.043056
0 0.165234 0.715278 0.027344 0.038889
0 0.096094 0.403472 0.028125 0.029167
0 0.542188 0.701389 0.018750 0.033333
0 0.858594 0.536111 0.017188 0.038889
0 0.699219 0.494444 0.017188 0.030556
0 0.872656 0.385417 0.028125 0.026389
0 0.186328 0.622917 0.022656 0.043056
0 0.028125 0.101389 0.014063 0.050000
0 0.459375 0.053472 0.017188 0.034722
0 0.326562 0.104861 0.014063 0.040278
0 0.337109 0.646528 0.027344 0.037500
0 0.529687 0.096528 0.014063 0.043056
0 0.898047 0.414583 0.016406 0.037500
0 0.612109 0.872917 0.021094 0.026389
0 0.657813 0.775694 0.015625 0.029167
0 0.144141 0.633333 0.025781 0.047222
0 0.681641 0.040278 0.014844 0.038889
0 0.049219 0.206250 0.028125 0.031944
0 0.493359 0.966667 0.024219 0.025000
0 0.580469 0.477778 0.025000 0.047222
0 0.917188 0.461111 0.028125 0.044444
0 0.557031 0.776389 0.021875 0.033333
0 0.325391 0.522917 0.024219 0.034722
0 0.245703 0.065278 0.021094 0.033333
0 0.303906 0.793056 0.015625 0.041667
0 0.760547 0.889583 0.025781 0.048611
0 0.520312 0.922222 0.026562 0.027778
0 0.411328 0.921528 0.014844 0.040278
0 0.653906 0.535417 0.026562 0.034722
1 0.639062 0.319444 0.095312 0.202778
1 0.459766 0.332639 0.146094 0.287500
1 0.180469 0.461111 0.095312 0.241667
1 0.901172 0.243056 0.111719 0.180556
1 0.771875 0.704167 0.171875 0.269444
1 0.138281 0.839583 0.159375 0.179167
1 0.444531 0.672917 0.159375 0.293056
1 0.148438 0.148611 0.131250 0.186111
1 0.313281 0.352083 0.101562 0.279167
1 0.778906 0.221528 0.095312 0.204167