0 0.634766 0.620117 0.054688 0.041016
0 0.443359 0.566406 0.058594 0.039062
0 0.565430 0.507812 0.041016 0.039062
0 0.361328 0.539062 0.046875 0.035156
0 0.060547 0.676758 0.031250 0.056641
0 0.921875 0.755859 0.054688 0.035156
0 0.772461 0.632812 0.056641 0.031250
0 0.959961 0.124023 0.048828 0.056641
0 0.385742 0.668945 0.037109 0.044922
0 0.755859 0.560547 0.031250 0.050781
0 0.393555 0.068359 0.037109 0.054688
0 0.878906 0.042969 0.031250 0.031250
0 0.076172 0.220703 0.035156 0.046875
0 0.112305 0.374023 0.037109 0.041016
0 0.889648 0.123047 0.033203 0.054688
0 0.735352 0.459961 0.044922 0.044922
0 0.949219 0.809570 0.031250 0.041016
0 0.170898 0.879883 0.033203 0.033203
0 0.217773 0.895508 0.033203 0.056641
0 0.925781 0.181641 0.035156 0.035156
0 0.481445 0.666992 0.033203 0.044922
0 0.888672 0.684570 0.042969 0.048828
0 0.826172 0.867188 0.058594 0.058594
0 0.946289 0.379883 0.037109 0.033203
0 0.511719 0.541016 0.042969 0.050781
0 0.280273 0.897461 0.033203 0.041016
0 0.698242 0.108398 0.048828 0.033203
0 0.243164 0.286133 0.033203 0.041016
0 0.833008 0.695312 0.044922 0.058594
0 0.536133 0.631836 0.044922 0.044922
1 0.771484 0.275391 0.183594 0.261719
1 0.204102 0.690430 0.185547 0.271484
1 0.653320 0.764648 0.232422 0.193359
1 0.247070 0.386719 0.197266 0.140625
1 0.515625 0.381836 0.238281 0.146484
1 0.223633 0.172852 0.205078 0.166016
1 0.542969 0.153320 0.148438 0.236328
1 0.433594 0.834961 0.144531 0.224609
1 0.887695 0.516602 0.162109 0.158203