0 0.757031 0.634028 0.026562 0.037500
0 0.026172 0.514583 0.014844 0.045833
0 0.477344 0.876389 0.014063 0.033333
0 0.422656 0.904167 0.021875 0.027778
0 0.100781 0.088889 0.014063 0.047222
0 0.958594 0.506944 0.017188 0.041667
0 0.522656 0.212500 0.014063 0.033333
0 0.753906 0.959722 0.025000 0.036111
0 0.233984 0.136806 0.027344 0.048611
0 0.063281 0.106250 0.021875 0.037500
0 0.690625 0.109028 0.026562 0.037500
0 0.909375 0.206250 0.014063 0.048611
0 0.039062 0.247917 0.018750 0.037500
0 0.852734 0.097222 0.016406 0.047222
0 0.020703 0.698611 0.017969 0.041667
0 0.046094 0.169444 0.015625 0.027778
0 0.283203 0.250694 0.022656 0.040278
0 0.161719 0.050694 0.015625 0.043056
0 0.369922 0.532639 0.017969 0.029167
0 0.155469 0.220833 0.023438 0.027778
0 0.381250 0.854861 0.025000 0.034722
0 0.706250 0.345833 0.025000 0.038889
0 0.362891 0.252083 0.017969 0.034722
0 0.333203 0.261111 0.019531 0.041667
0 0.694922 0.787500 0.021094 0.038889
0 0.624609 0.301389 0.024219 0.030556
0 0.801562 0.050694 0.015625 0.048611
0 0.060937 0.376389 0.020313 0.044444
0 0.702344 0.241667 0.026562 0.047222
0 0.225781 0.032639 0.023438 0.029167
0 0.792578 0.570833 0.014844 0.038889
0 0.980078 0.404861 0.014844 0.026389
0 0.447656 0.933333 0.018750 0.033333
0 0.313672 0.071528 0.014844 0.048611
0 0.017969 0.748611 0.014063 0.027778
0 0.215625 0.918056 0.021875 0.036111
0 0.561719 0.946528 0.015625 0.026389
0 0.583203 0.880556 0.022656 0.047222
0 0.774219 0.820833 0.026562 0.025000
0 0.056250 0.431250 0.014063 0.026389
0 0.931641 0.960417 0.021094 0.040278
0 0.380078 0.133333 0.017969 0.038889
0 0.565625 0.261806 0.023438 0.043056
0 0.519922 0.340278 0.014844 0.030556
0 0.317188 0.620139 0.015625 0.034722
0 0.163281 0.168750 0.026562 0.034722
0 0.916406 0.315278 0.028125 0.050000
0 0.647656 0.269444 0.014063 0.044444
0 0.039453 0.040972 0.024219 0.043056
0 0.586719 0.941667 0.028125 0.033333
0 0.914453 0.604861 0.022656 0.029167
0 0.270313 0.128472 0.028125 0.029167
0 0.974219 0.221528 0.025000 0.043056
0 0.549609 0.400694 0.024219 0.045833
0 0.082812 0.288194 0.021875 0.040278
0 0.450000 0.216667 0.021875 0.033333
0 0.111719 0.398611 0.018750 0.047222
0 0.119922 0.212500 0.022656 0.033333
0 0.466016 0.179861 0.022656 0.026389
0 0.564063 0.090972 0.021875 0.034722
0 0.664844 0.889583 0.017188 0.048611
0 0.846875 0.935417 0.015625 0.045833
0 0.079687 0.553472 0.018750 0.026389
0 0.726172 0.925000 0.022656 0.025000
0 0.926562 0.047917 0.015625 0.040278
0 0.136328 0.424306 0.024219 0.048611
0 0.337500 0.090972 0.023438 0.037500
0 0.419141 0.250694 0.027344 0.040278
0 0.582812 0.379861 0.020313 0.043056
0 0.939844 0.113194 0.020313 0.045833
0 0.873047 0.952778 0.027344 0.041667
0 0.211328 0.076389 0.017969 0.044444
0 0.781250 0.188889 0.028125 0.030556
0 0.425781 0.108333 0.014063 0.044444
0 0.466016 0.070139 0.027344 0.037500
0 0.182422 0.944444 0.022656 0.044444
0 0.556250 0.185417 0.028125 0.029167
0 0.392578 0.962500 0.022656 0.041667
0 0.963281 0.724306 0.025000 0.031944
0 0.648828 0.338889 0.027344 0.033333
0 0.785937 0.636806 0.015625 0.043056
0 0.960547 0.883333 0.021094 0.036111
0 0.532813 0.884028 0.018750 0.045833
0 0.304688 0.933333 0.014063 0.033333
0 0.846094 0.540972 0.017188 0.034722
0 0.687891 0.941667 0.017969 0.038889
0 0.351953 0.131944 0.019531 0.033333
0 0.473047 0.224306 0.014844 0.040278
0 0.314063 0.563889 0.025000 0.047222
0 0.166016 0.118056 0.017969 0.044444
0 0.776953 0.775000 0.022656 0.030556
0 0.883203 0.034028 0.024219 0.034722
0 0.910937 0.132639 0.023438 0.048611
0 0.326172 0.213194 0.025781 0.034722
0 0.951953 0.039583 0.025781 0.026389
0 0.556250 0.321528 0.028125 0.040278
0 0.089844 0.913194 0.020313 0.031944
0 0.420312 0.191667 0.021875 0.025000
1 0.876172 0.782639 0.135156 0.226389
1 0.402734 0.413194 0.133594 0.187500
1 0.605859 0.573611 0.136719 0.202778
1 0.810547 0.352778 0.160156 0.280556
1 0.221484 0.384028 0.136719 0.184722
1 0.436719 0.715278 0.148438 0.227778
1 0.103125 0.734028 0.131250 0.293056
1 0.270703 0.761111 0.122656 0.216667