0 0.501953 0.356250 0.014844 0.037500
0 0.497656 0.227778 0.018750 0.027778
0 0.392578 0.036111 0.021094 0.025000
0 0.500000 0.511806 0.028125 0.048611
0 0.100391 0.952083 0.019531 0.045833
0 0.790234 0.663194 0.022656 0.031944
0 0.306641 0.480556 0.021094 0.047222
0 0.912500 0.587500 0.026562 0.041667
0 0.203516 0.077778 0.025781 0.033333
0 0.449219 0.509028 0.020313 0.037500
0 0.288672 0.143056 0.027344 0.033333
0 0.419141 0.563194 0.017969 0.040278
0 0.131250 0.090972 0.014063 0.048611
0 0.973828 0.616667 0.024219 0.030556
0 0.116016 0.577778 0.014844 0.047222
0 0.116016 0.518750 0.022656 0.040278
0 0.294141 0.034722 0.021094 0.036111
0 0.021875 0.417361 0.020313 0.048611
0 0.917188 0.640972 0.015625 0.031944
0 0.741406 0.150000 0.017188 0.050000
0 0.353906 0.388889 0.026562 0.027778
0 0.206641 0.126389 0.017969 0.027778
0 0.250781 0.047917 0.023438 0.037500
0 0.677344 0.429167 0.020313 0.036111
0 0.622266 0.827083 0.021094 0.040278
0 0.028516 0.645139 0.021094 0.048611
0 0.966406 0.723611 0.028125 0.041667
0 0.254688 0.697917 0.018750 0.045833
0 0.148047 0.356944 0.019531 0.041667
0 0.211719 0.581944 0.020313 0.027778
0 0.097656 0.142361 0.015625 0.037500
0 0.404297 0.268750 0.025781 0.045833
0 0.083594 0.277778 0.020313 0.041667
0 0.055469 0.954167 0.020313 0.047222
0 0.266406 0.518056 0.023438 0.041667
0 0.156250 0.256944 0.026562 0.047222
0 0.694531 0.807639 0.025000 0.043056
0 0.912109 0.190972 0.017969 0.029167
0 0.828906 0.116667 0.017188 0.044444
0 0.773828 0.706250 0.024219 0.043056
0 0.970313 0.938889 0.026562 0.041667
0 0.087109 0.103472 0.014844 0.029167
0 0.629297 0.465972 0.022656 0.034722
0 0.119922 0.425000 0.021094 0.027778
0 0.235937 0.627083 0.015625 0.029167
0 0.375781 0.238889 0.025000 0.038889
0 0.812109 0.563194 0.025781 0.034722
0 0.846094 0.662500 0.026562 0.027778
0 0.119141 0.274306 0.027344 0.037500
0 0.157031 0.103472 0.015625 0.034722
0 0.878906 0.777778 0.021875 0.047222
0 0.724609 0.308333 0.021094 0.030556
0 0.745313 0.209028 0.020313 0.029167
0 0.776563 0.611111 0.026562 0.038889
0 0.195312 0.507639 0.017188 0.034722
0 0.559766 0.440278 0.027344 0.030556
0 0.685937 0.216667 0.025000 0.047222
0 0.112891 0.338194 0.017969 0.034722
0 0.041016 0.318750 0.014844 0.043056
0 0.905078 0.867361 0.024219 0.048611
0 0.137109 0.668056 0.021094 0.050000
0 0.678516 0.126389 0.022656 0.047222
0 0.077344 0.650000 0.023438 0.044444
0 0.235937 0.410417 0.017188 0.040278
0 0.334375 0.483333 0.023438 0.050000
0 0.708594 0.523611 0.021875 0.036111
0 0.182031 0.653472 0.020313 0.048611
0 0.294922 0.955556 0.019531 0.033333
0 0.907813 0.710417 0.015625 0.034722
0 0.157422 0.446528 0.025781 0.048611
0 0.219141 0.456944 0.014844 0.027778
0 0.841016 0.698611 0.017969 0.025000
0 0.973047 0.061111 0.022656 0.033333
0 0.220703 0.522222 0.017969 0.036111
0 0.729688 0.452083 0.015625 0.026389
0 0.364844 0.932639 0.018750 0.045833
0 0.819531 0.612500 0.021875 0.041667
0 0.055859 0.811806 0.016406 0.029167
0 0.399609 0.090972 0.019531 0.040278
0 0.485547 0.148611 0.027344 0.050000
0 0.503125 0.415278 0.017188 0.027778
0 0.597656 0.825694 0.018750 0.048611
0 0.425391 0.052083 0.024219 0.031944
0 0.151172 0.556944 0.025781 0.038889
0 0.958203 0.861111 0.016406 0.033333
0 0.279687 0.087500 0.020313 0.038889
0 0.946484 0.637500 0.017969 0.030556
0 0.159375 0.675694 0.015625 0.029167
0 0.764453 0.124306 0.019531 0.034722
1 0.274219 0.263889 0.120313 0.177778
1 0.455859 0.772917 0.132031 0.237500
1 0.844922 0.386111 0.158594 0.200000
1 0.785547 0.842361 0.138281 0.179167
1 0.635938 0.638889 0.114062 0.261111
1 0.203516 0.836806 0.149219 0.179167
1 0.584375 0.213194 0.123438 0.281944