0 0.955078 0.177734 0.046875 0.058594
0 0.326172 0.608398 0.050781 0.056641
0 0.069336 0.917969 0.052734 0.054688
0 0.465820 0.538086 0.037109 0.048828
0 0.857422 0.913086 0.058594 0.044922
0 0.675781 0.382812 0.035156 0.035156
0 0.166016 0.357422 0.054688 0.046875
0 0.139648 0.293945 0.044922 0.048828
0 0.686523 0.265625 0.048828 0.050781
0 0.672852 0.325195 0.048828 0.037109
0 0.378906 0.452148 0.054688 0.056641
0 0.060547 0.292969 0.035156 0.054688
0 0.095703 0.816406 0.058594 0.058594
0 0.578125 0.051758 0.031250 0.044922
0 0.095703 0.366211 0.058594 0.033203
0 0.625977 0.569336 0.052734 0.041016
0 0.746094 0.480469 0.058594 0.058594
0 0.944336 0.720703 0.052734 0.058594
0 0.934570 0.331055 0.041016 0.056641
0 0.816406 0.458008 0.042969 0.056641
0 0.295898 0.924805 0.037109 0.052734
0 0.847656 0.551758 0.058594 0.048828
0 0.340820 0.069336 0.041016 0.037109
0 0.464844 0.041992 0.042969 0.044922
0 0.261719 0.485352 0.031250 0.052734
0 0.257812 0.119141 0.046875 0.042969
0 0.919922 0.124023 0.046875 0.033203
0 0.865234 0.398438 0.054688 0.035156
0 0.502930 0.636719 0.044922 0.039062
0 0.530273 0.042969 0.041016 0.039062
0 0.131836 0.424805 0.052734 0.033203
0 0.148438 0.173828 0.058594 0.058594
0 0.785156 0.375977 0.054688 0.048828
0 0.647461 0.881836 0.044922 0.052734
1 0.754883 0.732422 0.251953 0.218750
1 0.237305 0.737305 0.142578 0.138672
1 0.526367 0.390625 0.150391 0.183594
1 0.307617 0.299805 0.142578 0.232422
1 0.134766 0.552734 0.179688 0.183594
1 0.534180 0.190430 0.224609 0.166016
1 0.809570 0.132812 0.138672 0.167969
1 0.471680 0.786133 0.181641 0.173828