0 0.519531 0.632812 0.046875 0.031250
0 0.671875 0.541016 0.039062 0.039062
0 0.694336 0.585938 0.033203 0.035156
0 0.656250 0.083008 0.058594 0.052734
0 0.809570 0.362305 0.044922 0.041016
0 0.946289 0.932617 0.037109 0.041016
0 0.128906 0.922852 0.050781 0.037109
0 0.557617 0.850586 0.056641 0.033203
0 0.810547 0.212891 0.046875 0.058594
0 0.320312 0.290039 0.058594 0.044922
0 0.890625 0.054688 0.031250 0.050781
0 0.934570 0.185547 0.041016 0.042969
0 0.586914 0.629883 0.037109 0.052734
0 0.767578 0.104492 0.031250 0.033203
0 0.486328 0.930664 0.042969 0.052734
0 0.952148 0.116211 0.056641 0.056641
0 0.218750 0.286133 0.050781 0.052734
0 0.222656 0.366211 0.039062 0.048828
0 0.706055 0.487305 0.056641 0.052734
0 0.767578 0.312500 0.054688 0.031250
0 0.914062 0.376953 0.058594 0.035156
0 0.555664 0.391602 0.056641 0.033203
0 0.640625 0.909180 0.031250 0.048828
0 0.410156 0.623047 0.042969 0.054688
0 0.674805 0.275391 0.052734 0.042969
0 0.725586 0.845703 0.033203 0.046875
0 0.947266 0.668945 0.058594 0.052734
0 0.125000 0.807617 0.035156 0.041016
0 0.851562 0.926758 0.054688 0.056641
0 0.072266 0.439453 0.031250 0.039062
0 0.046875 0.112305 0.050781 0.056641
0 0.681641 0.335938 0.058594 0.050781
0 0.093750 0.265625 0.031250 0.031250
0 0.054688 0.767578 0.046875 0.031250
0 0.739258 0.236328 0.044922 0.039062
0 0.944336 0.244141 0.056641 0.039062
0 0.944336 0.322266 0.056641 0.035156
0 0.936523 0.753906 0.056641 0.054688
0 0.498047 0.582031 0.042969 0.042969
0 0.869141 0.871094 0.058594 0.035156
0 0.835938 0.094727 0.039062 0.037109
0 0.866211 0.185547 0.041016 0.031250
0 0.703125 0.417969 0.050781 0.035156
0 0.592773 0.476562 0.041016 0.054688
1 0.356445 0.482422 0.201172 0.199219
1 0.512695 0.207031 0.185547 0.265625
1 0.750000 0.709961 0.261719 0.181641
1 0.191406 0.157227 0.183594 0.169922
1 0.857422 0.500000 0.207031 0.171875
1 0.323242 0.798828 0.255859 0.246094