0 0.576172 0.914062 0.035156 0.058594
0 0.409180 0.753906 0.056641 0.031250
0 0.054688 0.461914 0.031250 0.056641
0 0.942383 0.687500 0.037109 0.050781
0 0.149414 0.129883 0.041016 0.056641
0 0.867188 0.182617 0.042969 0.052734
0 0.343750 0.861328 0.039062 0.042969
0 0.671875 0.384766 0.050781 0.031250
0 0.094727 0.514648 0.044922 0.033203
0 0.106445 0.905273 0.044922 0.033203
0 0.258789 0.794922 0.048828 0.042969
0 0.076172 0.402344 0.042969 0.046875
0 0.648438 0.686523 0.058594 0.044922
0 0.759766 0.546875 0.050781 0.035156
0 0.938477 0.481445 0.056641 0.037109
0 0.585938 0.099609 0.058594 0.035156
0 0.052734 0.670898 0.039062 0.037109
0 0.797852 0.949219 0.056641 0.031250
0 0.164062 0.778320 0.058594 0.037109
0 0.249023 0.904297 0.044922 0.054688
0 0.093750 0.624023 0.050781 0.033203
0 0.933594 0.326172 0.050781 0.039062
0 0.872070 0.457031 0.052734 0.042969
0 0.921875 0.053711 0.042969 0.037109
0 0.417969 0.057617 0.054688 0.056641
0 0.272461 0.433594 0.048828 0.058594
0 0.712891 0.884766 0.039062 0.031250
0 0.891602 0.789062 0.037109 0.058594
0 0.785156 0.408203 0.031250 0.031250
0 0.829102 0.559570 0.037109 0.048828
0 0.874023 0.244141 0.033203 0.035156
0 0.588867 0.234375 0.033203 0.050781
0 0.794922 0.352539 0.035156 0.037109
0 0.894531 0.629883 0.042969 0.052734
0 0.383789 0.953125 0.033203 0.046875
0 0.625000 0.742188 0.042969 0.050781
0 0.543945 0.666016 0.052734 0.054688
0 0.636719 0.816406 0.054688 0.050781
0 0.246094 0.094727 0.031250 0.033203
0 0.397461 0.428711 0.041016 0.041016
0 0.472656 0.906250 0.050781 0.039062
0 0.314453 0.723633 0.054688 0.048828
0 0.041992 0.742188 0.041016 0.042969
1 0.770508 0.767578 0.166016 0.136719
1 0.533203 0.498047 0.144531 0.210938
1 0.260742 0.580078 0.224609 0.214844
1 0.443359 0.235352 0.167969 0.138672
1 0.746094 0.193359 0.140625 0.246094
1 0.252930 0.276367 0.150391 0.205078