0 0.925000 0.876389 0.023438 0.033333
0 0.682422 0.708333 0.017969 0.044444
0 0.646094 0.150694 0.025000 0.048611
0 0.426563 0.221528 0.014063 0.045833
0 0.388672 0.843750 0.024219 0.026389
0 0.349609 0.831944 0.027344 0.050000
0 0.068359 0.834722 0.024219 0.033333
0 0.092188 0.870139 0.028125 0.026389
0 0.428125 0.702083 0.014063 0.031944
0 0.485547 0.643750 0.014844 0.040278
0 0.436328 0.846528 0.025781 0.037500
0 0.498437 0.948611 0.014063 0.027778
0 0.731250 0.117361 0.028125 0.043056
0 0.241797 0.106250 0.022656 0.037500
0 0.083203 0.922917 0.017969 0.031944
0 0.658984 0.613889 0.016406 0.036111
0 0.680859 0.962500 0.025781 0.030556
0 0.166016 0.740972 0.025781 0.031944
0 0.714844 0.244444 0.018750 0.041667
0 0.274219 0.864583 0.021875 0.031944
0 0.166406 0.651389 0.028125 0.025000
0 0.894141 0.550694 0.025781 0.029167
0 0.773438 0.410417 0.014063 0.048611
0 0.784766 0.669444 0.024219 0.047222
0 0.750000 0.636806 0.015625 0.048611
0 0.327734 0.900694 0.016406 0.034722
0 0.539844 0.670139 0.023438 0.043056
0 0.958203 0.889583 0.017969 0.034722
0 0.696875 0.071528 0.014063 0.048611
0 0.034766 0.184028 0.027344 0.031944
0 0.556641 0.627778 0.014844 0.027778
0 0.317578 0.834722 0.025781 0.030556
0 0.072656 0.721528 0.014063 0.029167
0 0.628516 0.338194 0.024219 0.037500
0 0.095312 0.822222 0.015625 0.033333
0 0.516797 0.614583 0.014844 0.031944
0 0.624609 0.666667 0.022656 0.050000
0 0.030078 0.654167 0.025781 0.044444
0 0.971484 0.531250 0.014844 0.029167
0 0.407422 0.659722 0.016406 0.041667
0 0.840234 0.589583 0.027344 0.029167
0 0.108594 0.712500 0.017188 0.033333
0 0.661328 0.344444 0.024219 0.044444
0 0.018750 0.785417 0.018750 0.026389
0 0.183203 0.788194 0.022656 0.031944
0 0.717187 0.174306 0.025000 0.043056
0 0.726953 0.332639 0.021094 0.034722
0 0.705469 0.478472 0.023438 0.043056
0 0.464844 0.445833 0.015625 0.036111
0 0.525781 0.727778 0.026562 0.025000
0 0.435156 0.331250 0.017188 0.034722
0 0.087500 0.626389 0.021875 0.044444
0 0.429297 0.934028 0.025781 0.031944
0 0.658984 0.060417 0.014844 0.031944
0 0.080469 0.579167 0.021875 0.033333
0 0.275391 0.927083 0.022656 0.048611
0 0.054688 0.747917 0.015625 0.031944
0 0.603125 0.600000 0.020313 0.025000
0 0.498828 0.447917 0.016406 0.029167
0 0.548047 0.072917 0.019531 0.026389
0 0.419531 0.551389 0.015625 0.041667
0 0.675000 0.261806 0.015625 0.026389
0 0.040234 0.547917 0.025781 0.037500
0 0.117578 0.634028 0.021094 0.026389
0 0.743359 0.230556 0.017969 0.025000
0 0.812500 0.554167 0.020313 0.025000
0 0.952734 0.840972 0.025781 0.026389
0 0.491406 0.869444 0.014063 0.050000
0 0.046875 0.954861 0.023438 0.048611
0 0.180469 0.595833 0.025000 0.033333
0 0.475000 0.740972 0.014063 0.026389
0 0.233984 0.953472 0.022656 0.045833
0 0.817187 0.489583 0.017188 0.037500
0 0.157812 0.584028 0.014063 0.031944
0 0.244531 0.365972 0.023438 0.048611
0 0.781250 0.596528 0.025000 0.037500
0 0.042188 0.588889 0.015625 0.025000
0 0.594141 0.722222 0.022656 0.038889
0 0.976953 0.143056 0.027344 0.047222
0 0.448828 0.116667 0.022656 0.041667
0 0.298438 0.031250 0.017188 0.029167
0 0.138672 0.793056 0.016406 0.050000
0 0.626953 0.281250 0.024219 0.026389
0 0.494141 0.081944 0.024219 0.027778
1 0.600000 0.479861 0.148438 0.198611
1 0.288281 0.638889 0.170313 0.297222
1 0.110547 0.411111 0.105469 0.283333
1 0.844922 0.139583 0.167969 0.173611
1 0.779297 0.824306 0.114844 0.198611
1 0.345703 0.200000 0.138281 0.288889
1 0.534375 0.234028 0.115625 0.229167
1 0.591406 0.854861 0.114062 0.181944
1 0.903516 0.377778 0.102344 0.244444
1 0.920312 0.694444 0.109375 0.222222