0 0.894531 0.865278 0.015625 0.047222
0 0.357422 0.043056 0.017969 0.038889
0 0.593750 0.656250 0.017188 0.026389
0 0.924609 0.615278 0.022656 0.033333
0 0.493750 0.060417 0.015625 0.045833
0 0.842578 0.512500 0.021094 0.025000
0 0.132031 0.213194 0.015625 0.026389
0 0.461719 0.921528 0.023438 0.043056
0 0.539062 0.906944 0.014063 0.030556
0 0.214844 0.839583 0.026562 0.040278
0 0.976172 0.259722 0.019531 0.027778
0 0.300000 0.048611 0.021875 0.038889
0 0.715234 0.843750 0.025781 0.043056
0 0.405469 0.501389 0.023438 0.047222
0 0.076563 0.195833 0.017188 0.038889
0 0.160547 0.059028 0.025781 0.043056
0 0.944141 0.576389 0.021094 0.030556
0 0.625000 0.743056 0.028125 0.041667
0 0.435547 0.446528 0.017969 0.043056
0 0.187109 0.048611 0.016406 0.036111
0 0.602344 0.830556 0.014063 0.047222
0 0.226562 0.954167 0.014063 0.041667
0 0.475000 0.616667 0.026562 0.030556
0 0.943359 0.142361 0.016406 0.037500
0 0.735938 0.711806 0.014063 0.029167
0 0.634375 0.093056 0.028125 0.033333
0 0.301953 0.475000 0.019531 0.041667
0 0.269531 0.944444 0.021875 0.030556
0 0.944922 0.723611 0.022656 0.027778
0 0.397656 0.945833 0.023438 0.050000
0 0.028125 0.167361 0.028125 0.031944
0 0.295312 0.843750 0.023438 0.034722
0 0.846094 0.218056 0.017188 0.025000
0 0.876172 0.317361 0.027344 0.040278
0 0.928125 0.845139 0.028125 0.034722
0 0.641016 0.854861 0.014844 0.048611
0 0.546875 0.659722 0.026562 0.050000
0 0.099219 0.047917 0.017188 0.029167
0 0.435156 0.496528 0.025000 0.029167
0 0.375000 0.502083 0.025000 0.034722
0 0.496875 0.236111 0.021875 0.036111
0 0.948047 0.064583 0.019531 0.034722
0 0.346875 0.908333 0.023438 0.044444
0 0.061328 0.870139 0.024219 0.031944
0 0.962109 0.762500 0.022656 0.030556
0 0.058594 0.063194 0.021875 0.031944
0 0.639844 0.631250 0.015625 0.037500
0 0.956641 0.351389 0.019531 0.033333
0 0.526172 0.264583 0.016406 0.031944
0 0.373828 0.454861 0.027344 0.034722
0 0.491797 0.285417 0.027344 0.031944
0 0.055469 0.929861 0.017188 0.029167
0 0.343750 0.093056 0.017188 0.044444
0 0.676953 0.782639 0.027344 0.037500
0 0.839844 0.317361 0.015625 0.034722
0 0.582031 0.092361 0.021875 0.034722
0 0.945703 0.289583 0.027344 0.029167
0 0.083594 0.110417 0.017188 0.034722
0 0.677734 0.832639 0.017969 0.026389
0 0.532422 0.100694 0.027344 0.048611
0 0.382031 0.586806 0.015625 0.029167
0 0.964063 0.955556 0.018750 0.027778
0 0.431250 0.636111 0.017188 0.030556
0 0.853125 0.149306 0.028125 0.045833
0 0.507812 0.637500 0.014063 0.036111
0 0.907813 0.286111 0.017188 0.047222
0 0.276562 0.418750 0.014063 0.029167
0 0.566016 0.036111 0.014844 0.027778
0 0.433203 0.041667 0.024219 0.030556
0 0.435156 0.568056 0.017188 0.030556
0 0.476562 0.376389 0.028125 0.038889
0 0.726562 0.783333 0.014063 0.047222
0 0.500000 0.952778 0.021875 0.038889
0 0.592578 0.136111 0.017969 0.027778
0 0.626563 0.193750 0.021875 0.029167
0 0.581250 0.178472 0.021875 0.040278
0 0.716016 0.915278 0.019531 0.041667
0 0.873828 0.063889 0.016406 0.030556
0 0.892578 0.363889 0.025781 0.033333
0 0.377344 0.550000 0.023438 0.030556
0 0.297266 0.286111 0.016406 0.036111
0 0.939844 0.422222 0.026562 0.033333
0 0.541016 0.862500 0.016406 0.038889
0 0.892188 0.409028 0.023438 0.043056
0 0.121875 0.040972 0.021875 0.037500
0 0.781641 0.406250 0.014844 0.026389
0 0.925391 0.911111 0.019531 0.044444
0 0.203125 0.930556 0.023438 0.030556
0 0.670703 0.888889 0.021094 0.038889
0 0.621875 0.284722 0.023438 0.041667
0 0.920312 0.076389 0.014063 0.044444
0 0.413281 0.579861 0.014063 0.040278
0 0.582812 0.918750 0.017188 0.043056
0 0.637891 0.951389 0.027344 0.047222
0 0.178516 0.658333 0.016406 0.038889
0 0.492188 0.441667 0.026562 0.047222
1 0.578906 0.454167 0.118750 0.272222
1 0.715625 0.535417 0.095312 0.259722
1 0.289453 0.666667 0.122656 0.263889
1 0.094141 0.385417 0.130469 0.229167
1 0.383203 0.272222 0.142969 0.275000
1 0.448437 0.788194 0.142187 0.206944
1 0.805469 0.820139 0.104688 0.256944
1 0.742578 0.221528 0.164844 0.290278
1 0.226953 0.227778 0.097656 0.302778
1 0.137500 0.836806 0.098437 0.229167