0 0.953906 0.609722 0.020313 0.050000
0 0.810937 0.834028 0.021875 0.045833
0 0.917578 0.183333 0.027344 0.050000
0 0.638281 0.119444 0.025000 0.041667
0 0.360547 0.284028 0.019531 0.043056
0 0.492188 0.045833 0.025000 0.047222
0 0.347656 0.188889 0.018750 0.036111
0 0.823047 0.743056 0.019531 0.036111
0 0.464062 0.139583 0.028125 0.048611
0 0.772266 0.044444 0.016406 0.033333
0 0.271484 0.796528 0.024219 0.034722
0 0.176172 0.430556 0.027344 0.033333
0 0.305469 0.741667 0.028125 0.038889
0 0.784766 0.504861 0.024219 0.037500
0 0.766016 0.820833 0.016406 0.038889
0 0.412891 0.083333 0.024219 0.030556
0 0.032031 0.952778 0.014063 0.038889
0 0.406641 0.943056 0.014844 0.044444
0 0.951953 0.943750 0.022656 0.034722
0 0.060937 0.870833 0.028125 0.044444
0 0.346094 0.406944 0.021875 0.047222
0 0.406250 0.715278 0.018750 0.050000
0 0.339844 0.479167 0.020313 0.041667
0 0.192578 0.520833 0.017969 0.025000
0 0.707812 0.141667 0.023438 0.030556
0 0.282813 0.606250 0.023438 0.048611
0 0.658203 0.070139 0.014844 0.026389
0 0.722266 0.903472 0.019531 0.026389
0 0.028516 0.157639 0.017969 0.040278
0 0.028906 0.652778 0.028125 0.050000
0 0.665625 0.713889 0.025000 0.027778
0 0.894922 0.581944 0.025781 0.030556
0 0.459375 0.821528 0.021875 0.037500
0 0.287891 0.856944 0.025781 0.036111
0 0.812500 0.039583 0.015625 0.040278
0 0.080078 0.165278 0.025781 0.041667
0 0.753906 0.178472 0.017188 0.026389
0 0.876953 0.806944 0.014844 0.041667
0 0.323047 0.375000 0.014844 0.025000
0 0.936328 0.722222 0.014844 0.044444
0 0.625000 0.914583 0.021875 0.043056
0 0.683203 0.354861 0.025781 0.040278
0 0.075781 0.915278 0.021875 0.033333
0 0.863281 0.055556 0.028125 0.038889
0 0.969531 0.284722 0.023438 0.047222
0 0.836328 0.143056 0.019531 0.038889
0 0.374219 0.863889 0.021875 0.030556
0 0.026562 0.570833 0.025000 0.047222
0 0.776172 0.710417 0.016406 0.034722
0 0.348438 0.147222 0.015625 0.036111
0 0.912109 0.695139 0.019531 0.040278
0 0.307812 0.665278 0.014063 0.025000
0 0.687891 0.952778 0.027344 0.050000
0 0.144922 0.295833 0.021094 0.027778
0 0.263281 0.039583 0.018750 0.026389
0 0.230469 0.536111 0.026562 0.027778
0 0.768750 0.308333 0.025000 0.036111
0 0.542969 0.173611 0.026562 0.036111
0 0.059375 0.238889 0.020313 0.036111
0 0.902344 0.942361 0.025000 0.031944
0 0.756250 0.404167 0.015625 0.036111
0 0.110937 0.225000 0.025000 0.027778
0 0.734766 0.759028 0.016406 0.040278
0 0.341797 0.906250 0.025781 0.043056
0 0.830859 0.612500 0.021094 0.047222
0 0.131250 0.111111 0.015625 0.038889
0 0.955859 0.203472 0.016406 0.031944
0 0.118750 0.920139 0.015625 0.048611
0 0.190234 0.147222 0.025781 0.025000
0 0.218750 0.462500 0.020313 0.025000
0 0.583984 0.053472 0.021094 0.040278
0 0.850000 0.879861 0.026562 0.029167
0 0.786328 0.218056 0.019531 0.027778
0 0.412891 0.184028 0.027344 0.034722
0 0.567578 0.140278 0.016406 0.050000
0 0.275781 0.515972 0.015625 0.034722
0 0.109375 0.497222 0.025000 0.025000
0 0.607031 0.143056 0.028125 0.030556
0 0.305859 0.123611 0.016406 0.041667
0 0.896875 0.628472 0.015625 0.034722
0 0.042969 0.783333 0.026562 0.036111
0 0.812500 0.106250 0.015625 0.043056
0 0.762500 0.859028 0.021875 0.026389
0 0.386719 0.127083 0.017188 0.048611
0 0.173828 0.564583 0.017969 0.029167
0 0.376172 0.335417 0.024219 0.040278
0 0.607422 0.240972 0.022656 0.034722
0 0.728125 0.259722 0.015625 0.044444
0 0.679688 0.214583 0.025000 0.029167
0 0.258594 0.463194 0.025000 0.026389
0 0.755078 0.558333 0.021094 0.050000
0 0.438281 0.784722 0.015625 0.025000
0 0.685156 0.759028 0.020313 0.026389
0 0.459375 0.944444 0.015625 0.041667
0 0.920312 0.886111 0.020313 0.036111
0 0.889844 0.858333 0.028125 0.025000
0 0.333594 0.552083 0.023438 0.029167
0 0.416797 0.335417 0.022656 0.040278
0 0.238672 0.045833 0.024219 0.025000
0 0.424219 0.392361 0.021875 0.043056
0 0.680469 0.288194 0.018750 0.045833
0 0.810156 0.547222 0.014063 0.030556
0 0.916016 0.811111 0.017969 0.033333
0 0.885156 0.143056 0.025000 0.041667
1 0.515234 0.304861 0.133594 0.179167
1 0.466016 0.567361 0.158594 0.212500
1 0.883203 0.369444 0.108594 0.302778
1 0.168750 0.717361 0.140625 0.193056
1 0.544531 0.825694 0.100000 0.243056
1 0.233594 0.297917 0.135937 0.187500
1 0.646094 0.536806 0.160938 0.181944