0 0.071289 0.381836 0.044922 0.052734
0 0.866211 0.628906 0.033203 0.046875
0 0.839844 0.940430 0.031250 0.052734
0 0.678711 0.615234 0.052734 0.039062
0 0.680664 0.522461 0.044922 0.033203
0 0.882812 0.111328 0.046875 0.046875
0 0.949219 0.842773 0.058594 0.037109
0 0.825195 0.861328 0.048828 0.031250
0 0.091797 0.208008 0.031250 0.044922
0 0.846680 0.569336 0.033203 0.044922
0 0.044922 0.194336 0.035156 0.041016
0 0.767578 0.942383 0.054688 0.044922
0 0.061523 0.770508 0.033203 0.056641
0 0.739258 0.190430 0.033203 0.037109
0 0.395508 0.922852 0.048828 0.048828
0 0.900391 0.047852 0.042969 0.037109
0 0.057617 0.277344 0.056641 0.035156
0 0.226562 0.302734 0.054688 0.054688
0 0.749023 0.135742 0.056641 0.044922
0 0.666016 0.958984 0.042969 0.035156
0 0.519531 0.932617 0.046875 0.037109
0 0.662109 0.064453 0.039062 0.035156
0 0.073242 0.089844 0.056641 0.042969
0 0.053711 0.611328 0.037109 0.050781
0 0.745117 0.543945 0.052734 0.052734
0 0.909180 0.722656 0.056641 0.035156
0 0.168945 0.652344 0.033203 0.035156
0 0.252930 0.964844 0.041016 0.039062
0 0.594727 0.819336 0.052734 0.041016
0 0.686523 0.916992 0.033203 0.033203
0 0.335938 0.427734 0.046875 0.054688
0 0.572266 0.766602 0.058594 0.041016
0 0.906250 0.798828 0.054688 0.031250
0 0.117188 0.898438 0.042969 0.039062
0 0.423828 0.257812 0.054688 0.054688
0 0.940430 0.913086 0.056641 0.056641
0 0.194336 0.707031 0.052734 0.039062
0 0.351562 0.612305 0.035156 0.048828
0 0.412109 0.103516 0.039062 0.042969
0 0.736328 0.614258 0.035156 0.048828
0 0.049805 0.948242 0.056641 0.041016
0 0.376953 0.492188 0.039062 0.039062
1 0.221680 0.493164 0.158203 0.267578
1 0.742188 0.747070 0.167969 0.173828
1 0.587891 0.177734 0.203125 0.160156
1 0.842773 0.355469 0.244141 0.273438
1 0.271484 0.150391 0.214844 0.234375
1 0.498047 0.608398 0.179688 0.197266
1 0.252930 0.834961 0.205078 0.169922
1 0.456055 0.808594 0.154297 0.136719
1 0.533203 0.380859 0.273438 0.140625