0 0.038086 0.937500 0.037109 0.058594
0 0.288086 0.870117 0.041016 0.044922
0 0.379883 0.446289 0.048828 0.033203
0 0.793945 0.052734 0.033203 0.042969
0 0.723633 0.206055 0.052734 0.044922
0 0.242188 0.534180 0.054688 0.033203
0 0.668945 0.256836 0.033203 0.037109
0 0.077148 0.385742 0.037109 0.052734
0 0.806641 0.635742 0.050781 0.048828
0 0.746094 0.540039 0.050781 0.048828
0 0.347656 0.906250 0.046875 0.035156
0 0.819336 0.219727 0.037109 0.037109
0 0.158203 0.437500 0.054688 0.050781
0 0.663086 0.613281 0.056641 0.031250
0 0.677734 0.503906 0.050781 0.042969
0 0.905273 0.208984 0.048828 0.046875
0 0.948242 0.303711 0.037109 0.041016
0 0.726562 0.035156 0.042969 0.035156
0 0.101562 0.861328 0.031250 0.042969
0 0.058594 0.316406 0.035156 0.046875
0 0.760742 0.587891 0.044922 0.031250
0 0.884766 0.109375 0.046875 0.039062
0 0.822266 0.696289 0.054688 0.052734
0 0.789062 0.371094 0.042969 0.054688
0 0.763672 0.467773 0.039062 0.052734
0 0.947266 0.584961 0.054688 0.037109
0 0.050781 0.480469 0.058594 0.031250
0 0.185547 0.931641 0.035156 0.050781
0 0.726562 0.110352 0.035156 0.052734
0 0.037109 0.118164 0.039062 0.037109
0 0.672852 0.448242 0.041016 0.041016
0 0.684570 0.924805 0.048828 0.048828
0 0.043945 0.741211 0.056641 0.041016
0 0.679688 0.859375 0.050781 0.039062
0 0.961914 0.170898 0.033203 0.048828
0 0.883789 0.261719 0.041016 0.031250
0 0.687500 0.798828 0.035156 0.035156
0 0.778320 0.278320 0.037109 0.048828
0 0.655273 0.049805 0.037109 0.044922
0 0.741211 0.629883 0.056641 0.037109
0 0.699219 0.324219 0.050781 0.042969
0 0.890625 0.615234 0.042969 0.046875
0 0.652344 0.730469 0.054688 0.054688
1 0.538086 0.158203 0.154297 0.164062
1 0.411133 0.585938 0.248047 0.160156
1 0.904297 0.444336 0.136719 0.216797
1 0.837891 0.859375 0.242188 0.246094
1 0.257812 0.256836 0.273438 0.248047
1 0.491211 0.834961 0.224609 0.251953
1 0.163086 0.705078 0.166016 0.253906
1 0.563477 0.359375 0.162109 0.164062