0 0.731250 0.115972 0.014063 0.034722
0 0.050781 0.735417 0.028125 0.040278
0 0.028516 0.838889 0.027344 0.027778
0 0.184375 0.058333 0.026562 0.025000
0 0.763281 0.556944 0.017188 0.038889
0 0.142187 0.955556 0.026562 0.041667
0 0.495312 0.170139 0.018750 0.037500
0 0.816797 0.726389 0.017969 0.047222
0 0.248828 0.845833 0.027344 0.047222
0 0.205859 0.872917 0.024219 0.045833
0 0.558594 0.036806 0.026562 0.026389
0 0.426953 0.583333 0.016406 0.027778
0 0.751563 0.873611 0.015625 0.025000
0 0.023047 0.372222 0.025781 0.027778
0 0.920703 0.529167 0.014844 0.036111
0 0.732422 0.583333 0.017969 0.041667
0 0.196875 0.151389 0.017188 0.025000
0 0.048438 0.929167 0.025000 0.027778
0 0.103125 0.622222 0.025000 0.050000
0 0.102344 0.699306 0.015625 0.026389
0 0.958203 0.891667 0.017969 0.027778
0 0.201953 0.708333 0.014844 0.047222
0 0.069141 0.237500 0.025781 0.047222
0 0.578906 0.086806 0.026562 0.048611
0 0.206641 0.654861 0.022656 0.037500
0 0.880078 0.544444 0.025781 0.050000
0 0.592187 0.272917 0.014063 0.029167
0 0.529687 0.895139 0.020313 0.029167
0 0.131250 0.659028 0.020313 0.034722
0 0.444531 0.524306 0.015625 0.043056
0 0.033594 0.123611 0.014063 0.036111
0 0.484375 0.795139 0.020313 0.048611
0 0.061328 0.131250 0.024219 0.048611
0 0.283594 0.422222 0.025000 0.044444
0 0.239844 0.084028 0.028125 0.037500
0 0.728906 0.288889 0.028125 0.030556
0 0.799609 0.097222 0.014844 0.044444
0 0.616797 0.075694 0.022656 0.045833
0 0.807422 0.505556 0.014844 0.050000
0 0.969141 0.589583 0.017969 0.048611
0 0.833984 0.524306 0.019531 0.037500
0 0.096094 0.229861 0.020313 0.040278
0 0.698828 0.249306 0.017969 0.026389
0 0.776953 0.956944 0.016406 0.047222
0 0.817578 0.933333 0.019531 0.027778
0 0.179688 0.582639 0.015625 0.026389
0 0.146484 0.819444 0.016406 0.044444
0 0.593359 0.172222 0.016406 0.027778
0 0.848828 0.587500 0.025781 0.047222
0 0.510547 0.098611 0.016406 0.030556
0 0.318359 0.540972 0.017969 0.037500
0 0.128516 0.725694 0.019531 0.034722
0 0.391016 0.611806 0.016406 0.034722
0 0.344531 0.549306 0.018750 0.031944
0 0.296094 0.885417 0.023438 0.029167
0 0.482031 0.891667 0.028125 0.047222
0 0.845703 0.478472 0.019531 0.034722
0 0.186328 0.784722 0.017969 0.041667
0 0.559375 0.250694 0.028125 0.026389
0 0.432031 0.913889 0.025000 0.030556
0 0.708594 0.429861 0.018750 0.034722
0 0.789062 0.418056 0.021875 0.027778
0 0.262109 0.131944 0.017969 0.030556
0 0.671875 0.234028 0.028125 0.031944
0 0.423047 0.670833 0.024219 0.033333
0 0.245312 0.929167 0.015625 0.038889
0 0.042578 0.551389 0.027344 0.047222
0 0.631641 0.957639 0.021094 0.034722
0 0.332422 0.066667 0.022656 0.047222
0 0.338672 0.397917 0.024219 0.040278
0 0.351172 0.461806 0.027344 0.031944
0 0.482812 0.681944 0.025000 0.030556
0 0.539453 0.150000 0.016406 0.025000
0 0.149609 0.104167 0.016406 0.050000
0 0.617188 0.301389 0.018750 0.033333
0 0.341016 0.181250 0.024219 0.037500
0 0.162109 0.750694 0.016406 0.048611
0 0.079687 0.902083 0.020313 0.043056
0 0.820312 0.881944 0.020313 0.044444
0 0.669141 0.581944 0.027344 0.041667
0 0.274609 0.510417 0.025781 0.045833
0 0.921094 0.853472 0.028125 0.040278
0 0.955469 0.506250 0.015625 0.031944
0 0.552344 0.297222 0.018750 0.044444
0 0.681250 0.326389 0.023438 0.025000
0 0.662891 0.530556 0.017969 0.033333
0 0.300000 0.197222 0.014063 0.025000
0 0.472266 0.959028 0.016406 0.034722
0 0.709375 0.110417 0.014063 0.034722
0 0.074219 0.288889 0.015625 0.025000
0 0.857812 0.863889 0.026562 0.047222
0 0.356250 0.886806 0.028125 0.040278
0 0.296094 0.320833 0.014063 0.044444
0 0.281250 0.560417 0.025000 0.034722
0 0.113281 0.569444 0.023438 0.038889
1 0.189844 0.323611 0.126562 0.300000
1 0.277344 0.679167 0.104688 0.180556
1 0.426563 0.222917 0.109375 0.226389
1 0.892969 0.159028 0.157812 0.231944
1 0.580469 0.754167 0.142187 0.216667
1 0.598047 0.428472 0.100781 0.190278
1 0.734375 0.743056 0.107813 0.211111