0 0.684375 0.150694 0.021875 0.043056
0 0.214062 0.043750 0.014063 0.031944
0 0.069531 0.100000 0.015625 0.033333
0 0.936328 0.276389 0.024219 0.027778
0 0.075000 0.151389 0.028125 0.030556
0 0.833984 0.271528 0.022656 0.031944
0 0.982031 0.072917 0.015625 0.034722
0 0.841016 0.875000 0.021094 0.050000
0 0.703125 0.504167 0.015625 0.047222
0 0.379297 0.827083 0.019531 0.040278
0 0.751563 0.520139 0.018750 0.026389
0 0.925000 0.220139 0.028125 0.040278
0 0.376563 0.466667 0.028125 0.050000
0 0.833984 0.808333 0.025781 0.047222
0 0.724609 0.161111 0.025781 0.047222
0 0.401953 0.444444 0.016406 0.041667
0 0.150391 0.607639 0.022656 0.031944
0 0.379297 0.087500 0.017969 0.036111
0 0.543750 0.587500 0.021875 0.027778
0 0.676953 0.563889 0.014844 0.025000
0 0.939063 0.897917 0.026562 0.048611
0 0.419531 0.740972 0.020313 0.043056
0 0.820703 0.518750 0.016406 0.043056
0 0.557031 0.527778 0.025000 0.041667
0 0.934375 0.716667 0.025000 0.025000
0 0.231641 0.289583 0.024219 0.037500
0 0.636328 0.031250 0.019531 0.029167
0 0.060937 0.802083 0.023438 0.031944
0 0.735938 0.044444 0.026562 0.041667
0 0.160156 0.888194 0.026562 0.031944
0 0.055469 0.672917 0.020313 0.029167
0 0.725000 0.466667 0.020313 0.038889
0 0.352344 0.932639 0.026562 0.037500
0 0.692578 0.695139 0.021094 0.034722
0 0.177734 0.080556 0.017969 0.025000
0 0.592969 0.522917 0.028125 0.043056
0 0.591016 0.462500 0.019531 0.025000
0 0.633984 0.471528 0.019531 0.040278
0 0.713672 0.612500 0.022656 0.036111
0 0.182422 0.465278 0.019531 0.025000
0 0.496094 0.079861 0.018750 0.031944
0 0.967187 0.768750 0.014063 0.045833
0 0.362109 0.626389 0.022656 0.050000
0 0.052734 0.623611 0.021094 0.050000
0 0.848828 0.081944 0.024219 0.030556
0 0.673047 0.518056 0.019531 0.025000
0 0.253906 0.859028 0.014063 0.045833
0 0.690625 0.038194 0.015625 0.040278
0 0.324219 0.747917 0.018750 0.043056
0 0.138281 0.245139 0.017188 0.029167
0 0.025391 0.175000 0.014844 0.033333
0 0.763281 0.122917 0.025000 0.029167
0 0.278125 0.742361 0.020313 0.045833
0 0.608594 0.661111 0.021875 0.050000
0 0.943750 0.070139 0.015625 0.045833
0 0.381641 0.739583 0.024219 0.040278
0 0.642578 0.099306 0.027344 0.048611
0 0.923438 0.786806 0.015625 0.029167
0 0.028125 0.631944 0.021875 0.033333
0 0.447656 0.689583 0.028125 0.031944
0 0.108203 0.129861 0.024219 0.048611
0 0.416797 0.931944 0.022656 0.044444
0 0.238672 0.094444 0.021094 0.038889
0 0.460938 0.175000 0.015625 0.027778
0 0.589844 0.598611 0.020313 0.030556
0 0.193359 0.199306 0.014844 0.031944
0 0.962109 0.151389 0.021094 0.033333
0 0.303516 0.904861 0.025781 0.043056
0 0.975000 0.243750 0.026562 0.029167
0 0.055859 0.045139 0.014844 0.045833
0 0.496875 0.431944 0.021875 0.036111
0 0.602344 0.069444 0.025000 0.027778
0 0.620313 0.910417 0.020313 0.043056
0 0.576562 0.661806 0.026562 0.031944
0 0.185547 0.277083 0.019531 0.048611
0 0.143359 0.934028 0.017969 0.048611
0 0.766797 0.472917 0.025781 0.040278
0 0.633203 0.738194 0.017969 0.026389
0 0.066406 0.720139 0.025000 0.045833
0 0.149609 0.106250 0.027344 0.045833
0 0.749609 0.206944 0.017969 0.025000
0 0.548828 0.654861 0.014844 0.029167
0 0.964453 0.348611 0.025781 0.041667
0 0.062109 0.859722 0.024219 0.036111
0 0.504297 0.924306 0.014844 0.026389
0 0.298438 0.832639 0.020313 0.037500
0 0.257031 0.692361 0.026562 0.031944
0 0.804297 0.114583 0.017969 0.045833
0 0.633203 0.218056 0.022656 0.027778
0 0.662500 0.606944 0.025000 0.050000
0 0.472656 0.086806 0.017188 0.045833
0 0.057813 0.299306 0.023438 0.043056
1 0.491016 0.801389 0.111719 0.175000
1 0.536328 0.265972 0.099219 0.276389
1 0.906641 0.484722 0.135156 0.200000
1 0.346094 0.262500 0.157812 0.258333
1 0.161328 0.764583 0.136719 0.187500
1 0.733984 0.325000 0.135156 0.194444
1 0.465234 0.571528 0.119531 0.184722
1 0.094141 0.454167 0.124219 0.238889