0 0.070312 0.380556 0.015625 0.044444
0 0.943359 0.389583 0.027344 0.043056
0 0.055859 0.253472 0.016406 0.048611
0 0.853125 0.846528 0.026562 0.026389
0 0.596094 0.247222 0.023438 0.025000
0 0.055469 0.031250 0.018750 0.029167
0 0.271484 0.168750 0.014844 0.037500
0 0.300000 0.431944 0.015625 0.047222
0 0.272266 0.072917 0.017969 0.048611
0 0.866406 0.733333 0.017188 0.047222
0 0.749219 0.378472 0.014063 0.048611
0 0.704297 0.393750 0.019531 0.048611
0 0.879687 0.959722 0.026562 0.036111
0 0.072656 0.811806 0.028125 0.040278
0 0.849219 0.292361 0.025000 0.037500
0 0.549219 0.088889 0.020313 0.030556
0 0.112891 0.882639 0.021094 0.031944
0 0.703906 0.575000 0.015625 0.030556
0 0.330078 0.882639 0.014844 0.040278
0 0.357031 0.774306 0.026562 0.031944
0 0.608203 0.162500 0.017969 0.050000
0 0.458203 0.403472 0.027344 0.040278
0 0.023438 0.888194 0.026562 0.029167
0 0.927734 0.918750 0.025781 0.029167
0 0.841016 0.954167 0.017969 0.027778
0 0.453125 0.888889 0.021875 0.027778
0 0.029297 0.577778 0.014844 0.041667
0 0.192969 0.042361 0.015625 0.031944
0 0.061328 0.438889 0.016406 0.044444
0 0.366406 0.891667 0.015625 0.041667
0 0.517969 0.654167 0.017188 0.030556
0 0.235547 0.379861 0.022656 0.029167
0 0.975781 0.897222 0.021875 0.038889
0 0.700000 0.959028 0.018750 0.034722
0 0.460938 0.773611 0.028125 0.025000
0 0.562109 0.729861 0.016406 0.037500
0 0.035937 0.823611 0.015625 0.038889
0 0.016406 0.412500 0.014063 0.044444
0 0.942578 0.252083 0.017969 0.045833
0 0.052344 0.950000 0.018750 0.025000
0 0.837891 0.080556 0.019531 0.047222
0 0.271094 0.477778 0.015625 0.041667
0 0.385547 0.816667 0.021094 0.027778
0 0.904297 0.295833 0.016406 0.038889
0 0.407813 0.720833 0.025000 0.025000
0 0.451172 0.545833 0.021094 0.030556
0 0.513281 0.774306 0.015625 0.048611
0 0.305078 0.707639 0.019531 0.037500
0 0.930469 0.680556 0.026562 0.030556
0 0.362500 0.962500 0.017188 0.027778
0 0.738281 0.574306 0.028125 0.029167
0 0.199609 0.872917 0.019531 0.034722
0 0.978516 0.283333 0.016406 0.050000
0 0.578125 0.859722 0.020313 0.038889
0 0.939844 0.438889 0.028125 0.027778
0 0.970313 0.126389 0.014063 0.027778
0 0.746484 0.310417 0.019531 0.045833
0 0.022656 0.773611 0.018750 0.036111
0 0.907813 0.856250 0.018750 0.045833
0 0.024219 0.118056 0.017188 0.041667
0 0.395703 0.348611 0.014844 0.044444
0 0.241406 0.467361 0.021875 0.048611
0 0.568750 0.230556 0.020313 0.033333
0 0.273047 0.614583 0.021094 0.031944
0 0.934375 0.796528 0.017188 0.048611
0 0.966016 0.729167 0.021094 0.047222
0 0.234766 0.947222 0.024219 0.033333
0 0.196094 0.795139 0.023438 0.031944
0 0.109766 0.412500 0.024219 0.036111
0 0.900781 0.749306 0.028125 0.026389
0 0.663281 0.329861 0.017188 0.045833
0 0.298438 0.494444 0.015625 0.044444
0 0.494141 0.836806 0.022656 0.048611
0 0.271875 0.688889 0.015625 0.027778
0 0.300000 0.935417 0.025000 0.040278
0 0.245312 0.729861 0.017188 0.031944
0 0.535156 0.278472 0.020313 0.026389
0 0.519141 0.149306 0.025781 0.040278
0 0.951562 0.615972 0.025000 0.031944
0 0.174219 0.381250 0.014063 0.026389
0 0.407813 0.669444 0.014063 0.027778
0 0.114844 0.842361 0.028125 0.034722
0 0.829688 0.847917 0.014063 0.043056
0 0.810547 0.776389 0.025781 0.044444
0 0.387500 0.761806 0.014063 0.045833
0 0.270313 0.208333 0.018750 0.030556
0 0.160938 0.043750 0.017188 0.048611
0 0.764844 0.950694 0.015625 0.029167
0 0.293359 0.293056 0.022656 0.025000
0 0.801953 0.667361 0.017969 0.037500
0 0.894141 0.199306 0.027344 0.034722
0 0.899609 0.061806 0.019531 0.026389
0 0.317188 0.649306 0.023438 0.043056
0 0.301953 0.081944 0.024219 0.025000
0 0.978516 0.784722 0.022656 0.033333
0 0.262109 0.245139 0.017969 0.031944
0 0.725781 0.381250 0.015625 0.043056
0 0.598437 0.076389 0.017188 0.038889
0 0.863672 0.063889 0.016406 0.050000
0 0.935547 0.745833 0.024219 0.033333
0 0.598437 0.770833 0.014063 0.038889
0 0.837109 0.728472 0.021094 0.031944
0 0.304297 0.255556 0.016406 0.027778
0 0.386328 0.937500 0.014844 0.025000
0 0.182422 0.967361 0.022656 0.031944
1 0.365234 0.493750 0.102344 0.204167
1 0.695312 0.766667 0.125000 0.305556
1 0.695312 0.157639 0.125000 0.181944
1 0.126953 0.552778 0.099219 0.202778
1 0.414844 0.184722 0.153125 0.252778
1 0.161719 0.215278 0.165625 0.261111
1 0.848437 0.484028 0.137500 0.273611