0 0.748828 0.663889 0.019531 0.033333
0 0.546875 0.325694 0.017188 0.031944
0 0.260937 0.565972 0.020313 0.037500
0 0.508984 0.558333 0.024219 0.030556
0 0.026172 0.638889 0.027344 0.041667
0 0.292187 0.175694 0.026562 0.034722
0 0.406250 0.927083 0.018750 0.031944
0 0.714453 0.956250 0.025781 0.031944
0 0.232813 0.165972 0.017188 0.031944
0 0.824609 0.158333 0.022656 0.030556
0 0.889453 0.183333 0.027344 0.050000
0 0.971875 0.108333 0.023438 0.027778
0 0.859375 0.357639 0.017188 0.029167
0 0.248047 0.385417 0.017969 0.048611
0 0.248438 0.229167 0.025000 0.036111
0 0.183594 0.350000 0.018750 0.047222
0 0.630859 0.861806 0.014844 0.045833
0 0.925781 0.256250 0.017188 0.026389
0 0.785547 0.047222 0.027344 0.030556
0 0.758984 0.711111 0.017969 0.030556
0 0.835938 0.088194 0.026562 0.029167
0 0.133594 0.392361 0.023438 0.043056
0 0.809375 0.713889 0.025000 0.033333
0 0.581641 0.713889 0.017969 0.036111
0 0.818359 0.307639 0.021094 0.037500
0 0.980078 0.762500 0.021094 0.036111
0 0.886719 0.325694 0.017188 0.048611
0 0.352734 0.872917 0.022656 0.029167
0 0.280078 0.936806 0.024219 0.048611
0 0.161719 0.944444 0.014063 0.033333
0 0.564844 0.654167 0.014063 0.050000
0 0.276562 0.452778 0.014063 0.041667
0 0.055078 0.340972 0.019531 0.048611
0 0.922656 0.082639 0.018750 0.040278
0 0.035937 0.932639 0.017188 0.045833
0 0.268359 0.302778 0.017969 0.041667
0 0.565625 0.556250 0.021875 0.040278
0 0.935937 0.220139 0.017188 0.026389
0 0.103125 0.328472 0.025000 0.043056
0 0.799219 0.659028 0.014063 0.048611
0 0.550391 0.703472 0.014844 0.037500
0 0.346875 0.816667 0.015625 0.041667
0 0.648828 0.740972 0.019531 0.048611
0 0.657422 0.485417 0.027344 0.034722
0 0.024219 0.705556 0.015625 0.027778
0 0.713672 0.850000 0.027344 0.038889
0 0.653906 0.419444 0.017188 0.036111
0 0.546875 0.961806 0.020313 0.037500
0 0.241406 0.500000 0.023438 0.044444
0 0.212109 0.397222 0.022656 0.025000
0 0.475391 0.388194 0.027344 0.037500
0 0.925000 0.167361 0.025000 0.026389
0 0.052734 0.493056 0.025781 0.036111
0 0.815234 0.595833 0.022656 0.033333
0 0.529297 0.180556 0.022656 0.041667
0 0.624609 0.915278 0.025781 0.038889
0 0.286328 0.258333 0.017969 0.025000
0 0.571484 0.394444 0.021094 0.036111
0 0.640625 0.674306 0.026562 0.031944
0 0.939844 0.965278 0.020313 0.027778
0 0.739453 0.163889 0.025781 0.025000
0 0.325391 0.812500 0.017969 0.025000
0 0.329297 0.702778 0.021094 0.050000
0 0.376172 0.813194 0.014844 0.045833
0 0.862891 0.151389 0.017969 0.038889
0 0.304297 0.921528 0.016406 0.026389
0 0.194531 0.447222 0.015625 0.047222
0 0.954688 0.045833 0.023438 0.050000
0 0.310937 0.752083 0.014063 0.031944
0 0.083203 0.818750 0.014844 0.045833
0 0.589453 0.887500 0.019531 0.033333
0 0.078125 0.384028 0.014063 0.031944
0 0.757031 0.577083 0.017188 0.045833
0 0.746484 0.946528 0.016406 0.045833
1 0.727344 0.386111 0.103125 0.219444
1 0.173437 0.736806 0.139063 0.298611
1 0.904687 0.552778 0.131250 0.288889
1 0.123438 0.153472 0.170313 0.212500
1 0.482422 0.818750 0.102344 0.193056
1 0.361328 0.484722 0.138281 0.213889
1 0.425000 0.194444 0.167187 0.288889
1 0.855469 0.848611 0.142187 0.175000