0 0.477539 0.684570 0.041016 0.052734
0 0.208008 0.101562 0.044922 0.054688
0 0.169922 0.922852 0.054688 0.037109
0 0.512695 0.864258 0.048828 0.033203
0 0.344727 0.437500 0.037109 0.058594
0 0.446289 0.623047 0.044922 0.042969
0 0.133789 0.414062 0.056641 0.050781
0 0.384766 0.847656 0.042969 0.039062
0 0.044922 0.134766 0.035156 0.054688
0 0.144531 0.746094 0.031250 0.039062
0 0.359375 0.374023 0.058594 0.041016
0 0.795898 0.688477 0.048828 0.041016
0 0.759766 0.599609 0.035156 0.050781
0 0.245117 0.821289 0.041016 0.033203
0 0.404297 0.555664 0.035156 0.056641
0 0.618164 0.720703 0.056641 0.058594
0 0.236328 0.954102 0.058594 0.056641
0 0.348633 0.113281 0.044922 0.050781
0 0.585938 0.125000 0.054688 0.039062
0 0.374023 0.498047 0.056641 0.042969
0 0.771484 0.066406 0.050781 0.039062
0 0.687500 0.118164 0.039062 0.033203
0 0.958984 0.077148 0.031250 0.044922
0 0.056641 0.600586 0.039062 0.041016
0 0.053711 0.548828 0.041016 0.035156
0 0.902344 0.707031 0.058594 0.039062
0 0.285156 0.873047 0.050781 0.035156
0 0.934570 0.867188 0.033203 0.050781
0 0.624023 0.925781 0.037109 0.031250
0 0.232422 0.425781 0.050781 0.035156
0 0.071289 0.819336 0.041016 0.044922
0 0.230469 0.867188 0.039062 0.035156
0 0.666016 0.176758 0.042969 0.033203
0 0.870117 0.188477 0.037109 0.044922
0 0.443359 0.915039 0.039062 0.044922
0 0.929688 0.656250 0.054688 0.042969
0 0.953125 0.171875 0.042969 0.039062
0 0.923828 0.964844 0.058594 0.035156
0 0.339844 0.235352 0.058594 0.052734
0 0.667969 0.037109 0.050781 0.042969
0 0.693359 0.722656 0.050781 0.039062
0 0.098633 0.184570 0.048828 0.048828
0 0.920898 0.556641 0.044922 0.035156
0 0.397461 0.201172 0.037109 0.035156
0 0.503906 0.740234 0.035156 0.039062
0 0.372070 0.797852 0.033203 0.044922
0 0.557617 0.063477 0.048828 0.037109
0 0.955078 0.451172 0.050781 0.031250
1 0.217773 0.600586 0.220703 0.197266
1 0.213867 0.237305 0.166016 0.142578
1 0.788086 0.361328 0.240234 0.214844
1 0.539062 0.316406 0.183594 0.269531
1 0.632812 0.573242 0.195312 0.154297
1 0.782227 0.850586 0.154297 0.189453