0 0.087500 0.547917 0.028125 0.034722
0 0.914062 0.879167 0.023438 0.047222
0 0.223438 0.696528 0.020313 0.045833
0 0.811328 0.048611 0.019531 0.044444
0 0.254688 0.771528 0.023438 0.045833
0 0.534766 0.398611 0.017969 0.038889
0 0.205859 0.279861 0.024219 0.048611
0 0.529297 0.346528 0.016406 0.029167
0 0.905078 0.718056 0.016406 0.047222
0 0.621094 0.056944 0.028125 0.025000
0 0.226562 0.185417 0.028125 0.045833
0 0.496094 0.499306 0.017188 0.037500
0 0.253125 0.590278 0.017188 0.027778
0 0.708984 0.176389 0.017969 0.038889
0 0.965625 0.468750 0.025000 0.048611
0 0.057813 0.190972 0.015625 0.037500
0 0.114062 0.201389 0.023438 0.030556
0 0.806250 0.136111 0.018750 0.036111
0 0.351562 0.589583 0.025000 0.029167
0 0.157422 0.662500 0.027344 0.036111
0 0.567969 0.045139 0.023438 0.043056
0 0.107031 0.377778 0.028125 0.044444
0 0.662109 0.705556 0.014844 0.025000
0 0.286328 0.870833 0.022656 0.050000
0 0.496875 0.390278 0.017188 0.030556
0 0.556250 0.547222 0.015625 0.030556
0 0.397656 0.049306 0.015625 0.034722
0 0.032422 0.725000 0.021094 0.027778
0 0.782031 0.041667 0.014063 0.047222
0 0.525000 0.702778 0.021875 0.027778
0 0.059375 0.105556 0.028125 0.030556
0 0.344141 0.723611 0.017969 0.047222
0 0.737500 0.881250 0.020313 0.037500
0 0.178125 0.347917 0.015625 0.026389
0 0.683984 0.915278 0.021094 0.047222
0 0.091016 0.093750 0.021094 0.031944
0 0.507031 0.918056 0.023438 0.047222
0 0.023438 0.446528 0.015625 0.034722
0 0.683984 0.177778 0.014844 0.041667
0 0.547266 0.797917 0.019531 0.031944
0 0.921875 0.772222 0.021875 0.030556
0 0.940234 0.661806 0.024219 0.043056
0 0.470313 0.465972 0.026562 0.043056
0 0.613672 0.704861 0.017969 0.026389
0 0.710156 0.272917 0.025000 0.040278
0 0.201953 0.125694 0.025781 0.048611
0 0.134375 0.525000 0.023438 0.027778
0 0.659375 0.789583 0.018750 0.031944
0 0.566406 0.156250 0.028125 0.048611
0 0.536719 0.915972 0.018750 0.040278
0 0.564453 0.233333 0.022656 0.038889
0 0.028906 0.317361 0.026562 0.026389
0 0.066406 0.864583 0.014063 0.045833
0 0.943359 0.059028 0.017969 0.040278
0 0.217578 0.336111 0.024219 0.025000
0 0.019531 0.838889 0.018750 0.033333
0 0.645312 0.203472 0.017188 0.043056
0 0.563281 0.381250 0.018750 0.026389
0 0.689844 0.795833 0.017188 0.036111
0 0.900391 0.329167 0.025781 0.025000
0 0.057813 0.291667 0.025000 0.030556
0 0.273047 0.145139 0.025781 0.045833
0 0.833203 0.937500 0.016406 0.033333
0 0.313672 0.827778 0.021094 0.047222
0 0.935547 0.277083 0.022656 0.045833
0 0.381250 0.875000 0.020313 0.030556
0 0.702344 0.050694 0.017188 0.045833
0 0.267969 0.284722 0.015625 0.033333
0 0.545703 0.754861 0.016406 0.040278
0 0.708203 0.502778 0.019531 0.047222
0 0.965234 0.969444 0.024219 0.025000
0 0.481250 0.880556 0.017188 0.041667
0 0.913281 0.077083 0.018750 0.037500
0 0.366797 0.131944 0.025781 0.033333
0 0.073828 0.437500 0.019531 0.036111
0 0.593750 0.955556 0.023438 0.038889
0 0.742188 0.513889 0.018750 0.036111
0 0.034375 0.599306 0.018750 0.031944
0 0.922656 0.451389 0.023438 0.047222
0 0.968750 0.798611 0.018750 0.041667
0 0.352734 0.906944 0.024219 0.036111
0 0.573828 0.684028 0.025781 0.048611
0 0.072656 0.645833 0.023438 0.033333
0 0.250000 0.711111 0.020313 0.025000
0 0.303906 0.670139 0.017188 0.045833
1 0.437891 0.691667 0.133594 0.288889
1 0.804297 0.297222 0.146094 0.200000
1 0.830078 0.586806 0.121094 0.231944
1 0.341797 0.304167 0.119531 0.244444
1 0.151562 0.855556 0.146875 0.191667
1 0.636719 0.414583 0.101562 0.293056
1 0.477344 0.193056 0.114062 0.255556