0 0.491211 0.139648 0.037109 0.033203
0 0.148438 0.071289 0.058594 0.048828
0 0.793945 0.912109 0.033203 0.035156
0 0.234375 0.111328 0.054688 0.031250
0 0.040039 0.121094 0.048828 0.054688
0 0.489258 0.668945 0.044922 0.041016
0 0.762695 0.414062 0.056641 0.035156
0 0.038086 0.712891 0.044922 0.054688
0 0.087891 0.771484 0.058594 0.042969
0 0.824219 0.670898 0.050781 0.033203
0 0.665039 0.048828 0.037109 0.031250
0 0.279297 0.644531 0.031250 0.042969
0 0.920898 0.291016 0.052734 0.046875
0 0.359375 0.935547 0.054688 0.031250
0 0.212891 0.043945 0.042969 0.048828
0 0.317383 0.039062 0.048828 0.031250
0 0.234375 0.965820 0.058594 0.037109
0 0.754883 0.742188 0.037109 0.058594
0 0.070312 0.037109 0.046875 0.042969
0 0.073242 0.842773 0.044922 0.044922
0 0.945312 0.937500 0.046875 0.039062
0 0.730469 0.465820 0.031250 0.041016
0 0.149414 0.945312 0.056641 0.039062
0 0.478516 0.044922 0.058594 0.046875
0 0.859375 0.285156 0.035156 0.035156
0 0.342773 0.534180 0.033203 0.056641
0 0.791016 0.470703 0.039062 0.054688
0 0.491211 0.348633 0.037109 0.037109
0 0.893555 0.828125 0.048828 0.046875
0 0.916016 0.630859 0.058594 0.031250
0 0.120117 0.693359 0.056641 0.050781
0 0.840820 0.102539 0.052734 0.044922
0 0.859375 0.180664 0.042969 0.044922
0 0.860352 0.744141 0.041016 0.050781
0 0.233398 0.663086 0.037109 0.033203
0 0.423828 0.085938 0.035156 0.042969
0 0.580078 0.410156 0.050781 0.039062
0 0.499023 0.287109 0.056641 0.042969
0 0.845703 0.043945 0.050781 0.048828
0 0.481445 0.518555 0.048828 0.052734
0 0.404297 0.584961 0.046875 0.041016
0 0.168945 0.125000 0.041016 0.042969
0 0.334961 0.449219 0.033203 0.050781
0 0.168945 0.860352 0.044922 0.052734
0 0.497070 0.193359 0.041016 0.042969
0 0.473633 0.753906 0.048828 0.042969
0 0.805664 0.838867 0.052734 0.037109
1 0.643555 0.225586 0.201172 0.251953
1 0.625000 0.634766 0.207031 0.265625
1 0.349609 0.253906 0.210938 0.218750
1 0.162109 0.529297 0.257812 0.160156
1 0.908203 0.454102 0.136719 0.208984
1 0.327148 0.800781 0.228516 0.203125
1 0.636719 0.887695 0.250000 0.181641
1 0.115234 0.282227 0.160156 0.166016