0 0.833008 0.072266 0.044922 0.042969
0 0.512695 0.626953 0.052734 0.058594
0 0.132812 0.429688 0.054688 0.046875
0 0.145508 0.831055 0.052734 0.033203
0 0.938477 0.727539 0.033203 0.056641
0 0.634766 0.199219 0.046875 0.050781
0 0.070312 0.934570 0.058594 0.037109
0 0.584961 0.536133 0.037109 0.037109
0 0.612305 0.033203 0.033203 0.031250
0 0.475586 0.332031 0.056641 0.042969
0 0.558594 0.289062 0.054688 0.031250
0 0.256836 0.345703 0.044922 0.039062
0 0.089844 0.554688 0.039062 0.042969
0 0.213867 0.937500 0.033203 0.042969
0 0.179688 0.706055 0.039062 0.052734
0 0.252930 0.766602 0.033203 0.056641
0 0.866211 0.519531 0.048828 0.035156
0 0.259766 0.142578 0.039062 0.050781
0 0.866211 0.743164 0.056641 0.052734
0 0.052734 0.811523 0.054688 0.052734
0 0.910156 0.593750 0.039062 0.046875
0 0.454102 0.129883 0.044922 0.033203
0 0.423828 0.032227 0.035156 0.033203
0 0.527344 0.174805 0.031250 0.037109
0 0.134766 0.069336 0.035156 0.033203
0 0.385742 0.826172 0.033203 0.046875
0 0.090820 0.725586 0.041016 0.048828
0 0.364258 0.934570 0.048828 0.048828
0 0.476562 0.075195 0.039062 0.048828
0 0.042969 0.624023 0.050781 0.044922
0 0.658203 0.921875 0.046875 0.039062
0 0.094727 0.666992 0.033203 0.033203
0 0.949219 0.058594 0.054688 0.058594
0 0.921875 0.664062 0.031250 0.042969
0 0.070312 0.503906 0.039062 0.039062
0 0.957031 0.895508 0.031250 0.037109
0 0.588867 0.611328 0.052734 0.050781
0 0.107422 0.352539 0.054688 0.033203
0 0.958008 0.500977 0.048828 0.037109
0 0.064453 0.444336 0.042969 0.033203
0 0.708984 0.067383 0.035156 0.033203
0 0.912109 0.311523 0.050781 0.037109
0 0.655273 0.870117 0.052734 0.048828
0 0.204102 0.776367 0.041016 0.052734
0 0.525391 0.048828 0.039062 0.035156
0 0.410156 0.193359 0.042969 0.031250
0 0.719727 0.203125 0.044922 0.031250
0 0.849609 0.371094 0.042969 0.031250
0 0.347656 0.063477 0.058594 0.056641
0 0.151367 0.599609 0.033203 0.046875
1 0.340820 0.546875 0.205078 0.253906
1 0.669922 0.393555 0.269531 0.146484
1 0.736328 0.636719 0.187500 0.242188
1 0.842773 0.205078 0.173828 0.160156
1 0.507812 0.823242 0.179688 0.244141
1 0.128906 0.200195 0.203125 0.142578
1 0.811523 0.885742 0.208984 0.197266
1 0.364258 0.299805 0.142578 0.162109