0 0.742188 0.860352 0.031250 0.041016
0 0.433594 0.402344 0.058594 0.039062
0 0.108398 0.209961 0.037109 0.037109
0 0.095703 0.616211 0.050781 0.056641
0 0.469727 0.776367 0.033203 0.033203
0 0.611328 0.886719 0.031250 0.031250
0 0.625000 0.575195 0.054688 0.052734
0 0.495117 0.545898 0.052734 0.048828
0 0.281250 0.851562 0.035156 0.042969
0 0.505859 0.306641 0.054688 0.046875
0 0.619141 0.944336 0.046875 0.056641
0 0.884766 0.612305 0.042969 0.041016
0 0.899414 0.810547 0.037109 0.046875
0 0.195312 0.199219 0.039062 0.046875
0 0.840820 0.876953 0.037109 0.046875
0 0.513672 0.055664 0.031250 0.052734
0 0.926758 0.278320 0.037109 0.048828
0 0.350586 0.850586 0.052734 0.048828
0 0.711914 0.672852 0.041016 0.041016
0 0.035156 0.363281 0.035156 0.058594
0 0.292969 0.364258 0.039062 0.052734
0 0.184570 0.430664 0.033203 0.033203
0 0.715820 0.931641 0.048828 0.042969
0 0.139648 0.158203 0.056641 0.050781
0 0.486328 0.967773 0.050781 0.033203
0 0.426758 0.689453 0.052734 0.031250
0 0.399414 0.326172 0.052734 0.039062
0 0.847656 0.701172 0.050781 0.054688
0 0.284180 0.912109 0.048828 0.050781
0 0.289062 0.443359 0.046875 0.054688
0 0.097656 0.715820 0.042969 0.048828
0 0.943359 0.830078 0.031250 0.031250
0 0.949219 0.043945 0.054688 0.044922
0 0.789062 0.785156 0.042969 0.054688
0 0.951172 0.195312 0.035156 0.058594
0 0.163086 0.335938 0.044922 0.046875
1 0.656250 0.401367 0.187500 0.185547
1 0.566406 0.680664 0.207031 0.142578
1 0.239258 0.649414 0.208984 0.271484
1 0.369141 0.150391 0.179688 0.242188
1 0.849609 0.445312 0.140625 0.238281
1 0.704102 0.145508 0.216797 0.220703
1 0.149414 0.910156 0.205078 0.148438