0 0.325781 0.107639 0.017188 0.040278
0 0.728906 0.459722 0.026562 0.047222
0 0.573047 0.829861 0.014844 0.048611
0 0.409375 0.138889 0.020313 0.036111
0 0.272656 0.070139 0.014063 0.040278
0 0.241797 0.079167 0.027344 0.027778
0 0.035937 0.113194 0.018750 0.043056
0 0.858203 0.104167 0.019531 0.044444
0 0.526172 0.940278 0.014844 0.025000
0 0.710156 0.944444 0.028125 0.047222
0 0.905859 0.897917 0.022656 0.048611
0 0.319922 0.166667 0.022656 0.025000
0 0.951953 0.400000 0.019531 0.044444
0 0.063672 0.645833 0.016406 0.047222
0 0.368359 0.509722 0.024219 0.047222
0 0.961719 0.509722 0.017188 0.044444
0 0.111328 0.592361 0.027344 0.043056
0 0.556250 0.918056 0.025000 0.027778
0 0.962109 0.240972 0.025781 0.029167
0 0.397656 0.551389 0.018750 0.047222
0 0.820312 0.943056 0.023438 0.041667
0 0.923828 0.757639 0.022656 0.026389
0 0.049219 0.827083 0.015625 0.029167
0 0.798828 0.500000 0.019531 0.041667
0 0.780859 0.225694 0.025781 0.031944
0 0.037109 0.732639 0.019531 0.048611
0 0.953516 0.102083 0.022656 0.026389
0 0.772266 0.363889 0.027344 0.047222
0 0.189844 0.252778 0.020313 0.033333
0 0.028906 0.050000 0.025000 0.044444
0 0.085156 0.268056 0.020313 0.025000
0 0.132812 0.793750 0.021875 0.048611
0 0.187891 0.039583 0.017969 0.040278
0 0.071875 0.577083 0.026562 0.031944
0 0.920703 0.413194 0.024219 0.045833
0 0.165625 0.309722 0.017188 0.047222
0 0.722266 0.653472 0.017969 0.037500
0 0.311719 0.916667 0.018750 0.030556
0 0.282813 0.930556 0.017188 0.025000
0 0.077734 0.432639 0.014844 0.037500
0 0.942578 0.313194 0.019531 0.043056
0 0.218750 0.154167 0.014063 0.047222
0 0.077344 0.148611 0.017188 0.047222
0 0.426563 0.347917 0.014063 0.045833
0 0.461719 0.644444 0.026562 0.033333
0 0.786328 0.563889 0.027344 0.041667
0 0.104688 0.379167 0.014063 0.036111
0 0.958594 0.663889 0.017188 0.036111
0 0.727734 0.518750 0.021094 0.037500
0 0.128516 0.045833 0.019531 0.025000
0 0.755469 0.271528 0.021875 0.040278
0 0.784375 0.926389 0.026562 0.027778
0 0.778906 0.102083 0.017188 0.029167
0 0.287891 0.190972 0.022656 0.029167
0 0.880859 0.168750 0.024219 0.043056
0 0.846484 0.211806 0.025781 0.048611
0 0.118750 0.275694 0.021875 0.031944
0 0.372656 0.456250 0.021875 0.026389
0 0.829297 0.070139 0.024219 0.037500
0 0.142969 0.715278 0.020313 0.038889
0 0.045703 0.943056 0.027344 0.036111
0 0.743359 0.348611 0.024219 0.036111
0 0.189453 0.088194 0.021094 0.031944
0 0.210547 0.452778 0.027344 0.044444
0 0.078906 0.498611 0.020313 0.047222
0 0.259766 0.152083 0.027344 0.048611
0 0.894531 0.396528 0.014063 0.040278
0 0.508594 0.624306 0.028125 0.026389
0 0.914062 0.046528 0.023438 0.048611
0 0.367578 0.556250 0.024219 0.031944
0 0.365625 0.948611 0.017188 0.041667
0 0.300391 0.534028 0.024219 0.029167
0 0.935156 0.255556 0.020313 0.050000
0 0.037891 0.330556 0.024219 0.044444
0 0.783984 0.178472 0.025781 0.026389
0 0.105859 0.445833 0.025781 0.036111
0 0.109375 0.695833 0.026562 0.027778
0 0.781250 0.034722 0.021875 0.025000
0 0.130469 0.861111 0.017188 0.044444
0 0.160938 0.404861 0.015625 0.043056
0 0.978516 0.811111 0.014844 0.047222
0 0.475000 0.040278 0.014063 0.027778
0 0.375781 0.398611 0.020313 0.033333
0 0.968750 0.761806 0.026562 0.037500
0 0.339062 0.579861 0.021875 0.031944
0 0.954688 0.609722 0.021875 0.025000
0 0.135547 0.330556 0.019531 0.047222
0 0.175000 0.214583 0.023438 0.031944
0 0.448437 0.518750 0.025000 0.026389
0 0.848437 0.384722 0.028125 0.041667
0 0.405078 0.478472 0.024219 0.045833
0 0.396875 0.354861 0.020313 0.026389
0 0.932422 0.501389 0.025781 0.047222
0 0.835938 0.279861 0.025000 0.045833
0 0.814844 0.159722 0.020313 0.025000
0 0.614453 0.950000 0.016406 0.036111
1 0.295312 0.331250 0.115625 0.195833
1 0.808984 0.784028 0.139844 0.231944
1 0.494531 0.181250 0.101562 0.237500
1 0.651563 0.823611 0.104688 0.177778
1 0.645312 0.174306 0.165625 0.262500
1 0.583594 0.442361 0.170313 0.218056
1 0.437500 0.792361 0.171875 0.190278
1 0.212500 0.618750 0.093750 0.170833