0 0.421484 0.300694 0.024219 0.048611
0 0.377734 0.847222 0.025781 0.033333
0 0.031250 0.918750 0.018750 0.037500
0 0.026562 0.619444 0.017188 0.033333
0 0.541406 0.854861 0.020313 0.034722
0 0.746094 0.197222 0.017188 0.041667
0 0.726562 0.249306 0.020313 0.043056
0 0.551172 0.406944 0.027344 0.025000
0 0.939063 0.476389 0.026562 0.027778
0 0.485938 0.380556 0.026562 0.030556
0 0.472656 0.904167 0.017188 0.036111
0 0.317578 0.374306 0.017969 0.037500
0 0.915625 0.515278 0.020313 0.030556
0 0.530078 0.447917 0.027344 0.031944
0 0.629687 0.250000 0.018750 0.033333
0 0.029297 0.115278 0.022656 0.025000
0 0.303125 0.947222 0.017188 0.036111
0 0.924609 0.611806 0.017969 0.031944
0 0.332813 0.427778 0.025000 0.041667
0 0.130078 0.045833 0.014844 0.033333
0 0.401953 0.904861 0.021094 0.026389
0 0.505078 0.709028 0.024219 0.048611
0 0.206641 0.126389 0.019531 0.030556
0 0.918359 0.286806 0.016406 0.034722
0 0.614453 0.415972 0.027344 0.048611
0 0.239844 0.903472 0.020313 0.045833
0 0.920312 0.845833 0.015625 0.027778
0 0.080859 0.120139 0.024219 0.048611
0 0.582812 0.515278 0.014063 0.050000
0 0.098437 0.734722 0.014063 0.025000
0 0.554688 0.945139 0.023438 0.029167
0 0.450391 0.899306 0.021094 0.045833
0 0.845703 0.645139 0.025781 0.031944
0 0.717187 0.090972 0.014063 0.048611
0 0.950000 0.655556 0.020313 0.030556
0 0.545703 0.064583 0.014844 0.048611
0 0.043359 0.075000 0.024219 0.025000
0 0.798438 0.113194 0.026562 0.031944
0 0.885156 0.815972 0.014063 0.045833
0 0.661328 0.855556 0.021094 0.030556
0 0.917188 0.125000 0.021875 0.030556
0 0.407031 0.418750 0.018750 0.043056
0 0.315234 0.056944 0.017969 0.050000
0 0.391797 0.343056 0.014844 0.027778
0 0.586719 0.838889 0.014063 0.044444
0 0.100391 0.253472 0.024219 0.031944
0 0.976953 0.249306 0.019531 0.037500
0 0.570703 0.044444 0.024219 0.041667
0 0.063672 0.700694 0.024219 0.034722
0 0.262109 0.049306 0.016406 0.031944
0 0.704688 0.517361 0.025000 0.037500
0 0.678125 0.268056 0.021875 0.025000
0 0.183984 0.378472 0.022656 0.031944
0 0.677734 0.211111 0.021094 0.027778
0 0.435547 0.051389 0.021094 0.033333
0 0.077344 0.861806 0.026562 0.040278
0 0.033203 0.963194 0.017969 0.037500
0 0.917969 0.705556 0.028125 0.050000
0 0.585938 0.245139 0.017188 0.026389
0 0.917578 0.893750 0.022656 0.037500
0 0.358594 0.067361 0.017188 0.034722
0 0.358984 0.331250 0.014844 0.034722
0 0.669531 0.897917 0.018750 0.031944
0 0.494141 0.449306 0.016406 0.037500
0 0.160938 0.084722 0.028125 0.025000
0 0.390625 0.059028 0.021875 0.026389
0 0.020703 0.702778 0.014844 0.025000
0 0.531250 0.615278 0.021875 0.027778
0 0.949219 0.126389 0.015625 0.036111
0 0.792969 0.072917 0.014063 0.029167
0 0.663281 0.496528 0.017188 0.040278
0 0.621875 0.163889 0.023438 0.050000
0 0.955078 0.324306 0.017969 0.026389
0 0.599609 0.183333 0.014844 0.033333
0 0.345313 0.886111 0.026562 0.041667
0 0.068359 0.784722 0.014844 0.033333
0 0.666797 0.134028 0.025781 0.034722
0 0.965234 0.724306 0.027344 0.043056
0 0.850781 0.141667 0.026562 0.036111
0 0.875391 0.066667 0.016406 0.041667
0 0.350000 0.804861 0.014063 0.045833
0 0.162891 0.583333 0.016406 0.036111
0 0.473047 0.594444 0.019531 0.041667
0 0.630078 0.313889 0.016406 0.050000
0 0.088672 0.035417 0.021094 0.026389
0 0.134766 0.199306 0.019531 0.040278
0 0.204687 0.287500 0.021875 0.038889
0 0.873047 0.918056 0.019531 0.027778
0 0.693750 0.138889 0.021875 0.050000
1 0.392188 0.633333 0.129688 0.280556
1 0.202344 0.728472 0.129688 0.223611
1 0.304297 0.199306 0.160156 0.206944
1 0.730859 0.372222 0.169531 0.166667
1 0.643359 0.720833 0.167969 0.166667
1 0.794141 0.817361 0.105469 0.206944
1 0.088672 0.425000 0.125781 0.244444
1 0.511719 0.247917 0.110937 0.170833