0 0.503906 0.536111 0.021875 0.027778
0 0.958203 0.422917 0.021094 0.040278
0 0.331641 0.244444 0.014844 0.047222
0 0.045703 0.933333 0.014844 0.050000
0 0.026953 0.233333 0.024219 0.047222
0 0.249609 0.897917 0.022656 0.029167
0 0.913281 0.420139 0.028125 0.031944
0 0.289062 0.415972 0.023438 0.040278
0 0.513281 0.416667 0.023438 0.044444
0 0.203906 0.118750 0.020313 0.043056
0 0.915234 0.897917 0.027344 0.029167
0 0.450781 0.227083 0.015625 0.043056
0 0.027344 0.820833 0.020313 0.047222
0 0.726562 0.095833 0.026562 0.041667
0 0.652344 0.155556 0.026562 0.050000
0 0.230078 0.531944 0.016406 0.036111
0 0.814844 0.093056 0.018750 0.050000
0 0.076953 0.072222 0.024219 0.030556
0 0.876172 0.616667 0.024219 0.033333
0 0.691406 0.222222 0.014063 0.033333
0 0.282422 0.582639 0.017969 0.037500
0 0.316016 0.529167 0.016406 0.038889
0 0.619141 0.071528 0.021094 0.048611
0 0.467969 0.377778 0.023438 0.041667
0 0.317188 0.307639 0.018750 0.031944
0 0.195703 0.961806 0.014844 0.026389
0 0.230469 0.113194 0.018750 0.037500
0 0.599219 0.237500 0.028125 0.025000
0 0.341406 0.538889 0.026562 0.025000
0 0.633594 0.408333 0.015625 0.025000
0 0.817969 0.254861 0.028125 0.034722
0 0.741016 0.195833 0.025781 0.036111
0 0.930078 0.470139 0.019531 0.037500
0 0.450391 0.953472 0.025781 0.029167
0 0.538281 0.336111 0.023438 0.041667
0 0.537109 0.060417 0.017969 0.031944
0 0.848437 0.259028 0.025000 0.026389
0 0.654687 0.763889 0.015625 0.044444
0 0.600000 0.422222 0.014063 0.030556
0 0.254688 0.068056 0.023438 0.025000
0 0.679688 0.858333 0.014063 0.025000
0 0.288281 0.273611 0.021875 0.027778
0 0.570703 0.315972 0.022656 0.031944
0 0.691406 0.390972 0.020313 0.034722
0 0.337109 0.118056 0.024219 0.027778
0 0.283984 0.206250 0.014844 0.029167
0 0.339844 0.192361 0.014063 0.029167
0 0.141406 0.956944 0.025000 0.025000
0 0.653516 0.534722 0.017969 0.050000
0 0.027344 0.873611 0.023438 0.030556
0 0.774219 0.558333 0.015625 0.044444
0 0.306250 0.865972 0.020313 0.048611
0 0.041797 0.069444 0.022656 0.050000
0 0.253516 0.968056 0.025781 0.027778
0 0.525391 0.281944 0.024219 0.025000
0 0.360938 0.368750 0.017188 0.026389
0 0.032031 0.700000 0.020313 0.033333
0 0.869141 0.093750 0.017969 0.037500
0 0.314844 0.957639 0.026562 0.031944
0 0.606641 0.341667 0.014844 0.041667
0 0.636719 0.281250 0.014063 0.048611
0 0.971094 0.277778 0.028125 0.033333
0 0.468359 0.434028 0.027344 0.034722
0 0.033594 0.579861 0.025000 0.029167
0 0.600391 0.755556 0.024219 0.041667
0 0.467969 0.112500 0.018750 0.027778
0 0.951562 0.057639 0.018750 0.037500
0 0.347656 0.446528 0.028125 0.031944
0 0.210547 0.250000 0.024219 0.030556
0 0.584766 0.704167 0.019531 0.044444
0 0.068750 0.514583 0.014063 0.037500
0 0.663672 0.965972 0.027344 0.031944
0 0.244531 0.199306 0.026562 0.045833
0 0.967187 0.156944 0.015625 0.036111
0 0.874219 0.151389 0.015625 0.038889
0 0.681250 0.106250 0.018750 0.045833
0 0.233984 0.577083 0.021094 0.043056
0 0.549609 0.115278 0.021094 0.036111
0 0.225781 0.433333 0.015625 0.041667
0 0.930859 0.193056 0.014844 0.030556
0 0.152344 0.088889 0.021875 0.044444
0 0.193750 0.550000 0.018750 0.044444
1 0.760938 0.704167 0.156250 0.230556
1 0.576953 0.571528 0.113281 0.170833
1 0.923438 0.761111 0.101562 0.205556
1 0.400000 0.682639 0.134375 0.204167
1 0.155859 0.771528 0.152344 0.279167
1 0.823047 0.402778 0.142969 0.241667
1 0.113672 0.327083 0.135156 0.304167