0 0.961719 0.288889 0.023438 0.027778
0 0.351562 0.179167 0.023438 0.033333
0 0.873047 0.280556 0.027344 0.033333
0 0.118359 0.258333 0.021094 0.027778
0 0.659375 0.109028 0.014063 0.029167
0 0.430078 0.929861 0.022656 0.045833
0 0.946094 0.959028 0.026562 0.048611
0 0.615625 0.230556 0.028125 0.033333
0 0.698438 0.804861 0.014063 0.037500
0 0.500781 0.099306 0.023438 0.029167
0 0.034766 0.170833 0.022656 0.050000
0 0.380469 0.231250 0.015625 0.026389
0 0.575781 0.100000 0.020313 0.050000
0 0.351562 0.951389 0.026562 0.036111
0 0.186719 0.615278 0.018750 0.030556
0 0.950000 0.495139 0.014063 0.037500
0 0.418359 0.764583 0.025781 0.031944
0 0.257812 0.502083 0.026562 0.031944
0 0.264844 0.363889 0.021875 0.050000
0 0.273438 0.247222 0.018750 0.025000
0 0.850781 0.940278 0.028125 0.036111
0 0.148047 0.130556 0.019531 0.038889
0 0.619922 0.638194 0.025781 0.048611
0 0.347266 0.343056 0.025781 0.050000
0 0.471484 0.777778 0.025781 0.044444
0 0.608594 0.119444 0.017188 0.041667
0 0.771094 0.699306 0.018750 0.029167
0 0.677344 0.283333 0.020313 0.033333
0 0.921875 0.147917 0.025000 0.040278
0 0.082812 0.620833 0.018750 0.050000
0 0.186328 0.665278 0.019531 0.050000
0 0.456641 0.940278 0.022656 0.044444
0 0.278125 0.111111 0.018750 0.030556
0 0.713281 0.570139 0.014063 0.040278
0 0.243359 0.772222 0.017969 0.050000
0 0.928125 0.304861 0.028125 0.034722
0 0.964453 0.581944 0.022656 0.030556
0 0.086719 0.236806 0.026562 0.040278
0 0.694922 0.916667 0.014844 0.033333
0 0.277734 0.063889 0.019531 0.027778
0 0.762109 0.940278 0.024219 0.033333
0 0.218359 0.614583 0.019531 0.037500
0 0.278516 0.572917 0.019531 0.045833
0 0.955469 0.378472 0.025000 0.040278
0 0.724219 0.820833 0.020313 0.050000
0 0.525000 0.760417 0.017188 0.026389
0 0.315625 0.418750 0.023438 0.037500
0 0.744922 0.732639 0.019531 0.026389
0 0.071875 0.187500 0.023438 0.038889
0 0.218359 0.251389 0.027344 0.050000
0 0.696484 0.104861 0.014844 0.043056
0 0.501953 0.945833 0.016406 0.027778
0 0.347266 0.256250 0.017969 0.031944
0 0.140625 0.213889 0.021875 0.033333
0 0.282422 0.914583 0.025781 0.040278
0 0.706641 0.616667 0.014844 0.030556
0 0.568750 0.653472 0.026562 0.029167
0 0.586328 0.368750 0.022656 0.043056
0 0.888672 0.952083 0.014844 0.026389
0 0.788281 0.363889 0.028125 0.036111
0 0.301953 0.133333 0.014844 0.044444
0 0.218750 0.915972 0.015625 0.048611
0 0.402734 0.077778 0.016406 0.027778
0 0.641406 0.283333 0.023438 0.050000
0 0.383984 0.909722 0.024219 0.041667
0 0.448047 0.055556 0.017969 0.030556
0 0.180859 0.190278 0.022656 0.047222
0 0.876172 0.483333 0.014844 0.030556
0 0.793750 0.519444 0.015625 0.033333
0 0.192969 0.124306 0.014063 0.048611
0 0.043750 0.668056 0.023438 0.038889
0 0.034766 0.539583 0.025781 0.026389
0 0.882031 0.097222 0.015625 0.033333
0 0.547266 0.301389 0.025781 0.036111
0 0.979297 0.967361 0.016406 0.026389
0 0.173437 0.268750 0.028125 0.043056
0 0.258594 0.205556 0.015625 0.030556
0 0.951562 0.787500 0.014063 0.025000
0 0.787500 0.629861 0.015625 0.034722
0 0.798828 0.838889 0.016406 0.044444
0 0.702734 0.275694 0.017969 0.029167
0 0.321875 0.273611 0.017188 0.025000
0 0.591797 0.302778 0.014844 0.047222
0 0.640625 0.094444 0.014063 0.044444
0 0.583594 0.593750 0.015625 0.043056
0 0.282813 0.656250 0.023438 0.026389
0 0.062109 0.505556 0.016406 0.038889
0 0.029297 0.229861 0.027344 0.026389
0 0.372656 0.469444 0.025000 0.036111
0 0.283984 0.176389 0.024219 0.025000
0 0.715625 0.869444 0.018750 0.036111
0 0.553516 0.086111 0.017969 0.030556
0 0.978906 0.916667 0.020313 0.027778
0 0.554688 0.405556 0.018750 0.030556
1 0.328516 0.788889 0.102344 0.183333
1 0.694141 0.424306 0.130469 0.187500
1 0.453906 0.260417 0.115625 0.173611
1 0.879687 0.643056 0.128125 0.208333
1 0.794922 0.168056 0.121094 0.166667
1 0.118750 0.829861 0.165625 0.243056
1 0.458984 0.552778 0.132031 0.225000