0 0.519531 0.681641 0.042969 0.035156
0 0.468750 0.046875 0.039062 0.050781
0 0.265625 0.910156 0.054688 0.058594
0 0.158203 0.942383 0.046875 0.048828
0 0.542969 0.555664 0.046875 0.048828
0 0.225586 0.599609 0.048828 0.035156
0 0.470703 0.820312 0.050781 0.035156
0 0.187500 0.538086 0.054688 0.037109
0 0.794922 0.293945 0.058594 0.041016
0 0.472656 0.726562 0.046875 0.039062
0 0.861328 0.330078 0.039062 0.039062
0 0.535156 0.061523 0.054688 0.037109
0 0.627930 0.863281 0.052734 0.042969
0 0.120117 0.857422 0.037109 0.050781
0 0.300781 0.505859 0.058594 0.035156
0 0.484375 0.134766 0.042969 0.050781
0 0.130859 0.592773 0.050781 0.033203
0 0.842773 0.445312 0.056641 0.035156
0 0.953125 0.531250 0.058594 0.046875
0 0.074219 0.503906 0.035156 0.050781
0 0.402344 0.865234 0.031250 0.050781
0 0.579102 0.423828 0.033203 0.054688
0 0.662109 0.106445 0.050781 0.056641
0 0.061523 0.333008 0.056641 0.048828
0 0.823242 0.041016 0.041016 0.031250
0 0.667969 0.756836 0.050781 0.041016
0 0.642578 0.440430 0.054688 0.056641
0 0.346680 0.945312 0.037109 0.050781
0 0.089844 0.267578 0.031250 0.039062
0 0.482422 0.591797 0.042969 0.042969
0 0.101562 0.060547 0.046875 0.054688
0 0.733398 0.818359 0.044922 0.042969
0 0.111328 0.142578 0.031250 0.035156
0 0.179688 0.073242 0.042969 0.037109
0 0.577148 0.661133 0.033203 0.033203
0 0.166016 0.208984 0.031250 0.035156
0 0.131836 0.774414 0.052734 0.052734
0 0.050781 0.857422 0.042969 0.054688
0 0.959961 0.096680 0.037109 0.037109
0 0.041016 0.231445 0.039062 0.056641
0 0.846680 0.092773 0.044922 0.048828
0 0.070312 0.662109 0.058594 0.042969
0 0.833008 0.164062 0.056641 0.058594
0 0.457031 0.315430 0.046875 0.056641
0 0.931641 0.322266 0.035156 0.050781
0 0.065430 0.425781 0.033203 0.046875
0 0.926758 0.215820 0.041016 0.041016
1 0.743164 0.602539 0.271484 0.173828
1 0.279297 0.754883 0.191406 0.228516
1 0.620117 0.275391 0.255859 0.214844
1 0.287109 0.342773 0.253906 0.173828
1 0.309570 0.107422 0.193359 0.175781
1 0.879883 0.815430 0.158203 0.189453