0 0.052734 0.672852 0.046875 0.037109
0 0.539062 0.532227 0.046875 0.041016
0 0.359375 0.778320 0.058594 0.048828
0 0.387695 0.299805 0.052734 0.048828
0 0.700195 0.745117 0.041016 0.037109
0 0.576172 0.877930 0.042969 0.033203
0 0.699219 0.612305 0.054688 0.044922
0 0.350586 0.041016 0.056641 0.035156
0 0.410156 0.926758 0.035156 0.033203
0 0.482422 0.065430 0.042969 0.033203
0 0.952148 0.875977 0.033203 0.041016
0 0.583008 0.603516 0.044922 0.042969
0 0.500000 0.128906 0.058594 0.050781
0 0.109375 0.666992 0.035156 0.048828
0 0.952148 0.518555 0.033203 0.048828
0 0.722656 0.808594 0.050781 0.039062
0 0.065430 0.599609 0.056641 0.050781
0 0.876953 0.901367 0.050781 0.056641
0 0.532227 0.061523 0.037109 0.037109
0 0.671875 0.062500 0.054688 0.046875
0 0.447266 0.797852 0.050781 0.044922
0 0.325195 0.886719 0.052734 0.046875
0 0.197266 0.477539 0.035156 0.052734
0 0.343750 0.945312 0.031250 0.050781
0 0.722656 0.892578 0.035156 0.046875
0 0.045898 0.806641 0.041016 0.054688
0 0.581055 0.927734 0.048828 0.031250
0 0.600586 0.108398 0.041016 0.037109
0 0.412109 0.165039 0.054688 0.033203
0 0.801758 0.482422 0.048828 0.050781
0 0.272461 0.477539 0.033203 0.048828
0 0.742188 0.216797 0.058594 0.050781
0 0.188477 0.954102 0.052734 0.052734
0 0.046875 0.964844 0.031250 0.031250
0 0.344727 0.392578 0.048828 0.054688
0 0.080078 0.522461 0.054688 0.048828
0 0.496094 0.957031 0.035156 0.039062
0 0.366211 0.467773 0.048828 0.037109
0 0.814453 0.792969 0.058594 0.035156
0 0.725586 0.397461 0.037109 0.056641
0 0.673828 0.952148 0.031250 0.044922
0 0.690430 0.150391 0.056641 0.042969
0 0.589844 0.652344 0.039062 0.039062
0 0.052734 0.904297 0.054688 0.050781
0 0.732422 0.519531 0.054688 0.046875
0 0.515625 0.880859 0.054688 0.050781
0 0.134766 0.209961 0.046875 0.037109
1 0.565430 0.366211 0.244141 0.263672
1 0.320312 0.637695 0.261719 0.173828
1 0.877930 0.633789 0.208984 0.166016
1 0.166016 0.098633 0.230469 0.166016
1 0.591797 0.750977 0.140625 0.142578
1 0.875000 0.276367 0.179688 0.150391
1 0.199219 0.341797 0.214844 0.171875
1 0.188477 0.845703 0.201172 0.140625