0 0.598633 0.938477 0.052734 0.037109
0 0.371094 0.170898 0.054688 0.048828
0 0.063477 0.617188 0.044922 0.050781
0 0.054688 0.274414 0.035156 0.044922
0 0.447266 0.171875 0.058594 0.035156
0 0.052734 0.821289 0.039062 0.037109
0 0.045898 0.193359 0.048828 0.031250
0 0.366211 0.350586 0.044922 0.052734
0 0.352539 0.091797 0.056641 0.054688
0 0.496094 0.598633 0.039062 0.041016
0 0.081055 0.880859 0.037109 0.039062
0 0.546875 0.338867 0.042969 0.048828
0 0.636719 0.692383 0.058594 0.037109
0 0.742188 0.305664 0.058594 0.041016
0 0.132812 0.824219 0.050781 0.046875
0 0.096680 0.218750 0.033203 0.042969
0 0.826172 0.882812 0.039062 0.042969
0 0.124023 0.615234 0.044922 0.039062
0 0.762695 0.227539 0.041016 0.056641
0 0.820312 0.200195 0.039062 0.052734
0 0.177734 0.432617 0.050781 0.044922
0 0.243164 0.444336 0.033203 0.044922
0 0.397461 0.557617 0.041016 0.037109
0 0.393555 0.429688 0.041016 0.035156
0 0.125977 0.047852 0.048828 0.056641
0 0.259766 0.081055 0.050781 0.037109
0 0.431641 0.112305 0.046875 0.052734
0 0.036133 0.948242 0.041016 0.048828
0 0.864258 0.263672 0.048828 0.039062
0 0.660156 0.347656 0.050781 0.039062
0 0.094727 0.683594 0.041016 0.042969
0 0.347656 0.933594 0.035156 0.042969
0 0.827148 0.122070 0.044922 0.048828
0 0.958008 0.910156 0.052734 0.031250
0 0.122070 0.490234 0.044922 0.046875
0 0.064453 0.496094 0.054688 0.054688
0 0.223633 0.142578 0.041016 0.035156
0 0.889648 0.204102 0.041016 0.033203
0 0.499023 0.285156 0.033203 0.050781
0 0.692383 0.927734 0.056641 0.031250
0 0.454102 0.328125 0.037109 0.050781
0 0.487305 0.832031 0.037109 0.058594
0 0.135742 0.107422 0.037109 0.039062
1 0.658203 0.541992 0.222656 0.244141
1 0.244141 0.277344 0.179688 0.207031
1 0.625977 0.141602 0.185547 0.232422
1 0.266602 0.591797 0.166016 0.199219
1 0.630859 0.795898 0.210938 0.154297
1 0.304688 0.821289 0.265625 0.154297
1 0.881836 0.439453 0.169922 0.269531
1 0.894531 0.739258 0.144531 0.228516