0 0.865625 0.248611 0.015625 0.027778
0 0.530859 0.048611 0.027344 0.027778
0 0.690234 0.651389 0.022656 0.050000
0 0.847266 0.122222 0.019531 0.036111
0 0.736328 0.861806 0.027344 0.040278
0 0.530859 0.488194 0.025781 0.034722
0 0.414844 0.850000 0.015625 0.050000
0 0.108594 0.373611 0.020313 0.030556
0 0.242969 0.425694 0.017188 0.040278
0 0.337500 0.315972 0.018750 0.026389
0 0.593750 0.933333 0.014063 0.041667
0 0.465625 0.419444 0.025000 0.027778
0 0.250000 0.950000 0.026562 0.027778
0 0.815625 0.098611 0.023438 0.033333
0 0.420312 0.728472 0.026562 0.043056
0 0.373047 0.913889 0.024219 0.036111
0 0.339453 0.943056 0.027344 0.038889
0 0.270703 0.099306 0.024219 0.029167
0 0.735938 0.075694 0.014063 0.048611
0 0.632812 0.788889 0.023438 0.044444
0 0.688672 0.757639 0.021094 0.031944
0 0.311328 0.154167 0.017969 0.030556
0 0.146094 0.541667 0.015625 0.033333
0 0.416406 0.279167 0.028125 0.041667
0 0.258203 0.258333 0.017969 0.038889
0 0.429688 0.130556 0.023438 0.038889
0 0.030859 0.040278 0.022656 0.044444
0 0.762109 0.906250 0.027344 0.037500
0 0.410547 0.355556 0.025781 0.033333
0 0.485156 0.859028 0.025000 0.048611
0 0.373047 0.229861 0.016406 0.045833
0 0.514062 0.443056 0.017188 0.041667
0 0.038672 0.851389 0.014844 0.025000
0 0.871484 0.927083 0.017969 0.040278
0 0.365625 0.147222 0.014063 0.044444
0 0.067187 0.373611 0.021875 0.044444
0 0.593359 0.068056 0.014844 0.047222
0 0.167187 0.513194 0.014063 0.045833
0 0.466406 0.509722 0.026562 0.050000
0 0.659375 0.717361 0.017188 0.026389
0 0.652734 0.911111 0.025781 0.038889
0 0.555078 0.863889 0.017969 0.047222
0 0.930469 0.458333 0.028125 0.044444
0 0.412109 0.786806 0.027344 0.034722
0 0.848047 0.938889 0.022656 0.027778
0 0.400781 0.662500 0.023438 0.036111
0 0.462891 0.259028 0.022656 0.031944
0 0.332813 0.403472 0.025000 0.029167
0 0.451172 0.679167 0.016406 0.030556
0 0.932031 0.568056 0.023438 0.033333
0 0.973828 0.335417 0.027344 0.026389
0 0.537891 0.929861 0.021094 0.037500
0 0.268359 0.454167 0.014844 0.044444
0 0.380078 0.503472 0.024219 0.037500
0 0.906250 0.347222 0.026562 0.030556
0 0.489063 0.337500 0.026562 0.027778
0 0.114844 0.540278 0.026562 0.036111
0 0.450781 0.078472 0.017188 0.029167
0 0.709766 0.063889 0.025781 0.047222
0 0.643359 0.859722 0.024219 0.027778
0 0.135156 0.498611 0.014063 0.036111
0 0.980859 0.286806 0.014844 0.029167
0 0.728516 0.804167 0.024219 0.038889
0 0.322266 0.481250 0.024219 0.034722
0 0.165234 0.434722 0.022656 0.047222
0 0.664062 0.598611 0.017188 0.047222
0 0.942187 0.502083 0.026562 0.026389
0 0.309375 0.206250 0.026562 0.048611
0 0.844922 0.370833 0.025781 0.027778
0 0.744531 0.185417 0.028125 0.029167
0 0.220703 0.593056 0.014844 0.027778
0 0.973828 0.940278 0.025781 0.050000
0 0.290234 0.336111 0.022656 0.050000
0 0.865625 0.184028 0.023438 0.043056
0 0.298047 0.081250 0.016406 0.037500
0 0.279297 0.186806 0.021094 0.048611
0 0.686328 0.919444 0.014844 0.044444
0 0.046094 0.631250 0.025000 0.031944
0 0.396484 0.437500 0.022656 0.050000
0 0.765234 0.036111 0.016406 0.038889
0 0.808594 0.167361 0.017188 0.045833
0 0.842969 0.297917 0.021875 0.029167
0 0.769141 0.786111 0.019531 0.036111
0 0.469531 0.945139 0.017188 0.048611
0 0.728125 0.721528 0.015625 0.040278
0 0.967969 0.691667 0.028125 0.030556
0 0.921875 0.245139 0.015625 0.029167
0 0.903516 0.924306 0.022656 0.029167
0 0.464844 0.791667 0.028125 0.036111
0 0.705078 0.853472 0.019531 0.031944
0 0.496094 0.215278 0.026562 0.027778
0 0.481641 0.084722 0.016406 0.033333
0 0.966797 0.211806 0.024219 0.037500
0 0.950391 0.375000 0.022656 0.033333
0 0.735938 0.661806 0.014063 0.029167
0 0.334375 0.196528 0.014063 0.048611
0 0.650781 0.663889 0.028125 0.050000
1 0.776172 0.367361 0.096094 0.179167
1 0.630469 0.458333 0.139063 0.202778
1 0.145313 0.779861 0.148438 0.262500
1 0.864062 0.778472 0.157812 0.181944
1 0.552344 0.713889 0.125000 0.213889
1 0.159766 0.175694 0.125781 0.237500
1 0.309766 0.734028 0.124219 0.293056