0 0.039453 0.927778 0.025781 0.036111
0 0.318750 0.558333 0.025000 0.025000
0 0.816016 0.552778 0.017969 0.050000
0 0.323047 0.311111 0.014844 0.030556
0 0.729688 0.146528 0.025000 0.048611
0 0.126562 0.171528 0.028125 0.040278
0 0.255859 0.156250 0.027344 0.043056
0 0.967578 0.463889 0.016406 0.038889
0 0.846875 0.935417 0.023438 0.034722
0 0.832812 0.076389 0.025000 0.030556
0 0.941406 0.282639 0.026562 0.037500
0 0.176563 0.161111 0.020313 0.050000
0 0.341016 0.427083 0.022656 0.037500
0 0.521875 0.308333 0.026562 0.030556
0 0.318750 0.081250 0.018750 0.026389
0 0.403906 0.080556 0.023438 0.041667
0 0.780469 0.069444 0.018750 0.030556
0 0.804297 0.838194 0.017969 0.026389
0 0.965625 0.818750 0.014063 0.037500
0 0.367969 0.953472 0.026562 0.026389
0 0.616406 0.927083 0.018750 0.045833
0 0.733984 0.933333 0.022656 0.025000
0 0.374219 0.239583 0.014063 0.037500
0 0.628125 0.031250 0.026562 0.029167
0 0.333984 0.163194 0.016406 0.048611
0 0.779297 0.441667 0.019531 0.050000
0 0.590234 0.872222 0.016406 0.033333
0 0.822266 0.944444 0.017969 0.044444
0 0.888672 0.908333 0.019531 0.047222
0 0.483984 0.918056 0.014844 0.027778
0 0.097266 0.093056 0.019531 0.041667
0 0.083984 0.220833 0.017969 0.038889
0 0.906250 0.365972 0.021875 0.043056
0 0.027344 0.304861 0.023438 0.031944
0 0.870703 0.802778 0.024219 0.041667
0 0.444531 0.928472 0.017188 0.031944
0 0.808594 0.463889 0.028125 0.025000
0 0.081250 0.856250 0.015625 0.026389
0 0.890625 0.736111 0.026562 0.047222
0 0.601562 0.783333 0.014063 0.033333
0 0.530469 0.850000 0.025000 0.047222
0 0.847266 0.151389 0.025781 0.025000
0 0.956641 0.046528 0.017969 0.029167
0 0.444141 0.543056 0.025781 0.033333
0 0.764844 0.641667 0.014063 0.033333
0 0.725781 0.056250 0.017188 0.043056
0 0.030078 0.879861 0.021094 0.048611
0 0.263281 0.072917 0.018750 0.029167
0 0.245703 0.865972 0.027344 0.026389
0 0.514453 0.479167 0.027344 0.027778
0 0.978516 0.575000 0.024219 0.033333
0 0.566406 0.752778 0.021875 0.041667
0 0.934766 0.591667 0.014844 0.044444
0 0.322656 0.272222 0.020313 0.030556
0 0.753125 0.794444 0.025000 0.038889
0 0.917969 0.322222 0.014063 0.027778
0 0.468359 0.105556 0.025781 0.025000
0 0.514844 0.044444 0.017188 0.050000
0 0.918359 0.222222 0.024219 0.047222
0 0.076172 0.918750 0.017969 0.045833
0 0.182812 0.240972 0.015625 0.026389
0 0.781250 0.843056 0.018750 0.050000
0 0.318359 0.369444 0.021094 0.036111
0 0.928125 0.789583 0.020313 0.029167
0 0.429688 0.172917 0.014063 0.034722
0 0.512891 0.373611 0.025781 0.030556
0 0.037500 0.155556 0.025000 0.027778
0 0.330078 0.968056 0.016406 0.030556
0 0.428125 0.831250 0.020313 0.040278
0 0.812109 0.634722 0.022656 0.047222
0 0.898438 0.631944 0.021875 0.027778
0 0.921094 0.486111 0.020313 0.027778
0 0.704297 0.114583 0.017969 0.031944
0 0.063281 0.716667 0.021875 0.044444
0 0.246484 0.234722 0.016406 0.036111
0 0.701172 0.042361 0.024219 0.029167
0 0.888281 0.275000 0.014063 0.044444
0 0.058203 0.868056 0.016406 0.033333
0 0.842578 0.570833 0.022656 0.050000
0 0.932813 0.653472 0.026562 0.026389
0 0.167578 0.068056 0.022656 0.033333
0 0.267969 0.903472 0.015625 0.031944
0 0.226953 0.922917 0.021094 0.048611
0 0.366797 0.449306 0.014844 0.048611
1 0.613672 0.615278 0.169531 0.191667
1 0.439844 0.394444 0.106250 0.241667
1 0.115234 0.350694 0.099219 0.195833
1 0.452734 0.705556 0.124219 0.186111
1 0.189844 0.660417 0.162500 0.298611
1 0.607812 0.329167 0.132812 0.300000
1 0.792578 0.314583 0.164844 0.170833
1 0.247656 0.368750 0.104688 0.184722