0 0.961914 0.848633 0.033203 0.056641
0 0.717773 0.247070 0.044922 0.033203
0 0.062500 0.166992 0.042969 0.037109
0 0.584961 0.442383 0.044922 0.037109
0 0.114258 0.564453 0.052734 0.031250
0 0.177734 0.255859 0.058594 0.039062
0 0.137695 0.149414 0.044922 0.052734
0 0.125977 0.421875 0.044922 0.046875
0 0.343750 0.814453 0.042969 0.031250
0 0.900391 0.210938 0.046875 0.042969
0 0.906250 0.681641 0.035156 0.046875
0 0.280273 0.865234 0.056641 0.054688
0 0.670898 0.333984 0.037109 0.054688
0 0.899414 0.103516 0.037109 0.035156
0 0.951172 0.583984 0.050781 0.042969
0 0.820312 0.128906 0.035156 0.039062
0 0.288086 0.140625 0.048828 0.031250
0 0.486328 0.458008 0.046875 0.033203
0 0.464844 0.911133 0.054688 0.033203
0 0.215820 0.342773 0.044922 0.037109
0 0.095703 0.476562 0.035156 0.031250
0 0.400391 0.867188 0.058594 0.035156
0 0.243164 0.266602 0.037109 0.056641
0 0.195312 0.093750 0.039062 0.031250
0 0.657227 0.248047 0.037109 0.031250
0 0.078125 0.624023 0.035156 0.041016
0 0.271484 0.069336 0.039062 0.044922
0 0.892578 0.330078 0.039062 0.031250
0 0.785156 0.235352 0.042969 0.044922
0 0.319336 0.948242 0.044922 0.044922
0 0.727539 0.690430 0.056641 0.056641
0 0.376953 0.703125 0.039062 0.042969
0 0.259766 0.943359 0.035156 0.042969
0 0.608398 0.900391 0.056641 0.039062
0 0.937500 0.511719 0.031250 0.039062
0 0.602539 0.815430 0.044922 0.033203
0 0.340820 0.890625 0.041016 0.046875
0 0.540039 0.822266 0.056641 0.058594
0 0.268555 0.793945 0.033203 0.044922
0 0.312500 0.734375 0.035156 0.039062
0 0.860352 0.610352 0.048828 0.033203
0 0.049805 0.440430 0.033203 0.044922
0 0.599609 0.288086 0.054688 0.033203
0 0.826172 0.311523 0.039062 0.056641
0 0.245117 0.212891 0.048828 0.031250
1 0.518555 0.653320 0.212891 0.248047
1 0.696289 0.129883 0.169922 0.138672
1 0.124023 0.841797 0.212891 0.226562
1 0.262695 0.517578 0.212891 0.234375
1 0.764648 0.483398 0.205078 0.185547
1 0.807617 0.857422 0.189453 0.148438
1 0.423828 0.187500 0.203125 0.230469