0 0.853516 0.463867 0.035156 0.033203
0 0.729492 0.812500 0.044922 0.039062
0 0.281250 0.593750 0.058594 0.035156
0 0.953125 0.841797 0.035156 0.039062
0 0.367188 0.782227 0.054688 0.056641
0 0.749023 0.575195 0.033203 0.041016
0 0.142578 0.547852 0.054688 0.048828
0 0.917969 0.615234 0.054688 0.050781
0 0.798828 0.041992 0.054688 0.033203
0 0.801758 0.671875 0.041016 0.042969
0 0.521484 0.164062 0.054688 0.058594
0 0.782227 0.175781 0.037109 0.050781
0 0.377930 0.687500 0.041016 0.042969
0 0.686523 0.912109 0.052734 0.046875
0 0.846680 0.257812 0.033203 0.050781
0 0.931641 0.158203 0.039062 0.058594
0 0.605469 0.910156 0.031250 0.042969
0 0.060547 0.052734 0.042969 0.050781
0 0.432617 0.117188 0.056641 0.039062
0 0.784180 0.919922 0.044922 0.058594
0 0.589844 0.099609 0.058594 0.031250
0 0.859375 0.350586 0.058594 0.033203
0 0.498047 0.064453 0.042969 0.046875
0 0.317383 0.697266 0.041016 0.046875
0 0.488281 0.904297 0.042969 0.054688
0 0.855469 0.732422 0.039062 0.035156
0 0.802734 0.339844 0.035156 0.050781
0 0.620117 0.811523 0.037109 0.048828
0 0.430664 0.631836 0.044922 0.041016
0 0.586914 0.194336 0.052734 0.056641
0 0.912109 0.285156 0.042969 0.058594
0 0.069336 0.211914 0.044922 0.044922
0 0.875977 0.134766 0.033203 0.054688
0 0.486328 0.240234 0.046875 0.039062
0 0.394531 0.203125 0.054688 0.058594
0 0.658203 0.056641 0.046875 0.039062
0 0.822266 0.395508 0.046875 0.033203
0 0.660156 0.158203 0.046875 0.039062
0 0.916016 0.540039 0.042969 0.044922
0 0.518555 0.745117 0.041016 0.041016
0 0.264648 0.834961 0.048828 0.037109
0 0.756836 0.120117 0.041016 0.041016
0 0.591797 0.513672 0.058594 0.031250
0 0.727539 0.746094 0.037109 0.050781
0 0.951172 0.076172 0.031250 0.035156
0 0.413086 0.515625 0.052734 0.039062
0 0.792969 0.554688 0.039062 0.054688
0 0.441406 0.764648 0.046875 0.048828
0 0.811523 0.619141 0.044922 0.046875
0 0.859375 0.943359 0.054688 0.035156
1 0.152344 0.708008 0.152344 0.255859
1 0.590820 0.619141 0.205078 0.156250
1 0.136719 0.412109 0.238281 0.195312
1 0.653320 0.362305 0.208984 0.236328
1 0.248047 0.152344 0.136719 0.273438
1 0.432617 0.363281 0.177734 0.191406