0 0.850000 0.461806 0.018750 0.040278
0 0.195703 0.138194 0.027344 0.048611
0 0.082031 0.935417 0.014063 0.048611
0 0.401172 0.389583 0.016406 0.031944
0 0.708984 0.046528 0.019531 0.048611
0 0.709375 0.140972 0.025000 0.031944
0 0.319141 0.619444 0.014844 0.036111
0 0.050781 0.747917 0.017188 0.048611
0 0.203516 0.545139 0.014844 0.048611
0 0.120703 0.407639 0.016406 0.037500
0 0.772266 0.250694 0.024219 0.043056
0 0.803125 0.927083 0.023438 0.048611
0 0.971094 0.746528 0.018750 0.040278
0 0.789453 0.119444 0.017969 0.036111
0 0.075391 0.039583 0.016406 0.034722
0 0.056250 0.530556 0.020313 0.044444
0 0.442578 0.354167 0.022656 0.038889
0 0.704688 0.438194 0.026562 0.048611
0 0.103125 0.829167 0.014063 0.030556
0 0.392578 0.452083 0.027344 0.048611
0 0.331250 0.138889 0.021875 0.038889
0 0.383594 0.515972 0.028125 0.037500
0 0.049609 0.670139 0.014844 0.029167
0 0.752734 0.313889 0.019531 0.038889
0 0.696484 0.292361 0.022656 0.031944
0 0.406641 0.286806 0.024219 0.031944
0 0.236719 0.056944 0.023438 0.047222
0 0.443750 0.156250 0.025000 0.034722
0 0.925391 0.511111 0.024219 0.041667
0 0.114844 0.052778 0.021875 0.033333
0 0.680859 0.416667 0.014844 0.041667
0 0.620313 0.504861 0.020313 0.048611
0 0.164062 0.080556 0.015625 0.050000
0 0.355078 0.200694 0.021094 0.040278
0 0.658984 0.893750 0.021094 0.045833
0 0.039453 0.227083 0.017969 0.048611
0 0.671484 0.251389 0.014844 0.038889
0 0.665625 0.469444 0.025000 0.044444
0 0.407422 0.936111 0.014844 0.030556
0 0.074219 0.241667 0.026562 0.027778
0 0.820703 0.268750 0.025781 0.048611
0 0.087891 0.343750 0.027344 0.048611
0 0.431641 0.300000 0.016406 0.025000
0 0.046094 0.621528 0.025000 0.029167
0 0.712891 0.945139 0.024219 0.045833
0 0.312109 0.038194 0.024219 0.040278
0 0.768359 0.197222 0.027344 0.047222
0 0.100000 0.498611 0.020313 0.041667
0 0.387891 0.228472 0.024219 0.037500
0 0.231641 0.145139 0.022656 0.048611
0 0.817578 0.336111 0.014844 0.041667
0 0.226172 0.197222 0.019531 0.041667
0 0.016797 0.061111 0.014844 0.041667
0 0.092188 0.631250 0.020313 0.043056
0 0.306641 0.285417 0.021094 0.043056
0 0.962891 0.482639 0.027344 0.034722
0 0.939844 0.666667 0.014063 0.025000
0 0.907813 0.433333 0.028125 0.036111
0 0.401953 0.336806 0.024219 0.029167
0 0.967969 0.662500 0.017188 0.030556
0 0.863281 0.310417 0.026562 0.031944
0 0.346875 0.842361 0.025000 0.040278
0 0.971094 0.321528 0.015625 0.043056
0 0.267578 0.104861 0.024219 0.045833
0 0.751172 0.111806 0.027344 0.031944
0 0.044922 0.070139 0.019531 0.029167
0 0.781641 0.415278 0.016406 0.030556
0 0.342187 0.671528 0.020313 0.026389
0 0.159766 0.191667 0.024219 0.033333
0 0.346875 0.741667 0.026562 0.047222
0 0.423828 0.229861 0.014844 0.048611
0 0.955859 0.627083 0.017969 0.026389
0 0.494922 0.947222 0.025781 0.030556
0 0.367969 0.115972 0.026562 0.040278
0 0.875781 0.406250 0.028125 0.034722
0 0.462500 0.950694 0.026562 0.040278
0 0.036719 0.454167 0.020313 0.050000
0 0.061328 0.347917 0.016406 0.048611
0 0.646484 0.132639 0.016406 0.040278
0 0.641797 0.086111 0.017969 0.038889
1 0.532813 0.228472 0.137500 0.281944
1 0.836328 0.705556 0.152344 0.291667
1 0.312891 0.453472 0.096094 0.248611
1 0.529297 0.812500 0.153906 0.166667
1 0.899219 0.139583 0.145313 0.193056
1 0.229687 0.779861 0.168750 0.262500
1 0.515625 0.550000 0.159375 0.233333
1 0.189453 0.347917 0.096094 0.229167