0 0.030859 0.272917 0.017969 0.040278
0 0.442969 0.165278 0.018750 0.038889
0 0.659766 0.705556 0.019531 0.030556
0 0.239063 0.202083 0.025000 0.026389
0 0.964063 0.855556 0.026562 0.036111
0 0.663672 0.948611 0.024219 0.050000
0 0.427734 0.233333 0.017969 0.041667
0 0.818359 0.879861 0.025781 0.043056
0 0.094141 0.230556 0.024219 0.036111
0 0.536328 0.952083 0.025781 0.045833
0 0.053125 0.197917 0.023438 0.029167
0 0.755859 0.740278 0.021094 0.036111
0 0.406641 0.088194 0.022656 0.034722
0 0.334766 0.327778 0.021094 0.027778
0 0.043359 0.786806 0.027344 0.031944
0 0.673047 0.812500 0.017969 0.047222
0 0.975391 0.922917 0.022656 0.040278
0 0.479687 0.192361 0.014063 0.043056
0 0.126562 0.920833 0.026562 0.050000
0 0.677344 0.037500 0.023438 0.025000
0 0.141797 0.801389 0.025781 0.033333
0 0.062891 0.652778 0.022656 0.047222
0 0.625000 0.108333 0.018750 0.041667
0 0.774219 0.642361 0.015625 0.045833
0 0.969531 0.779167 0.028125 0.033333
0 0.801172 0.233333 0.014844 0.050000
0 0.724219 0.113194 0.026562 0.048611
0 0.496094 0.325000 0.026562 0.033333
0 0.931641 0.963194 0.017969 0.026389
0 0.078516 0.712500 0.024219 0.047222
0 0.504297 0.181944 0.024219 0.047222
0 0.457031 0.223611 0.023438 0.041667
0 0.979297 0.035417 0.017969 0.031944
0 0.461719 0.058333 0.020313 0.033333
0 0.098828 0.768056 0.024219 0.025000
0 0.125000 0.073611 0.018750 0.044444
0 0.025391 0.665972 0.025781 0.029167
0 0.487500 0.967361 0.025000 0.029167
0 0.086719 0.893750 0.028125 0.037500
0 0.757812 0.086111 0.018750 0.050000
0 0.523047 0.036806 0.025781 0.031944
0 0.020703 0.893750 0.017969 0.026389
0 0.263672 0.877083 0.019531 0.029167
0 0.817187 0.947917 0.025000 0.026389
0 0.257031 0.490972 0.018750 0.037500
0 0.635156 0.042361 0.026562 0.048611
0 0.686719 0.570833 0.017188 0.036111
0 0.200781 0.938194 0.028125 0.045833
0 0.460938 0.099306 0.021875 0.037500
0 0.208203 0.886111 0.027344 0.033333
0 0.743750 0.631250 0.028125 0.026389
0 0.763672 0.165278 0.017969 0.038889
0 0.077344 0.129167 0.021875 0.036111
0 0.241406 0.301389 0.014063 0.027778
0 0.891797 0.945833 0.017969 0.041667
0 0.719531 0.766667 0.028125 0.044444
0 0.735547 0.926389 0.016406 0.033333
0 0.416016 0.344444 0.027344 0.025000
0 0.727344 0.227778 0.028125 0.047222
0 0.235547 0.163889 0.022656 0.038889
0 0.080859 0.854167 0.019531 0.027778
0 0.350000 0.393750 0.020313 0.026389
0 0.073438 0.759722 0.020313 0.036111
0 0.413281 0.129861 0.014063 0.026389
0 0.283203 0.415278 0.019531 0.044444
0 0.444141 0.352778 0.017969 0.050000
0 0.730469 0.706944 0.020313 0.025000
0 0.038672 0.940278 0.021094 0.030556
0 0.028906 0.106944 0.014063 0.025000
0 0.141016 0.702778 0.014844 0.050000
1 0.623828 0.304861 0.167969 0.243056
1 0.893750 0.155556 0.139063 0.202778
1 0.398438 0.818056 0.151562 0.230556
1 0.138672 0.422917 0.158594 0.268056
1 0.890625 0.419444 0.128125 0.269444
1 0.577344 0.693056 0.129688 0.305556
1 0.338672 0.199306 0.100781 0.181944
1 0.400391 0.532639 0.158594 0.231944
1 0.853125 0.725694 0.103125 0.248611