0 0.907031 0.930556 0.020313 0.044444
0 0.279297 0.738194 0.025781 0.034722
0 0.760938 0.700694 0.026562 0.031944
0 0.240234 0.208333 0.021094 0.044444
0 0.483594 0.679167 0.017188 0.044444
0 0.455859 0.908333 0.016406 0.041667
0 0.558594 0.137500 0.021875 0.027778
0 0.573047 0.421528 0.024219 0.043056
0 0.868359 0.912500 0.014844 0.030556
0 0.713672 0.803472 0.016406 0.029167
0 0.063281 0.648611 0.018750 0.044444
0 0.164844 0.382639 0.028125 0.029167
0 0.651563 0.931944 0.015625 0.025000
0 0.309766 0.858333 0.016406 0.030556
0 0.878516 0.072917 0.022656 0.026389
0 0.089453 0.844444 0.019531 0.044444
0 0.505859 0.748611 0.016406 0.025000
0 0.909766 0.427778 0.024219 0.033333
0 0.502344 0.047917 0.014063 0.048611
0 0.663672 0.058333 0.019531 0.047222
0 0.023047 0.765278 0.024219 0.036111
0 0.522656 0.404167 0.023438 0.047222
0 0.760938 0.835417 0.018750 0.040278
0 0.485156 0.537500 0.014063 0.047222
0 0.496875 0.811111 0.014063 0.047222
0 0.513281 0.700694 0.026562 0.031944
0 0.913672 0.477778 0.027344 0.036111
0 0.297266 0.795139 0.017969 0.037500
0 0.118359 0.865278 0.014844 0.038889
0 0.192969 0.440972 0.025000 0.026389
0 0.116406 0.753472 0.023438 0.045833
0 0.047266 0.493750 0.017969 0.040278
0 0.565625 0.084722 0.025000 0.044444
0 0.960938 0.154861 0.015625 0.045833
0 0.035937 0.886806 0.023438 0.031944
0 0.935547 0.888194 0.024219 0.048611
0 0.534375 0.549306 0.014063 0.029167
0 0.051172 0.797917 0.016406 0.045833
0 0.853906 0.052778 0.018750 0.044444
0 0.482031 0.944444 0.015625 0.041667
0 0.392969 0.359028 0.020313 0.031944
0 0.441016 0.359722 0.024219 0.044444
0 0.519141 0.612500 0.027344 0.047222
0 0.887500 0.309722 0.017188 0.033333
0 0.575000 0.175000 0.015625 0.033333
0 0.802344 0.934722 0.015625 0.050000
0 0.753906 0.054167 0.021875 0.033333
0 0.213281 0.202778 0.020313 0.027778
0 0.582031 0.943750 0.014063 0.031944
0 0.064062 0.362500 0.021875 0.033333
0 0.245312 0.890972 0.021875 0.048611
0 0.470313 0.312500 0.014063 0.047222
0 0.194141 0.325694 0.014844 0.040278
0 0.428125 0.963194 0.020313 0.029167
0 0.564844 0.039583 0.021875 0.034722
0 0.022656 0.844444 0.026562 0.033333
0 0.207422 0.730556 0.017969 0.036111
0 0.914844 0.199306 0.026562 0.045833
0 0.251563 0.070139 0.028125 0.045833
0 0.520312 0.868750 0.023438 0.026389
0 0.273828 0.408333 0.027344 0.050000
0 0.212109 0.341667 0.014844 0.033333
0 0.511719 0.454167 0.018750 0.038889
0 0.920703 0.092361 0.022656 0.037500
0 0.033594 0.371528 0.025000 0.045833
0 0.264844 0.296528 0.020313 0.026389
0 0.245312 0.400000 0.014063 0.033333
0 0.772266 0.636111 0.022656 0.041667
0 0.808594 0.170139 0.023438 0.037500
0 0.274609 0.812500 0.019531 0.027778
0 0.553906 0.268750 0.018750 0.048611
0 0.966797 0.407639 0.027344 0.029167
1 0.370312 0.172917 0.170313 0.259722
1 0.383203 0.784722 0.100781 0.286111
1 0.112891 0.212500 0.125781 0.250000
1 0.655469 0.514583 0.110937 0.304167
1 0.872266 0.696528 0.133594 0.281944
1 0.377734 0.510417 0.157031 0.181944
1 0.691797 0.227778 0.096094 0.191667
1 0.176563 0.582639 0.167187 0.223611