0 0.657813 0.676389 0.026562 0.027778
0 0.039453 0.802083 0.021094 0.029167
0 0.632812 0.152083 0.025000 0.048611
0 0.039844 0.946528 0.018750 0.040278
0 0.848047 0.054167 0.019531 0.050000
0 0.523828 0.861111 0.019531 0.041667
0 0.663672 0.635417 0.014844 0.031944
0 0.097266 0.802778 0.024219 0.041667
0 0.948828 0.209722 0.022656 0.027778
0 0.581641 0.283333 0.025781 0.027778
0 0.103125 0.905556 0.017188 0.047222
0 0.562500 0.447917 0.021875 0.043056
0 0.896094 0.196528 0.021875 0.048611
0 0.026953 0.704167 0.017969 0.025000
0 0.874609 0.081944 0.016406 0.025000
0 0.900781 0.292361 0.026562 0.040278
0 0.397266 0.913889 0.017969 0.047222
0 0.315625 0.209028 0.023438 0.043056
0 0.548047 0.954861 0.014844 0.045833
0 0.105078 0.068750 0.022656 0.029167
0 0.776563 0.042361 0.026562 0.045833
0 0.371875 0.506250 0.020313 0.026389
0 0.169531 0.511111 0.017188 0.036111
0 0.021875 0.106944 0.018750 0.033333
0 0.462500 0.178472 0.028125 0.034722
0 0.536719 0.469444 0.021875 0.050000
0 0.303516 0.391667 0.016406 0.027778
0 0.048047 0.612500 0.021094 0.033333
0 0.195703 0.420833 0.025781 0.033333
0 0.355078 0.230556 0.027344 0.025000
0 0.606641 0.193056 0.017969 0.044444
0 0.037109 0.565278 0.022656 0.050000
0 0.895703 0.136806 0.019531 0.040278
0 0.173828 0.065278 0.027344 0.044444
0 0.205859 0.129861 0.017969 0.040278
0 0.026562 0.366667 0.023438 0.036111
0 0.601953 0.396528 0.025781 0.043056
0 0.157031 0.909028 0.017188 0.045833
0 0.321094 0.927778 0.017188 0.036111
0 0.350391 0.067361 0.016406 0.031944
0 0.561719 0.324306 0.015625 0.043056
0 0.052734 0.186806 0.022656 0.040278
0 0.327734 0.127083 0.024219 0.048611
0 0.624219 0.694444 0.025000 0.044444
0 0.664453 0.417361 0.024219 0.034722
0 0.200000 0.172222 0.017188 0.025000
0 0.400000 0.170833 0.015625 0.044444
0 0.047656 0.899306 0.018750 0.031944
0 0.978906 0.832639 0.023438 0.029167
0 0.262109 0.237500 0.024219 0.047222
0 0.958203 0.709722 0.022656 0.038889
0 0.926953 0.058333 0.017969 0.044444
0 0.292969 0.087500 0.025000 0.025000
0 0.128125 0.154167 0.020313 0.047222
0 0.536719 0.401389 0.028125 0.033333
0 0.493359 0.873611 0.025781 0.044444
0 0.537500 0.093056 0.023438 0.033333
0 0.523438 0.182639 0.026562 0.037500
0 0.359766 0.353472 0.027344 0.048611
0 0.076563 0.072917 0.023438 0.034722
0 0.752344 0.870833 0.028125 0.036111
0 0.114062 0.510417 0.020313 0.048611
0 0.375391 0.072222 0.022656 0.036111
0 0.479297 0.093750 0.022656 0.031944
0 0.350000 0.304167 0.021875 0.030556
0 0.539062 0.261111 0.015625 0.050000
0 0.191406 0.961111 0.025000 0.030556
0 0.391797 0.662500 0.021094 0.025000
0 0.976172 0.055556 0.022656 0.050000
0 0.404297 0.088889 0.027344 0.036111
0 0.449609 0.876389 0.019531 0.025000
0 0.395313 0.569444 0.014063 0.033333
0 0.668750 0.587500 0.018750 0.044444
0 0.375391 0.449306 0.017969 0.048611
0 0.753906 0.804861 0.014063 0.029167
0 0.237891 0.164583 0.022656 0.037500
0 0.248828 0.321528 0.016406 0.037500
0 0.394141 0.527083 0.014844 0.037500
0 0.069531 0.820833 0.014063 0.030556
0 0.658203 0.500694 0.017969 0.048611
0 0.976953 0.940278 0.019531 0.025000
0 0.248828 0.410417 0.022656 0.043056
0 0.637109 0.291667 0.027344 0.050000
0 0.648438 0.097222 0.028125 0.044444
0 0.040234 0.761806 0.027344 0.031944
0 0.971094 0.344444 0.014063 0.038889
0 0.621484 0.586111 0.014844 0.050000
0 0.047656 0.134028 0.023438 0.029167
0 0.631250 0.357639 0.017188 0.043056
0 0.827344 0.965278 0.028125 0.030556
1 0.855859 0.781944 0.161719 0.275000
1 0.751563 0.238889 0.110937 0.194444
1 0.494922 0.676389 0.164844 0.302778
1 0.129297 0.664583 0.102344 0.201389
1 0.293359 0.808333 0.163281 0.180556
1 0.457031 0.370139 0.101562 0.223611
1 0.278516 0.574306 0.152344 0.231944
1 0.877734 0.478472 0.161719 0.229167
1 0.107813 0.347917 0.121875 0.248611