0 0.957031 0.429167 0.014063 0.030556
0 0.493750 0.138889 0.018750 0.030556
0 0.884766 0.663194 0.022656 0.031944
0 0.550781 0.631250 0.026562 0.045833
0 0.899219 0.904861 0.023438 0.040278
0 0.306641 0.866667 0.017969 0.036111
0 0.952344 0.690278 0.023438 0.025000
0 0.382031 0.126389 0.021875 0.036111
0 0.919531 0.960417 0.018750 0.037500
0 0.294141 0.768056 0.025781 0.050000
0 0.923438 0.827778 0.017188 0.044444
0 0.580859 0.343056 0.022656 0.047222
0 0.977734 0.063194 0.017969 0.040278
0 0.065234 0.799306 0.016406 0.037500
0 0.109375 0.205556 0.021875 0.027778
0 0.061328 0.727778 0.022656 0.041667
0 0.515234 0.513889 0.022656 0.030556
0 0.730078 0.567361 0.014844 0.029167
0 0.982031 0.565278 0.015625 0.038889
0 0.484766 0.810417 0.021094 0.048611
0 0.031250 0.822917 0.018750 0.045833
0 0.645703 0.111111 0.014844 0.047222
0 0.619141 0.112500 0.019531 0.047222
0 0.827734 0.640972 0.027344 0.045833
0 0.037500 0.660417 0.021875 0.037500
0 0.170313 0.060417 0.028125 0.034722
0 0.969531 0.236806 0.015625 0.037500
0 0.316797 0.262500 0.014844 0.047222
0 0.216406 0.043056 0.026562 0.030556
0 0.568750 0.806944 0.015625 0.025000
0 0.035156 0.540278 0.025000 0.030556
0 0.107422 0.945139 0.027344 0.029167
0 0.051172 0.104167 0.016406 0.047222
0 0.105078 0.258333 0.025781 0.038889
0 0.533984 0.758333 0.027344 0.033333
0 0.794922 0.072222 0.017969 0.030556
0 0.232422 0.926389 0.025781 0.025000
0 0.333594 0.777778 0.025000 0.027778
0 0.884766 0.601389 0.019531 0.027778
0 0.565625 0.846528 0.017188 0.029167
0 0.674219 0.952778 0.021875 0.038889
0 0.454688 0.934722 0.015625 0.025000
0 0.772266 0.647917 0.014844 0.029167
0 0.642188 0.509722 0.028125 0.025000
0 0.149219 0.193056 0.023438 0.027778
0 0.431641 0.823611 0.025781 0.030556
0 0.895312 0.358333 0.018750 0.038889
0 0.955078 0.922917 0.022656 0.037500
0 0.585938 0.883333 0.020313 0.033333
0 0.756641 0.175694 0.027344 0.031944
0 0.504687 0.701389 0.017188 0.044444
0 0.908594 0.073611 0.028125 0.036111
0 0.282422 0.925000 0.017969 0.036111
0 0.541797 0.577083 0.025781 0.045833
0 0.067969 0.640278 0.017188 0.047222
0 0.950391 0.562500 0.024219 0.038889
0 0.873047 0.361111 0.016406 0.033333
0 0.255859 0.828472 0.016406 0.031944
0 0.644531 0.854861 0.021875 0.045833
0 0.064062 0.288889 0.025000 0.050000
0 0.069141 0.426389 0.024219 0.027778
0 0.902344 0.454861 0.018750 0.043056
0 0.700000 0.100000 0.026562 0.038889
0 0.855859 0.677083 0.019531 0.031944
0 0.976953 0.825694 0.027344 0.043056
0 0.676953 0.831250 0.021094 0.037500
0 0.648438 0.903472 0.026562 0.037500
0 0.675000 0.049306 0.020313 0.026389
0 0.328516 0.168056 0.019531 0.033333
0 0.884766 0.506944 0.014844 0.047222
0 0.417578 0.430556 0.027344 0.047222
0 0.800391 0.938194 0.024219 0.040278
0 0.771484 0.959722 0.024219 0.027778
0 0.586328 0.498611 0.014844 0.038889
0 0.850781 0.963194 0.018750 0.031944
0 0.615234 0.954861 0.019531 0.034722
0 0.507812 0.646528 0.014063 0.034722
0 0.573828 0.202778 0.025781 0.047222
0 0.965234 0.734722 0.024219 0.030556
0 0.137109 0.936111 0.021094 0.041667
0 0.067578 0.912500 0.025781 0.033333
0 0.326172 0.318750 0.024219 0.031944
0 0.030078 0.438889 0.016406 0.044444
0 0.572266 0.447917 0.027344 0.040278
1 0.396484 0.584722 0.149219 0.244444
1 0.658203 0.345139 0.105469 0.259722
1 0.794531 0.492361 0.098437 0.204167
1 0.450000 0.288889 0.164062 0.186111
1 0.222266 0.350694 0.130469 0.268056
1 0.785547 0.816667 0.169531 0.169444
1 0.168359 0.704861 0.132031 0.270833
1 0.851172 0.231250 0.139844 0.176389