0 0.562891 0.450000 0.024219 0.047222
0 0.514062 0.651389 0.020313 0.047222
0 0.333203 0.931250 0.027344 0.045833
0 0.301172 0.031250 0.027344 0.029167
0 0.787500 0.054167 0.014063 0.041667
0 0.551562 0.192361 0.014063 0.034722
0 0.946875 0.692361 0.021875 0.034722
0 0.530469 0.060417 0.014063 0.031944
0 0.280859 0.759028 0.019531 0.043056
0 0.744922 0.552083 0.022656 0.040278
0 0.972266 0.311806 0.024219 0.048611
0 0.041406 0.073611 0.015625 0.027778
0 0.560937 0.077778 0.017188 0.027778
0 0.253516 0.346528 0.014844 0.026389
0 0.271484 0.882639 0.016406 0.034722
0 0.395313 0.056944 0.023438 0.044444
0 0.311719 0.800694 0.020313 0.040278
0 0.537891 0.564583 0.019531 0.043056
0 0.647656 0.511111 0.017188 0.044444
0 0.444922 0.353472 0.016406 0.040278
0 0.342969 0.152083 0.018750 0.026389
0 0.945703 0.383333 0.017969 0.038889
0 0.240234 0.960417 0.024219 0.045833
0 0.203906 0.147917 0.025000 0.045833
0 0.823828 0.646528 0.016406 0.043056
0 0.892969 0.072222 0.020313 0.044444
0 0.624219 0.040278 0.021875 0.038889
0 0.508984 0.515972 0.027344 0.034722
0 0.930469 0.225000 0.018750 0.047222
0 0.129297 0.047917 0.016406 0.037500
0 0.476562 0.458333 0.014063 0.047222
0 0.308203 0.165278 0.025781 0.025000
0 0.941406 0.737500 0.025000 0.044444
0 0.150391 0.906944 0.017969 0.033333
0 0.394922 0.263889 0.017969 0.036111
0 0.376172 0.166667 0.021094 0.050000
0 0.480469 0.259028 0.025000 0.031944
0 0.290625 0.629167 0.021875 0.025000
0 0.427734 0.202778 0.025781 0.036111
0 0.158203 0.343750 0.027344 0.048611
0 0.433984 0.109028 0.017969 0.034722
0 0.733203 0.601389 0.019531 0.047222
0 0.508984 0.587500 0.017969 0.030556
0 0.939063 0.471528 0.014063 0.031944
0 0.146875 0.427083 0.015625 0.031944
0 0.537109 0.736111 0.027344 0.047222
0 0.120313 0.940278 0.028125 0.036111
0 0.907422 0.169444 0.021094 0.030556
0 0.676953 0.456944 0.022656 0.025000
0 0.025781 0.383333 0.017188 0.027778
0 0.799609 0.621528 0.021094 0.034722
0 0.845703 0.609722 0.016406 0.025000
0 0.608984 0.506944 0.016406 0.050000
0 0.258594 0.561111 0.025000 0.025000
0 0.071484 0.399306 0.022656 0.040278
0 0.018359 0.525000 0.014844 0.036111
0 0.533594 0.367361 0.026562 0.040278
0 0.199609 0.300694 0.016406 0.045833
0 0.360156 0.242361 0.025000 0.031944
0 0.244922 0.515278 0.025781 0.047222
0 0.149219 0.585417 0.014063 0.040278
0 0.192188 0.565972 0.014063 0.043056
0 0.810547 0.556944 0.017969 0.036111
0 0.251563 0.112500 0.017188 0.027778
0 0.523047 0.869444 0.017969 0.038889
0 0.671094 0.409722 0.014063 0.033333
0 0.304688 0.079861 0.021875 0.037500
0 0.842187 0.067361 0.021875 0.026389
0 0.976953 0.209722 0.017969 0.047222
0 0.564844 0.353472 0.021875 0.026389
0 0.106250 0.575694 0.017188 0.048611
0 0.312109 0.277083 0.021094 0.034722
0 0.565234 0.804167 0.016406 0.033333
0 0.644922 0.442361 0.016406 0.029167
0 0.253516 0.156944 0.021094 0.038889
0 0.448437 0.663194 0.014063 0.031944
0 0.250000 0.424306 0.017188 0.037500
0 0.904687 0.209722 0.026562 0.036111
0 0.511328 0.454861 0.024219 0.031944
0 0.283203 0.254167 0.017969 0.044444
1 0.351562 0.459028 0.150000 0.184722
1 0.075391 0.728472 0.103906 0.229167
1 0.660937 0.234028 0.151562 0.204167
1 0.857031 0.827778 0.103125 0.241667
1 0.830078 0.297222 0.103906 0.305556
1 0.120703 0.164583 0.130469 0.176389
1 0.208594 0.725000 0.114062 0.166667
1 0.422656 0.813889 0.096875 0.219444