0 0.299609 0.118056 0.019531 0.027778
0 0.335938 0.829861 0.025000 0.026389
0 0.701953 0.665278 0.017969 0.025000
0 0.762500 0.509722 0.014063 0.033333
0 0.927734 0.754861 0.025781 0.045833
0 0.044922 0.070139 0.027344 0.045833
0 0.785937 0.176389 0.020313 0.033333
0 0.668359 0.821528 0.025781 0.048611
0 0.607031 0.061806 0.015625 0.031944
0 0.071094 0.077778 0.018750 0.030556
0 0.612109 0.905556 0.025781 0.025000
0 0.709766 0.583333 0.017969 0.041667
0 0.795703 0.090972 0.014844 0.029167
0 0.310156 0.159028 0.020313 0.034722
0 0.052344 0.936806 0.020313 0.034722
0 0.267578 0.170139 0.022656 0.043056
0 0.951172 0.929167 0.017969 0.047222
0 0.519531 0.813889 0.025000 0.027778
0 0.755469 0.470139 0.018750 0.029167
0 0.380469 0.083333 0.025000 0.033333
0 0.233594 0.107639 0.017188 0.029167
0 0.728125 0.641667 0.025000 0.050000
0 0.695703 0.085417 0.017969 0.043056
0 0.478125 0.561111 0.025000 0.038889
0 0.787891 0.611806 0.016406 0.031944
0 0.371875 0.207639 0.020313 0.048611
0 0.526953 0.568750 0.027344 0.040278
0 0.350781 0.928472 0.026562 0.045833
0 0.343359 0.629861 0.027344 0.034722
0 0.953516 0.418750 0.014844 0.048611
0 0.894922 0.168056 0.027344 0.036111
0 0.967578 0.090278 0.017969 0.030556
0 0.418750 0.954167 0.018750 0.030556
0 0.160156 0.527778 0.015625 0.044444
0 0.228906 0.281250 0.015625 0.040278
0 0.935156 0.851389 0.023438 0.033333
0 0.270313 0.277778 0.015625 0.027778
0 0.918750 0.940278 0.021875 0.033333
0 0.547266 0.852083 0.021094 0.037500
0 0.476172 0.942361 0.014844 0.040278
0 0.136719 0.500694 0.021875 0.026389
0 0.244922 0.479167 0.016406 0.038889
0 0.479297 0.212500 0.025781 0.050000
0 0.149609 0.039583 0.019531 0.045833
0 0.446875 0.928472 0.026562 0.045833
0 0.327734 0.243056 0.025781 0.027778
0 0.732812 0.850694 0.020313 0.048611
0 0.597266 0.422917 0.019531 0.034722
0 0.842969 0.036111 0.023438 0.038889
0 0.537109 0.954861 0.025781 0.043056
0 0.217969 0.431944 0.021875 0.027778
0 0.120313 0.050000 0.020313 0.050000
0 0.662891 0.918750 0.016406 0.034722
0 0.677344 0.765972 0.023438 0.045833
0 0.864844 0.600694 0.023438 0.034722
0 0.885938 0.065972 0.023438 0.045833
0 0.377344 0.274306 0.025000 0.040278
0 0.262109 0.088194 0.019531 0.034722
0 0.108203 0.956944 0.021094 0.030556
0 0.454297 0.490278 0.027344 0.030556
0 0.305078 0.649306 0.024219 0.026389
0 0.857812 0.140278 0.020313 0.044444
0 0.283984 0.588889 0.019531 0.033333
0 0.836328 0.571528 0.021094 0.031944
0 0.605859 0.822222 0.016406 0.027778
0 0.967969 0.306944 0.026562 0.041667
0 0.744531 0.041667 0.026562 0.044444
0 0.201172 0.373611 0.022656 0.025000
0 0.465234 0.375000 0.019531 0.030556
0 0.206250 0.566667 0.023438 0.047222
0 0.176953 0.291667 0.014844 0.030556
0 0.228516 0.365972 0.019531 0.037500
0 0.191016 0.213889 0.021094 0.041667
0 0.189844 0.511111 0.020313 0.041667
0 0.977734 0.589583 0.024219 0.048611
0 0.187891 0.085417 0.021094 0.043056
0 0.489063 0.291667 0.025000 0.044444
0 0.936328 0.040278 0.024219 0.030556
0 0.952734 0.138889 0.017969 0.047222
0 0.420312 0.241667 0.020313 0.041667
0 0.023438 0.934028 0.017188 0.034722
1 0.091406 0.242361 0.129688 0.256944
1 0.335156 0.441667 0.123438 0.183333
1 0.432422 0.750000 0.097656 0.263889
1 0.860938 0.399306 0.160938 0.287500
1 0.578125 0.188194 0.103125 0.190278
1 0.612500 0.632639 0.095312 0.268056
1 0.816016 0.786806 0.127344 0.301389
1 0.205078 0.763889 0.117969 0.302778