0 0.088867 0.742188 0.056641 0.058594
0 0.965820 0.251953 0.037109 0.058594
0 0.593750 0.362305 0.046875 0.037109
0 0.070312 0.549805 0.039062 0.048828
0 0.043945 0.353516 0.041016 0.046875
0 0.119141 0.078125 0.031250 0.031250
0 0.823242 0.458008 0.048828 0.037109
0 0.945312 0.611328 0.042969 0.058594
0 0.576172 0.065430 0.050781 0.041016
0 0.384766 0.325195 0.031250 0.037109
0 0.124023 0.208984 0.056641 0.039062
0 0.392578 0.875000 0.058594 0.035156
0 0.167969 0.051758 0.035156 0.048828
0 0.657227 0.541016 0.056641 0.050781
0 0.916992 0.843750 0.041016 0.054688
0 0.037109 0.851562 0.039062 0.035156
0 0.334961 0.631836 0.052734 0.033203
0 0.490234 0.864258 0.039062 0.052734
0 0.765625 0.583984 0.031250 0.039062
0 0.051758 0.652344 0.037109 0.058594
0 0.336914 0.144531 0.044922 0.042969
0 0.892578 0.933594 0.058594 0.031250
0 0.039062 0.182617 0.031250 0.056641
0 0.921875 0.082031 0.031250 0.031250
0 0.578125 0.317383 0.035156 0.037109
0 0.812500 0.933594 0.058594 0.031250
0 0.317383 0.767578 0.048828 0.054688
0 0.191406 0.111328 0.035156 0.054688
0 0.350586 0.701172 0.052734 0.035156
0 0.596680 0.793945 0.044922 0.037109
0 0.564453 0.698242 0.031250 0.044922
0 0.621094 0.183594 0.035156 0.035156
0 0.958984 0.178711 0.042969 0.052734
0 0.232422 0.116211 0.031250 0.056641
1 0.206055 0.563477 0.158203 0.208984
1 0.201172 0.346680 0.234375 0.177734
1 0.738281 0.754883 0.195312 0.271484
1 0.486328 0.199219 0.167969 0.167969
1 0.779297 0.326172 0.265625 0.207031
1 0.501953 0.487305 0.230469 0.197266
1 0.472656 0.719727 0.136719 0.146484
1 0.755859 0.129883 0.195312 0.138672
1 0.186523 0.883789 0.236328 0.162109