0 0.526367 0.857422 0.048828 0.035156
0 0.927734 0.625000 0.042969 0.031250
0 0.692383 0.944336 0.033203 0.041016
0 0.501953 0.367188 0.054688 0.031250
0 0.182617 0.387695 0.041016 0.056641
0 0.603516 0.840820 0.039062 0.033203
0 0.422852 0.362305 0.052734 0.033203
0 0.680664 0.486328 0.037109 0.046875
0 0.739258 0.433594 0.048828 0.054688
0 0.091797 0.604492 0.046875 0.041016
0 0.169922 0.724609 0.058594 0.031250
0 0.610352 0.895508 0.044922 0.048828
0 0.491211 0.433594 0.033203 0.031250
0 0.333984 0.232422 0.054688 0.039062
0 0.474609 0.724609 0.054688 0.035156
0 0.228516 0.099609 0.035156 0.054688
0 0.839844 0.585938 0.031250 0.054688
0 0.359375 0.066406 0.031250 0.031250
0 0.393555 0.256836 0.041016 0.052734
0 0.454102 0.181641 0.033203 0.058594
0 0.102539 0.057617 0.037109 0.056641
0 0.360352 0.173828 0.052734 0.042969
0 0.122070 0.958984 0.056641 0.042969
0 0.416016 0.123047 0.050781 0.039062
0 0.890625 0.563477 0.046875 0.052734
0 0.314453 0.878906 0.050781 0.058594
0 0.551758 0.962891 0.044922 0.031250
0 0.662109 0.310547 0.058594 0.058594
0 0.430664 0.937500 0.033203 0.058594
0 0.464844 0.527344 0.054688 0.046875
0 0.923828 0.672852 0.054688 0.037109
0 0.069336 0.430664 0.044922 0.044922
0 0.436523 0.821289 0.052734 0.044922
0 0.567383 0.426758 0.056641 0.041016
0 0.399414 0.753906 0.041016 0.039062
0 0.560547 0.757812 0.058594 0.031250
1 0.136719 0.228516 0.242188 0.144531
1 0.601562 0.144531 0.187500 0.257812
1 0.629883 0.592773 0.248047 0.150391
1 0.900391 0.433594 0.140625 0.187500
1 0.298828 0.546875 0.207031 0.187500
1 0.880859 0.833008 0.203125 0.263672
1 0.878906 0.171875 0.203125 0.234375
1 0.156250 0.833984 0.218750 0.160156