0 0.551562 0.245833 0.028125 0.050000
0 0.590234 0.225694 0.027344 0.026389
0 0.958203 0.406944 0.027344 0.050000
0 0.951562 0.525000 0.023438 0.050000
0 0.955469 0.803472 0.014063 0.040278
0 0.603125 0.308333 0.023438 0.027778
0 0.651172 0.686111 0.021094 0.038889
0 0.241797 0.675000 0.025781 0.030556
0 0.765234 0.781250 0.014844 0.048611
0 0.767188 0.924306 0.028125 0.026389
0 0.211719 0.906250 0.015625 0.043056
0 0.187891 0.802778 0.027344 0.033333
0 0.653125 0.761111 0.014063 0.036111
0 0.717578 0.740278 0.021094 0.030556
0 0.057813 0.772222 0.014063 0.047222
0 0.625781 0.304861 0.015625 0.037500
0 0.744531 0.845139 0.014063 0.029167
0 0.713672 0.854167 0.024219 0.047222
0 0.539453 0.295139 0.024219 0.029167
0 0.822266 0.958333 0.025781 0.025000
0 0.205078 0.097222 0.014844 0.047222
0 0.912500 0.396528 0.025000 0.043056
0 0.095703 0.931250 0.019531 0.048611
0 0.019922 0.890972 0.021094 0.045833
0 0.641406 0.855556 0.025000 0.038889
0 0.196875 0.704167 0.028125 0.027778
0 0.296094 0.147222 0.014063 0.041667
0 0.865625 0.373611 0.025000 0.030556
0 0.048047 0.340972 0.019531 0.026389
0 0.436719 0.084028 0.017188 0.045833
0 0.247656 0.903472 0.017188 0.034722
0 0.771484 0.302778 0.025781 0.047222
0 0.665625 0.102083 0.028125 0.034722
0 0.054688 0.911111 0.023438 0.025000
0 0.828516 0.361111 0.016406 0.027778
0 0.097656 0.836111 0.021875 0.036111
0 0.610938 0.404167 0.025000 0.041667
0 0.103516 0.065278 0.025781 0.030556
0 0.921875 0.965278 0.014063 0.033333
0 0.736328 0.081250 0.022656 0.048611
0 0.124609 0.870139 0.014844 0.031944
0 0.215625 0.545139 0.017188 0.034722
0 0.143750 0.116667 0.023438 0.044444
0 0.136328 0.952083 0.019531 0.043056
0 0.582422 0.106250 0.025781 0.034722
0 0.293359 0.085417 0.021094 0.031944
0 0.958203 0.919444 0.025781 0.041667
0 0.496484 0.213194 0.014844 0.031944
0 0.414453 0.120139 0.014844 0.034722
0 0.775000 0.861111 0.026562 0.027778
0 0.414062 0.188194 0.018750 0.026389
0 0.696484 0.584028 0.027344 0.045833
0 0.457031 0.752778 0.023438 0.047222
0 0.710547 0.400000 0.021094 0.038889
0 0.657031 0.224306 0.028125 0.031944
0 0.724609 0.219444 0.016406 0.047222
0 0.257812 0.520833 0.015625 0.044444
0 0.762109 0.206944 0.016406 0.047222
0 0.298438 0.941667 0.026562 0.030556
0 0.705469 0.452778 0.015625 0.038889
0 0.458984 0.188194 0.019531 0.034722
0 0.636719 0.563889 0.014063 0.044444
0 0.742969 0.509722 0.014063 0.033333
0 0.690625 0.929167 0.026562 0.047222
0 0.924609 0.677083 0.019531 0.037500
0 0.964063 0.713889 0.020313 0.036111
0 0.037109 0.277778 0.017969 0.033333
0 0.507812 0.050694 0.017188 0.040278
0 0.471484 0.088194 0.025781 0.034722
0 0.204297 0.455556 0.019531 0.038889
0 0.151953 0.795833 0.014844 0.025000
0 0.483984 0.146528 0.019531 0.037500
0 0.884375 0.500694 0.015625 0.045833
0 0.767969 0.045139 0.018750 0.045833
0 0.139453 0.752778 0.022656 0.033333
0 0.384375 0.045833 0.020313 0.027778
0 0.808594 0.736111 0.025000 0.036111
0 0.023828 0.395833 0.014844 0.041667
0 0.317188 0.211111 0.020313 0.033333
0 0.897266 0.331250 0.024219 0.043056
0 0.387500 0.948611 0.028125 0.050000
0 0.234375 0.061806 0.026562 0.026389
0 0.759766 0.377778 0.025781 0.027778
0 0.764062 0.098611 0.026562 0.038889
0 0.691016 0.231944 0.022656 0.033333
0 0.237500 0.146528 0.025000 0.045833
0 0.737891 0.168056 0.021094 0.033333
0 0.663672 0.178472 0.027344 0.034722
0 0.966406 0.575694 0.015625 0.037500
0 0.717187 0.650000 0.020313 0.025000
0 0.702344 0.288194 0.021875 0.026389
0 0.267188 0.162500 0.014063 0.027778
0 0.641797 0.955556 0.019531 0.033333
0 0.230078 0.438194 0.017969 0.034722
0 0.962891 0.348611 0.025781 0.025000
0 0.327344 0.081250 0.021875 0.037500
0 0.651953 0.318750 0.024219 0.043056
0 0.734375 0.313889 0.021875 0.027778
0 0.283203 0.220139 0.017969 0.029167
0 0.026172 0.174306 0.019531 0.034722
1 0.183594 0.300000 0.162500 0.225000
1 0.392969 0.737500 0.095312 0.197222
1 0.814453 0.548611 0.111719 0.252778
1 0.546094 0.802083 0.143750 0.295833
1 0.504297 0.454861 0.147656 0.270833
1 0.111719 0.552083 0.153125 0.187500
1 0.877734 0.816667 0.102344 0.188889
1 0.885938 0.138889 0.171875 0.194444
1 0.343750 0.439583 0.126562 0.262500