0 0.075781 0.186111 0.023438 0.030556
0 0.796875 0.740972 0.025000 0.037500
0 0.149219 0.452083 0.014063 0.040278
0 0.463672 0.844444 0.021094 0.027778
0 0.660547 0.683333 0.016406 0.047222
0 0.150391 0.111111 0.021094 0.033333
0 0.091797 0.065972 0.022656 0.031944
0 0.657031 0.246528 0.023438 0.040278
0 0.274609 0.581250 0.019531 0.034722
0 0.546484 0.777778 0.021094 0.027778
0 0.885547 0.284722 0.022656 0.044444
0 0.683984 0.968750 0.016406 0.029167
0 0.435547 0.740972 0.014844 0.045833
0 0.076953 0.659722 0.022656 0.027778
0 0.246875 0.866667 0.028125 0.038889
0 0.689063 0.050000 0.020313 0.041667
0 0.521094 0.953472 0.018750 0.043056
0 0.659375 0.296528 0.021875 0.037500
0 0.386328 0.040278 0.022656 0.036111
0 0.748828 0.150000 0.024219 0.025000
0 0.070312 0.891667 0.020313 0.038889
0 0.290625 0.942361 0.026562 0.037500
0 0.417969 0.116667 0.014063 0.044444
0 0.912891 0.711806 0.016406 0.037500
0 0.078516 0.257639 0.027344 0.029167
0 0.567187 0.947917 0.020313 0.031944
0 0.938281 0.771528 0.023438 0.031944
0 0.372266 0.397222 0.025781 0.044444
0 0.485938 0.890972 0.021875 0.034722
0 0.554688 0.411111 0.015625 0.025000
0 0.128125 0.258333 0.014063 0.047222
0 0.062500 0.764583 0.018750 0.031944
0 0.058984 0.561111 0.024219 0.030556
0 0.964453 0.481250 0.027344 0.029167
0 0.460547 0.755556 0.027344 0.041667
0 0.964844 0.622222 0.028125 0.041667
0 0.153125 0.263889 0.021875 0.027778
0 0.863281 0.827778 0.018750 0.047222
0 0.411719 0.902083 0.021875 0.029167
0 0.357422 0.750694 0.027344 0.043056
0 0.367969 0.906944 0.023438 0.036111
0 0.044141 0.075694 0.027344 0.048611
0 0.037500 0.204861 0.014063 0.026389
0 0.231250 0.934028 0.025000 0.034722
0 0.953906 0.877778 0.020313 0.027778
0 0.508203 0.827083 0.016406 0.031944
0 0.384375 0.458333 0.023438 0.041667
0 0.096484 0.120833 0.022656 0.033333
0 0.319922 0.794444 0.016406 0.025000
0 0.745313 0.090972 0.014063 0.048611
0 0.748047 0.569444 0.017969 0.025000
0 0.677734 0.620139 0.016406 0.037500
0 0.825000 0.681944 0.028125 0.047222
0 0.707031 0.236111 0.025000 0.047222
0 0.051172 0.273611 0.014844 0.050000
0 0.960938 0.427778 0.021875 0.050000
0 0.962500 0.087500 0.028125 0.030556
0 0.864062 0.583333 0.021875 0.047222
0 0.083203 0.722222 0.019531 0.030556
0 0.789844 0.559722 0.020313 0.025000
0 0.886328 0.943056 0.021094 0.030556
0 0.409766 0.344444 0.019531 0.027778
0 0.235937 0.809028 0.023438 0.029167
0 0.901563 0.438194 0.014063 0.031944
0 0.791797 0.961111 0.017969 0.038889
0 0.612891 0.906250 0.025781 0.029167
0 0.706250 0.654861 0.028125 0.031944
0 0.892188 0.361111 0.021875 0.041667
0 0.362109 0.855556 0.021094 0.027778
0 0.298438 0.784722 0.017188 0.036111
0 0.186328 0.830556 0.014844 0.036111
0 0.716016 0.056250 0.021094 0.037500
0 0.641406 0.952778 0.015625 0.036111
0 0.634375 0.172917 0.017188 0.026389
0 0.122266 0.882639 0.021094 0.045833
0 0.806250 0.860417 0.021875 0.037500
0 0.939844 0.363194 0.025000 0.031944
0 0.310156 0.834722 0.028125 0.027778
0 0.133203 0.961806 0.025781 0.034722
0 0.787109 0.804167 0.016406 0.027778
0 0.332813 0.431944 0.025000 0.041667
0 0.087891 0.609028 0.021094 0.026389
0 0.089844 0.965972 0.018750 0.031944
0 0.392578 0.759722 0.017969 0.036111
0 0.434375 0.395139 0.017188 0.040278
0 0.568359 0.894444 0.019531 0.030556
0 0.967187 0.276389 0.025000 0.030556
0 0.962109 0.162500 0.014844 0.038889
0 0.907031 0.517361 0.018750 0.043056
0 0.857812 0.664583 0.014063 0.045833
0 0.525000 0.877778 0.015625 0.038889
0 0.916016 0.236111 0.022656 0.047222
0 0.137891 0.306944 0.021094 0.038889
0 0.866016 0.719444 0.016406 0.036111
1 0.764062 0.406250 0.150000 0.237500
1 0.564063 0.581250 0.125000 0.295833
1 0.238672 0.427083 0.100781 0.195833
1 0.833594 0.138889 0.131250 0.188889
1 0.520703 0.206250 0.171094 0.287500
1 0.390234 0.597917 0.161719 0.218056
1 0.076172 0.447222 0.105469 0.180556
1 0.242188 0.172222 0.125000 0.208333