0 0.462891 0.885742 0.050781 0.052734
0 0.468750 0.812500 0.058594 0.042969
0 0.922852 0.608398 0.056641 0.052734
0 0.898438 0.678711 0.046875 0.037109
0 0.316406 0.729492 0.039062 0.033203
0 0.227539 0.962891 0.041016 0.042969
0 0.573242 0.550781 0.033203 0.039062
0 0.797852 0.169922 0.041016 0.058594
0 0.881836 0.354492 0.037109 0.056641
0 0.921875 0.221680 0.035156 0.037109
0 0.960938 0.546875 0.031250 0.042969
0 0.589844 0.610352 0.039062 0.044922
0 0.263672 0.400391 0.046875 0.042969
0 0.206055 0.339844 0.041016 0.031250
0 0.117188 0.941406 0.046875 0.035156
0 0.896484 0.094727 0.046875 0.056641
0 0.949219 0.460938 0.042969 0.050781
0 0.566406 0.291992 0.031250 0.041016
0 0.696289 0.534180 0.044922 0.052734
0 0.500977 0.406250 0.048828 0.058594
0 0.457031 0.058594 0.039062 0.054688
0 0.370117 0.900391 0.048828 0.031250
0 0.419922 0.119141 0.054688 0.042969
0 0.076172 0.410156 0.058594 0.042969
0 0.173828 0.081055 0.054688 0.041016
0 0.556641 0.427734 0.039062 0.050781
0 0.785156 0.955078 0.054688 0.046875
0 0.445312 0.740234 0.054688 0.039062
0 0.547852 0.785156 0.056641 0.054688
0 0.796875 0.106445 0.046875 0.048828
0 0.643555 0.642578 0.044922 0.042969
0 0.293945 0.960938 0.044922 0.035156
1 0.712891 0.348633 0.246094 0.201172
1 0.177734 0.684570 0.191406 0.240234
1 0.728516 0.825195 0.246094 0.146484
1 0.609375 0.122070 0.230469 0.201172
1 0.378906 0.493164 0.156250 0.251953
1 0.205078 0.201172 0.257812 0.183594