0 0.771484 0.438477 0.031250 0.048828
0 0.460938 0.489258 0.031250 0.037109
0 0.566406 0.697266 0.035156 0.035156
0 0.457031 0.423828 0.031250 0.046875
0 0.710938 0.394531 0.058594 0.050781
0 0.950195 0.687500 0.044922 0.035156
0 0.566406 0.615234 0.035156 0.031250
0 0.885742 0.622070 0.037109 0.037109
0 0.668945 0.055664 0.041016 0.056641
0 0.106445 0.657227 0.037109 0.044922
0 0.553711 0.108398 0.044922 0.041016
0 0.852539 0.762695 0.052734 0.037109
0 0.765625 0.914062 0.050781 0.058594
0 0.166016 0.298828 0.054688 0.035156
0 0.701172 0.489258 0.042969 0.048828
0 0.081055 0.579102 0.033203 0.037109
0 0.852539 0.154297 0.041016 0.050781
0 0.854492 0.053711 0.044922 0.048828
0 0.446289 0.553711 0.044922 0.041016
0 0.621094 0.505859 0.046875 0.042969
0 0.797852 0.052734 0.041016 0.035156
0 0.491211 0.106445 0.044922 0.037109
0 0.832031 0.846680 0.046875 0.048828
0 0.706055 0.910156 0.033203 0.039062
0 0.325195 0.720703 0.044922 0.058594
0 0.504883 0.309570 0.041016 0.041016
0 0.458984 0.287109 0.035156 0.054688
0 0.628906 0.597656 0.035156 0.058594
0 0.058594 0.154297 0.054688 0.039062
0 0.523438 0.458008 0.058594 0.056641
0 0.823242 0.687500 0.037109 0.054688
0 0.516602 0.054688 0.044922 0.031250
0 0.097656 0.077148 0.042969 0.041016
0 0.181641 0.680664 0.054688 0.044922
0 0.946289 0.936523 0.044922 0.044922
0 0.423828 0.370117 0.035156 0.041016
1 0.895508 0.370117 0.158203 0.228516
1 0.335938 0.164062 0.191406 0.238281
1 0.680664 0.771484 0.154297 0.210938
1 0.333008 0.574219 0.162109 0.218750
1 0.671875 0.239258 0.210938 0.154297
1 0.188477 0.853516 0.208984 0.250000
1 0.120117 0.445312 0.142578 0.210938
1 0.468750 0.846680 0.199219 0.169922