0 0.359375 0.192361 0.021875 0.040278
0 0.101953 0.950694 0.021094 0.045833
0 0.936719 0.210417 0.025000 0.037500
0 0.977734 0.397222 0.022656 0.030556
0 0.198047 0.270833 0.017969 0.025000
0 0.261328 0.223611 0.021094 0.044444
0 0.095312 0.690972 0.017188 0.043056
0 0.036719 0.938194 0.026562 0.043056
0 0.904687 0.902083 0.017188 0.037500
0 0.110156 0.149306 0.014063 0.037500
0 0.117969 0.788889 0.023438 0.033333
0 0.527344 0.921528 0.028125 0.026389
0 0.969531 0.491667 0.026562 0.041667
0 0.151953 0.145833 0.024219 0.050000
0 0.066797 0.856250 0.014844 0.026389
0 0.066016 0.368056 0.024219 0.044444
0 0.892578 0.181944 0.014844 0.027778
0 0.043750 0.225000 0.026562 0.047222
0 0.512891 0.639583 0.027344 0.048611
0 0.565625 0.043056 0.025000 0.036111
0 0.955078 0.883333 0.016406 0.027778
0 0.858984 0.072917 0.014844 0.034722
0 0.563281 0.816667 0.020313 0.036111
0 0.952734 0.058333 0.025781 0.044444
0 0.038281 0.712500 0.026562 0.038889
0 0.122266 0.194444 0.027344 0.041667
0 0.769531 0.451389 0.020313 0.025000
0 0.633203 0.758333 0.014844 0.033333
0 0.622656 0.252083 0.023438 0.043056
0 0.362109 0.657639 0.017969 0.045833
0 0.118359 0.475694 0.027344 0.034722
0 0.715234 0.080556 0.014844 0.033333
0 0.778906 0.085417 0.017188 0.040278
0 0.919141 0.130556 0.019531 0.050000
0 0.606641 0.168750 0.014844 0.031944
0 0.142578 0.731944 0.016406 0.041667
0 0.486719 0.509722 0.021875 0.038889
0 0.969531 0.213194 0.014063 0.034722
0 0.084766 0.126389 0.021094 0.030556
0 0.949609 0.146528 0.025781 0.037500
0 0.603516 0.668750 0.021094 0.029167
0 0.269141 0.668750 0.021094 0.029167
0 0.132031 0.858333 0.028125 0.027778
0 0.125391 0.328472 0.014844 0.043056
0 0.658594 0.102083 0.025000 0.031944
0 0.213672 0.661111 0.024219 0.044444
0 0.936328 0.862500 0.014844 0.038889
0 0.842187 0.602778 0.028125 0.027778
0 0.945703 0.549306 0.025781 0.043056
0 0.973437 0.672917 0.025000 0.040278
0 0.797266 0.486806 0.027344 0.029167
0 0.037500 0.454167 0.020313 0.033333
0 0.096484 0.877778 0.019531 0.038889
0 0.187109 0.693750 0.014844 0.048611
0 0.291797 0.226389 0.027344 0.047222
0 0.090625 0.293750 0.026562 0.034722
0 0.791016 0.559028 0.016406 0.040278
0 0.081250 0.803472 0.020313 0.040278
0 0.446094 0.678472 0.020313 0.040278
0 0.910547 0.754861 0.024219 0.031944
0 0.125781 0.426389 0.026562 0.044444
0 0.476172 0.629167 0.016406 0.050000
0 0.141797 0.242361 0.021094 0.026389
0 0.559375 0.386111 0.014063 0.041667
0 0.979297 0.155556 0.017969 0.047222
0 0.608984 0.753472 0.014844 0.040278
0 0.269531 0.097917 0.021875 0.043056
0 0.655859 0.949306 0.022656 0.043056
0 0.100000 0.393750 0.017188 0.031944
0 0.085938 0.494444 0.015625 0.050000
0 0.092578 0.563889 0.024219 0.030556
0 0.179297 0.827083 0.016406 0.029167
0 0.505859 0.463889 0.025781 0.033333
0 0.624609 0.905556 0.024219 0.044444
0 0.553516 0.681944 0.021094 0.025000
0 0.184766 0.104167 0.025781 0.050000
0 0.921094 0.661806 0.017188 0.029167
0 0.325781 0.276389 0.015625 0.044444
0 0.524219 0.793056 0.025000 0.050000
0 0.567969 0.743750 0.025000 0.031944
0 0.176563 0.779861 0.025000 0.031944
0 0.020313 0.200694 0.014063 0.043056
0 0.335938 0.175000 0.015625 0.027778
0 0.358984 0.033333 0.022656 0.033333
0 0.179688 0.200000 0.023438 0.050000
0 0.116406 0.264583 0.014063 0.026389
0 0.567187 0.911806 0.028125 0.031944
0 0.287891 0.050000 0.024219 0.041667
0 0.818359 0.147222 0.022656 0.036111
0 0.149219 0.950000 0.017188 0.038889
0 0.240234 0.159722 0.022656 0.025000
0 0.063281 0.525000 0.021875 0.050000
0 0.040625 0.598611 0.028125 0.033333
0 0.833203 0.240278 0.014844 0.038889
1 0.524609 0.195139 0.122656 0.237500
1 0.604688 0.554861 0.140625 0.173611
1 0.200391 0.492361 0.103906 0.234722
1 0.881641 0.405556 0.124219 0.219444
1 0.379688 0.501389 0.162500 0.247222
1 0.454297 0.832639 0.094531 0.234722
1 0.808203 0.786806 0.164844 0.295833
1 0.289844 0.831944 0.170313 0.244444
1 0.727344 0.260417 0.109375 0.206944