0 0.651563 0.242361 0.014063 0.037500
0 0.235547 0.942361 0.016406 0.043056
0 0.685156 0.234028 0.028125 0.040278
0 0.958594 0.033333 0.028125 0.030556
0 0.715234 0.536806 0.021094 0.048611
0 0.658594 0.690972 0.017188 0.037500
0 0.739453 0.248611 0.019531 0.038889
0 0.535937 0.894444 0.017188 0.027778
0 0.269531 0.686111 0.017188 0.030556
0 0.026562 0.477083 0.025000 0.031944
0 0.641016 0.406250 0.024219 0.034722
0 0.973047 0.397222 0.014844 0.033333
0 0.915625 0.890278 0.015625 0.038889
0 0.398438 0.638889 0.018750 0.025000
0 0.432422 0.040278 0.021094 0.038889
0 0.582812 0.074306 0.028125 0.034722
0 0.968750 0.848611 0.015625 0.030556
0 0.754297 0.627778 0.022656 0.025000
0 0.962109 0.090972 0.017969 0.034722
0 0.896484 0.329861 0.016406 0.037500
0 0.638281 0.575000 0.018750 0.033333
0 0.530078 0.092361 0.017969 0.048611
0 0.156641 0.906944 0.019531 0.038889
0 0.612500 0.062500 0.018750 0.030556
0 0.328906 0.915278 0.017188 0.041667
0 0.484375 0.902083 0.014063 0.034722
0 0.142969 0.533333 0.014063 0.030556
0 0.899219 0.738889 0.018750 0.027778
0 0.612109 0.595833 0.025781 0.047222
0 0.122656 0.085417 0.028125 0.048611
0 0.564063 0.145139 0.018750 0.029167
0 0.869141 0.758333 0.019531 0.036111
0 0.126562 0.574306 0.020313 0.040278
0 0.924219 0.363194 0.020313 0.029167
0 0.132812 0.961111 0.018750 0.038889
0 0.960156 0.693056 0.018750 0.038889
0 0.696875 0.102778 0.026562 0.038889
0 0.705859 0.595139 0.025781 0.048611
0 0.762109 0.695139 0.024219 0.043056
0 0.215234 0.445833 0.021094 0.030556
0 0.077734 0.541667 0.025781 0.036111
0 0.328125 0.307639 0.020313 0.026389
0 0.371484 0.118056 0.025781 0.025000
0 0.510547 0.179861 0.025781 0.026389
0 0.641016 0.152778 0.022656 0.044444
0 0.912109 0.410417 0.014844 0.040278
0 0.594922 0.734722 0.024219 0.050000
0 0.114844 0.528472 0.023438 0.026389
0 0.130078 0.428472 0.021094 0.043056
0 0.407813 0.295833 0.026562 0.027778
0 0.667188 0.178472 0.020313 0.043056
0 0.932031 0.593056 0.014063 0.041667
0 0.712500 0.190972 0.023438 0.034722
0 0.802344 0.799306 0.026562 0.031944
0 0.185547 0.481944 0.022656 0.036111
0 0.114844 0.890278 0.025000 0.038889
0 0.353516 0.278472 0.021094 0.034722
0 0.662500 0.620139 0.015625 0.048611
0 0.187500 0.368750 0.017188 0.037500
0 0.300781 0.943056 0.014063 0.036111
0 0.350391 0.180556 0.027344 0.025000
0 0.564844 0.865278 0.020313 0.044444
0 0.351953 0.056944 0.017969 0.044444
0 0.021484 0.741667 0.021094 0.030556
0 0.207031 0.329861 0.015625 0.031944
0 0.053125 0.043056 0.017188 0.047222
0 0.312109 0.818056 0.021094 0.030556
0 0.169141 0.584722 0.019531 0.027778
0 0.739062 0.593056 0.028125 0.030556
0 0.258203 0.288889 0.016406 0.041667
0 0.508203 0.223611 0.022656 0.044444
0 0.590625 0.120833 0.018750 0.041667
0 0.435156 0.885417 0.017188 0.037500
0 0.766406 0.528472 0.028125 0.045833
0 0.176563 0.222917 0.028125 0.048611
0 0.315234 0.733333 0.016406 0.036111
0 0.821094 0.886111 0.015625 0.038889
0 0.960156 0.209722 0.023438 0.027778
0 0.389062 0.154167 0.017188 0.036111
0 0.584375 0.606944 0.017188 0.027778
0 0.682031 0.681250 0.021875 0.031944
0 0.979297 0.750000 0.019531 0.050000
0 0.052734 0.751389 0.024219 0.041667
0 0.057422 0.810417 0.024219 0.037500
0 0.230078 0.509722 0.022656 0.030556
0 0.675000 0.290972 0.025000 0.026389
0 0.042578 0.537500 0.021094 0.041667
0 0.821094 0.743750 0.014063 0.037500
0 0.253125 0.742361 0.028125 0.029167
0 0.936328 0.409722 0.014844 0.047222
0 0.020703 0.617361 0.017969 0.026389
0 0.062500 0.854861 0.021875 0.026389
0 0.865625 0.873611 0.021875 0.047222
0 0.948438 0.537500 0.021875 0.030556
0 0.248047 0.691667 0.014844 0.038889
1 0.320703 0.465972 0.138281 0.256944
1 0.162109 0.745833 0.132031 0.197222
1 0.821484 0.225694 0.111719 0.240278
1 0.488672 0.682639 0.135156 0.284722
1 0.691406 0.828472 0.154688 0.193056
1 0.260937 0.151389 0.131250 0.202778
1 0.852734 0.577778 0.099219 0.250000
1 0.098828 0.262500 0.116406 0.266667