0 0.975391 0.160417 0.016406 0.037500
0 0.755859 0.820833 0.025781 0.038889
0 0.545312 0.065278 0.026562 0.038889
0 0.931641 0.491667 0.027344 0.036111
0 0.282422 0.702083 0.014844 0.031944
0 0.101953 0.039583 0.027344 0.045833
0 0.241797 0.462500 0.025781 0.044444
0 0.901563 0.080556 0.014063 0.036111
0 0.221484 0.122917 0.021094 0.026389
0 0.453125 0.407639 0.026562 0.045833
0 0.961719 0.298611 0.026562 0.036111
0 0.115234 0.137500 0.014844 0.030556
0 0.641797 0.729167 0.027344 0.041667
0 0.684766 0.041667 0.027344 0.038889
0 0.434375 0.556944 0.028125 0.025000
0 0.552344 0.561806 0.028125 0.043056
0 0.613281 0.851389 0.017188 0.027778
0 0.811719 0.942361 0.015625 0.026389
0 0.906641 0.619444 0.017969 0.030556
0 0.976953 0.381250 0.024219 0.029167
0 0.807031 0.056250 0.021875 0.034722
0 0.972656 0.518750 0.021875 0.045833
0 0.063281 0.925000 0.025000 0.038889
0 0.960156 0.572222 0.020313 0.041667
0 0.037500 0.931250 0.014063 0.029167
0 0.882422 0.554861 0.014844 0.043056
0 0.750000 0.077778 0.026562 0.027778
0 0.467187 0.100000 0.017188 0.038889
0 0.080078 0.693056 0.027344 0.050000
0 0.385937 0.078472 0.017188 0.026389
0 0.305469 0.078472 0.018750 0.043056
0 0.357812 0.964583 0.021875 0.029167
0 0.658984 0.900694 0.017969 0.031944
0 0.080469 0.794444 0.028125 0.030556
0 0.036328 0.209028 0.022656 0.034722
0 0.684766 0.864583 0.021094 0.040278
0 0.635156 0.955556 0.028125 0.044444
0 0.025781 0.344444 0.014063 0.044444
0 0.904687 0.689583 0.021875 0.040278
0 0.773828 0.910417 0.019531 0.040278
0 0.250000 0.245139 0.023438 0.029167
0 0.045312 0.092361 0.028125 0.040278
0 0.243750 0.040278 0.020313 0.038889
0 0.256641 0.631250 0.022656 0.026389
0 0.870703 0.047222 0.014844 0.033333
0 0.712891 0.954861 0.027344 0.045833
0 0.955859 0.924306 0.014844 0.043056
0 0.943750 0.754167 0.021875 0.025000
0 0.384766 0.118056 0.027344 0.030556
0 0.660937 0.629861 0.015625 0.026389
0 0.254297 0.311111 0.021094 0.030556
0 0.953125 0.172917 0.014063 0.026389
0 0.162109 0.060417 0.017969 0.045833
0 0.605078 0.534722 0.019531 0.036111
0 0.249219 0.960417 0.020313 0.026389
0 0.025000 0.143056 0.023438 0.033333
0 0.018750 0.614583 0.018750 0.031944
0 0.558203 0.502083 0.017969 0.029167
0 0.609766 0.956944 0.014844 0.030556
0 0.936328 0.813889 0.016406 0.025000
0 0.110156 0.172917 0.021875 0.026389
0 0.912109 0.444444 0.027344 0.047222
0 0.088672 0.872222 0.021094 0.025000
0 0.035156 0.552083 0.025000 0.043056
0 0.969531 0.856250 0.021875 0.029167
0 0.078516 0.107639 0.017969 0.040278
0 0.916797 0.567361 0.027344 0.029167
0 0.625781 0.787500 0.028125 0.027778
0 0.284375 0.131944 0.017188 0.047222
0 0.227344 0.523611 0.017188 0.044444
0 0.962500 0.431250 0.021875 0.034722
0 0.600391 0.582639 0.019531 0.040278
0 0.215625 0.577778 0.018750 0.030556
0 0.250000 0.392361 0.015625 0.026389
0 0.691016 0.761806 0.024219 0.034722
0 0.771094 0.962500 0.018750 0.025000
0 0.083594 0.162500 0.017188 0.050000
0 0.249609 0.134722 0.027344 0.050000
0 0.518750 0.177778 0.026562 0.041667
0 0.875000 0.656250 0.017188 0.037500
0 0.500781 0.088889 0.015625 0.041667
0 0.085547 0.834028 0.019531 0.026389
0 0.632422 0.551389 0.021094 0.033333
0 0.211328 0.064583 0.016406 0.040278
0 0.296094 0.217361 0.014063 0.037500
0 0.091016 0.754167 0.014844 0.033333
0 0.050781 0.264583 0.018750 0.029167
0 0.140234 0.145833 0.021094 0.044444
0 0.892578 0.493750 0.027344 0.029167
0 0.771484 0.736111 0.017969 0.033333
0 0.281641 0.327778 0.024219 0.030556
0 0.205469 0.627083 0.025000 0.026389
0 0.567578 0.961111 0.019531 0.030556
0 0.615625 0.897917 0.017188 0.043056
0 0.519922 0.232639 0.027344 0.037500
0 0.830469 0.942361 0.015625 0.026389
0 0.498437 0.500694 0.017188 0.045833
0 0.844141 0.090972 0.016406 0.037500
0 0.663281 0.535417 0.021875 0.026389
0 0.655078 0.056944 0.022656 0.047222
0 0.750781 0.243750 0.020313 0.029167
1 0.803906 0.518750 0.107813 0.287500
1 0.399219 0.261111 0.150000 0.211111
1 0.853125 0.226389 0.153125 0.213889
1 0.196094 0.807639 0.137500 0.262500
1 0.152344 0.305556 0.151562 0.197222
1 0.368359 0.780556 0.135156 0.302778
1 0.527344 0.765278 0.118750 0.283333
1 0.127734 0.543056 0.113281 0.186111
1 0.648828 0.247917 0.153906 0.301389
1 0.854297 0.818750 0.127344 0.179167