0 0.148438 0.321528 0.017188 0.029167
0 0.429297 0.520139 0.021094 0.031944
0 0.131250 0.086111 0.018750 0.044444
0 0.493750 0.633333 0.017188 0.041667
0 0.101562 0.356944 0.026562 0.033333
0 0.957422 0.459028 0.019531 0.031944
0 0.356250 0.359722 0.028125 0.033333
0 0.439453 0.283333 0.014844 0.030556
0 0.483594 0.310417 0.026562 0.034722
0 0.950000 0.604167 0.023438 0.025000
0 0.668750 0.070833 0.026562 0.047222
0 0.426953 0.044444 0.016406 0.038889
0 0.302344 0.098611 0.023438 0.041667
0 0.043359 0.166667 0.027344 0.025000
0 0.966016 0.911806 0.017969 0.034722
0 0.498828 0.445139 0.024219 0.040278
0 0.424219 0.355556 0.014063 0.050000
0 0.470313 0.635417 0.023438 0.029167
0 0.220703 0.333333 0.014844 0.025000
0 0.429688 0.705556 0.021875 0.044444
0 0.160938 0.904861 0.015625 0.031944
0 0.965625 0.803472 0.014063 0.029167
0 0.396094 0.298611 0.023438 0.027778
0 0.119141 0.184028 0.017969 0.048611
0 0.395703 0.187500 0.025781 0.041667
0 0.451172 0.822917 0.014844 0.048611
0 0.894922 0.705556 0.025781 0.044444
0 0.107813 0.960417 0.017188 0.034722
0 0.264062 0.211806 0.020313 0.037500
0 0.232813 0.151389 0.014063 0.030556
0 0.685937 0.890278 0.014063 0.025000
0 0.019141 0.303472 0.016406 0.026389
0 0.210547 0.096528 0.017969 0.031944
0 0.614844 0.504861 0.020313 0.043056
0 0.402734 0.514583 0.022656 0.045833
0 0.590625 0.179167 0.017188 0.033333
0 0.437500 0.146528 0.018750 0.029167
0 0.687891 0.820833 0.022656 0.030556
0 0.870703 0.375000 0.024219 0.050000
0 0.047266 0.379861 0.016406 0.026389
0 0.608594 0.673611 0.020313 0.025000
0 0.932031 0.234722 0.015625 0.041667
0 0.074609 0.966667 0.025781 0.025000
0 0.302344 0.293750 0.021875 0.037500
0 0.097266 0.065972 0.021094 0.026389
0 0.021875 0.061111 0.021875 0.044444
0 0.911328 0.159028 0.021094 0.034722
0 0.218359 0.250000 0.022656 0.036111
0 0.617188 0.962500 0.021875 0.041667
0 0.494531 0.523611 0.015625 0.027778
0 0.871094 0.446528 0.025000 0.045833
0 0.597656 0.102083 0.018750 0.043056
0 0.523047 0.614583 0.016406 0.031944
0 0.523438 0.520833 0.018750 0.030556
0 0.353516 0.587500 0.016406 0.047222
0 0.246875 0.067361 0.023438 0.045833
0 0.505859 0.175000 0.017969 0.047222
0 0.081641 0.200694 0.027344 0.031944
0 0.458203 0.922917 0.022656 0.045833
0 0.045312 0.924306 0.020313 0.037500
0 0.061719 0.304861 0.028125 0.026389
0 0.960547 0.390278 0.014844 0.025000
0 0.639453 0.869444 0.014844 0.033333
0 0.033984 0.565278 0.024219 0.044444
0 0.497656 0.384028 0.018750 0.037500
0 0.550391 0.054861 0.016406 0.040278
0 0.096094 0.898611 0.018750 0.033333
0 0.824609 0.055556 0.022656 0.036111
0 0.021094 0.750694 0.018750 0.037500
0 0.212109 0.294444 0.019531 0.036111
0 0.775000 0.871528 0.028125 0.043056
0 0.455078 0.588194 0.022656 0.029167
0 0.563672 0.532639 0.021094 0.026389
0 0.158594 0.040278 0.028125 0.044444
0 0.332422 0.284722 0.021094 0.033333
0 0.105078 0.274306 0.017969 0.040278
0 0.950391 0.178472 0.014844 0.048611
0 0.167578 0.855556 0.016406 0.025000
0 0.463281 0.532639 0.021875 0.029167
0 0.575000 0.238889 0.028125 0.036111
0 0.464453 0.421528 0.017969 0.029167
0 0.671094 0.226389 0.026562 0.038889
0 0.320312 0.563889 0.021875 0.047222
0 0.217969 0.822917 0.018750 0.043056
0 0.029297 0.245833 0.025781 0.047222
0 0.222266 0.197917 0.017969 0.029167
0 0.215625 0.722917 0.028125 0.045833
0 0.858203 0.138194 0.022656 0.029167
0 0.931250 0.561111 0.026562 0.044444
0 0.075781 0.098611 0.015625 0.027778
0 0.064453 0.845833 0.025781 0.036111
0 0.398047 0.072222 0.014844 0.041667
0 0.864844 0.195139 0.028125 0.043056
0 0.214062 0.922222 0.023438 0.038889
0 0.319141 0.185417 0.025781 0.037500
0 0.594922 0.561111 0.016406 0.044444
0 0.183203 0.126389 0.019531 0.041667
0 0.348438 0.437500 0.026562 0.030556
0 0.140625 0.160417 0.014063 0.029167
0 0.163281 0.198611 0.028125 0.036111
0 0.286328 0.583333 0.022656 0.025000
1 0.878125 0.849306 0.125000 0.218056
1 0.536719 0.795833 0.131250 0.183333
1 0.219531 0.454861 0.143750 0.198611
1 0.726172 0.668056 0.150781 0.211111
1 0.100000 0.707639 0.129688 0.223611
1 0.774219 0.270139 0.126562 0.276389
1 0.339453 0.770833 0.136719 0.300000