0 0.439844 0.181944 0.028125 0.044444
0 0.150781 0.802083 0.020313 0.045833
0 0.294531 0.786806 0.014063 0.026389
0 0.715234 0.447222 0.024219 0.027778
0 0.171094 0.769444 0.014063 0.027778
0 0.969141 0.490972 0.017969 0.031944
0 0.402734 0.271528 0.021094 0.034722
0 0.642188 0.390278 0.018750 0.030556
0 0.104297 0.298611 0.019531 0.038889
0 0.239453 0.756250 0.017969 0.040278
0 0.607812 0.424306 0.023438 0.029167
0 0.583594 0.857639 0.023438 0.045833
0 0.935937 0.210417 0.028125 0.037500
0 0.905469 0.330556 0.025000 0.041667
0 0.223828 0.217361 0.019531 0.040278
0 0.907031 0.100000 0.028125 0.025000
0 0.266406 0.834722 0.014063 0.030556
0 0.650391 0.102083 0.014844 0.048611
0 0.444141 0.313889 0.016406 0.030556
0 0.095703 0.780556 0.027344 0.030556
0 0.331250 0.175694 0.025000 0.029167
0 0.644922 0.945139 0.017969 0.029167
0 0.671875 0.090278 0.020313 0.033333
0 0.703906 0.080556 0.017188 0.025000
0 0.094141 0.857639 0.019531 0.029167
0 0.901172 0.647222 0.022656 0.030556
0 0.703906 0.045139 0.025000 0.034722
0 0.289062 0.944444 0.014063 0.041667
0 0.721094 0.727778 0.020313 0.044444
0 0.268750 0.240278 0.015625 0.033333
0 0.178516 0.894444 0.017969 0.033333
0 0.841016 0.050694 0.025781 0.029167
0 0.038281 0.928472 0.018750 0.026389
0 0.213281 0.490278 0.018750 0.036111
0 0.686719 0.938889 0.018750 0.044444
0 0.353125 0.479861 0.021875 0.026389
0 0.027344 0.640972 0.020313 0.031944
0 0.472656 0.294444 0.014063 0.030556
0 0.181641 0.179861 0.017969 0.034722
0 0.941406 0.118750 0.015625 0.048611
0 0.944531 0.324306 0.028125 0.048611
0 0.068359 0.326389 0.014844 0.041667
0 0.860547 0.163889 0.016406 0.027778
0 0.557031 0.893056 0.017188 0.038889
0 0.151562 0.222917 0.020313 0.034722
0 0.200781 0.752083 0.021875 0.037500
0 0.821484 0.298611 0.014844 0.041667
0 0.259766 0.160417 0.014844 0.037500
0 0.322266 0.241667 0.027344 0.038889
0 0.293750 0.138194 0.028125 0.040278
0 0.933594 0.647222 0.018750 0.027778
0 0.359375 0.353472 0.018750 0.040278
0 0.736328 0.802083 0.019531 0.031944
0 0.875391 0.040278 0.016406 0.044444
0 0.816797 0.090972 0.017969 0.040278
0 0.598437 0.474306 0.014063 0.037500
0 0.273438 0.393056 0.021875 0.041667
0 0.437891 0.090278 0.017969 0.041667
0 0.268750 0.536111 0.014063 0.030556
0 0.839844 0.361111 0.026562 0.025000
0 0.169922 0.375694 0.014844 0.043056
0 0.021484 0.767361 0.022656 0.040278
0 0.054297 0.766667 0.025781 0.027778
0 0.723437 0.647917 0.020313 0.029167
0 0.230469 0.061111 0.020313 0.025000
0 0.253906 0.072917 0.020313 0.045833
0 0.670312 0.826389 0.018750 0.030556
0 0.193359 0.850694 0.019531 0.026389
0 0.377734 0.118750 0.014844 0.029167
0 0.060937 0.399306 0.014063 0.043056
0 0.323047 0.947917 0.022656 0.029167
0 0.385937 0.180556 0.023438 0.047222
0 0.358984 0.563889 0.024219 0.033333
0 0.977734 0.954861 0.021094 0.048611
0 0.064453 0.915278 0.017969 0.033333
0 0.900781 0.575000 0.020313 0.027778
0 0.463672 0.065972 0.022656 0.048611
0 0.258594 0.634722 0.023438 0.025000
0 0.976953 0.438889 0.017969 0.027778
0 0.209375 0.264583 0.017188 0.031944
0 0.844922 0.222917 0.021094 0.037500
0 0.704297 0.555556 0.024219 0.050000
0 0.904687 0.511806 0.025000 0.040278
0 0.291797 0.719444 0.016406 0.027778
0 0.855078 0.642361 0.027344 0.034722
0 0.137500 0.935417 0.015625 0.029167
0 0.723437 0.933333 0.026562 0.050000
0 0.888281 0.206250 0.028125 0.029167
0 0.100391 0.356944 0.019531 0.025000
0 0.266406 0.602083 0.021875 0.029167
0 0.342187 0.122222 0.018750 0.044444
0 0.720313 0.490278 0.026562 0.044444
0 0.777344 0.879861 0.014063 0.048611
0 0.189844 0.229167 0.026562 0.027778
0 0.979297 0.599306 0.017969 0.045833
0 0.237109 0.848611 0.022656 0.033333
0 0.406250 0.095833 0.026562 0.027778
0 0.199609 0.953472 0.019531 0.040278
0 0.284766 0.056250 0.014844 0.043056
0 0.808594 0.231250 0.020313 0.045833
0 0.630078 0.869444 0.024219 0.033333
1 0.812891 0.509722 0.146094 0.205556
1 0.447266 0.815278 0.161719 0.286111
1 0.119531 0.574306 0.125000 0.270833
1 0.459375 0.484722 0.134375 0.294444
1 0.076172 0.156944 0.096094 0.205556
1 0.539844 0.197917 0.096875 0.223611
1 0.731641 0.257639 0.121094 0.193056
1 0.618750 0.659028 0.126562 0.287500