0 0.396094 0.331250 0.028125 0.037500
0 0.056641 0.059722 0.017969 0.041667
0 0.134375 0.052083 0.014063 0.029167
0 0.320312 0.086806 0.017188 0.045833
0 0.443750 0.386111 0.017188 0.025000
0 0.805859 0.856944 0.022656 0.044444
0 0.429688 0.943750 0.028125 0.026389
0 0.393750 0.106250 0.028125 0.026389
0 0.299219 0.496528 0.018750 0.045833
0 0.804688 0.917361 0.028125 0.043056
0 0.497656 0.717361 0.018750 0.048611
0 0.976562 0.478472 0.023438 0.040278
0 0.428906 0.710417 0.017188 0.045833
0 0.239453 0.115972 0.016406 0.037500
0 0.346484 0.952778 0.016406 0.041667
0 0.877344 0.230556 0.015625 0.038889
0 0.689844 0.042361 0.026562 0.045833
0 0.929688 0.363889 0.025000 0.030556
0 0.880859 0.086111 0.024219 0.027778
0 0.152344 0.864583 0.014063 0.034722
0 0.303906 0.940278 0.014063 0.027778
0 0.465234 0.838889 0.017969 0.047222
0 0.330469 0.489583 0.021875 0.034722
0 0.441016 0.195833 0.027344 0.038889
0 0.385937 0.445139 0.014063 0.029167
0 0.346094 0.224306 0.017188 0.040278
0 0.933594 0.966667 0.018750 0.033333
0 0.391016 0.393056 0.027344 0.033333
0 0.855859 0.070139 0.014844 0.043056
0 0.593359 0.822222 0.024219 0.025000
0 0.682031 0.102778 0.017188 0.036111
0 0.206250 0.388194 0.023438 0.037500
0 0.356250 0.437500 0.017188 0.025000
0 0.275000 0.119444 0.023438 0.033333
0 0.951562 0.174306 0.014063 0.045833
0 0.507812 0.658333 0.021875 0.050000
0 0.176563 0.927778 0.020313 0.036111
0 0.487500 0.881250 0.014063 0.026389
0 0.361719 0.470139 0.020313 0.026389
0 0.938281 0.250694 0.018750 0.040278
0 0.314844 0.873611 0.028125 0.038889
0 0.232422 0.880556 0.021094 0.030556
0 0.273047 0.061111 0.017969 0.050000
0 0.635547 0.211806 0.024219 0.048611
0 0.030859 0.207639 0.019531 0.034722
0 0.283594 0.428472 0.014063 0.031944
0 0.771484 0.525000 0.022656 0.025000
0 0.977344 0.941667 0.020313 0.041667
0 0.598437 0.690278 0.015625 0.030556
0 0.346875 0.105556 0.015625 0.030556
0 0.432422 0.443750 0.022656 0.040278
0 0.409375 0.161111 0.015625 0.036111
0 0.921094 0.472917 0.017188 0.034722
0 0.178906 0.481944 0.020313 0.030556
0 0.737891 0.581944 0.024219 0.030556
0 0.586328 0.925000 0.022656 0.036111
0 0.882422 0.320833 0.021094 0.050000
0 0.335547 0.372917 0.019531 0.037500
0 0.947656 0.300000 0.026562 0.027778
0 0.465234 0.093750 0.016406 0.040278
0 0.798047 0.465972 0.021094 0.031944
0 0.969141 0.603472 0.014844 0.026389
0 0.121484 0.886806 0.027344 0.040278
0 0.407031 0.715278 0.017188 0.044444
0 0.425000 0.590972 0.015625 0.031944
0 0.576953 0.731944 0.016406 0.050000
0 0.354687 0.882639 0.021875 0.048611
0 0.443359 0.247917 0.027344 0.045833
0 0.813281 0.068056 0.028125 0.047222
0 0.457422 0.324306 0.014844 0.043056
0 0.531641 0.057639 0.022656 0.040278
0 0.495312 0.835417 0.014063 0.045833
0 0.742969 0.082639 0.021875 0.031944
0 0.843750 0.484722 0.023438 0.050000
0 0.899219 0.134722 0.020313 0.038889
0 0.608203 0.129861 0.017969 0.034722
0 0.023438 0.789583 0.018750 0.043056
0 0.076953 0.166667 0.019531 0.044444
0 0.202734 0.455556 0.014844 0.047222
0 0.380859 0.946528 0.014844 0.031944
0 0.639062 0.651389 0.015625 0.044444
0 0.812891 0.577778 0.022656 0.044444
0 0.022266 0.892361 0.025781 0.026389
0 0.323437 0.145833 0.026562 0.033333
0 0.477344 0.614583 0.015625 0.026389
0 0.852344 0.590972 0.018750 0.026389
0 0.168359 0.039583 0.014844 0.026389
0 0.803125 0.620833 0.018750 0.027778
0 0.553125 0.800000 0.017188 0.036111
0 0.232031 0.508333 0.017188 0.041667
0 0.630859 0.898611 0.016406 0.025000
0 0.316406 0.240278 0.028125 0.027778
0 0.148828 0.568056 0.022656 0.025000
0 0.739844 0.469444 0.021875 0.050000
0 0.103516 0.944444 0.021094 0.038889
0 0.051172 0.111806 0.022656 0.045833
0 0.912500 0.235417 0.014063 0.029167
0 0.639844 0.769444 0.025000 0.036111
0 0.888672 0.273611 0.027344 0.030556
0 0.022656 0.709722 0.020313 0.044444
0 0.057031 0.940278 0.026562 0.030556
0 0.614062 0.054167 0.018750 0.038889
0 0.475781 0.922222 0.017188 0.038889
1 0.305078 0.683333 0.171094 0.288889
1 0.559766 0.470139 0.161719 0.245833
1 0.903125 0.786111 0.117188 0.280556
1 0.235547 0.250000 0.119531 0.183333
1 0.783594 0.292361 0.159375 0.279167
1 0.535156 0.208333 0.107813 0.225000
1 0.120703 0.712500 0.161719 0.222222
1 0.095312 0.402778 0.114062 0.280556