0 0.830078 0.821289 0.035156 0.033203
0 0.724609 0.728516 0.046875 0.042969
0 0.068359 0.759766 0.050781 0.039062
0 0.402344 0.571289 0.050781 0.033203
0 0.734375 0.331055 0.039062 0.048828
0 0.955078 0.686523 0.058594 0.044922
0 0.752930 0.390625 0.037109 0.042969
0 0.503906 0.227539 0.035156 0.033203
0 0.929688 0.123047 0.054688 0.058594
0 0.217773 0.814453 0.033203 0.039062
0 0.168945 0.736328 0.048828 0.039062
0 0.333008 0.271484 0.037109 0.042969
0 0.270508 0.938477 0.052734 0.052734
0 0.916992 0.739258 0.048828 0.033203
0 0.406250 0.126953 0.046875 0.042969
0 0.346680 0.188477 0.037109 0.052734
0 0.702148 0.955078 0.033203 0.054688
0 0.101562 0.366211 0.046875 0.048828
0 0.056641 0.913086 0.039062 0.048828
0 0.111328 0.828125 0.046875 0.031250
0 0.325195 0.578125 0.048828 0.058594
0 0.648438 0.753906 0.054688 0.046875
0 0.320312 0.665039 0.050781 0.048828
0 0.736328 0.786133 0.046875 0.056641
0 0.741211 0.587891 0.048828 0.031250
0 0.637695 0.879883 0.033203 0.056641
0 0.832031 0.721680 0.035156 0.041016
0 0.265625 0.669922 0.042969 0.054688
0 0.416992 0.217773 0.052734 0.041016
0 0.065430 0.635742 0.044922 0.041016
0 0.359375 0.847656 0.046875 0.050781
0 0.927734 0.265625 0.039062 0.042969
0 0.823242 0.283203 0.033203 0.039062
0 0.709961 0.251953 0.033203 0.054688
0 0.619141 0.692383 0.031250 0.052734
0 0.197266 0.930664 0.035156 0.041016
0 0.747070 0.496094 0.033203 0.046875
0 0.291016 0.779297 0.031250 0.054688
0 0.682617 0.065430 0.056641 0.041016
0 0.310547 0.423828 0.046875 0.039062
0 0.695312 0.883789 0.035156 0.052734
0 0.655273 0.159180 0.037109 0.048828
0 0.179688 0.275391 0.046875 0.035156
0 0.265625 0.270508 0.046875 0.037109
0 0.486328 0.034180 0.058594 0.033203
0 0.043945 0.301758 0.048828 0.033203
1 0.808594 0.147461 0.144531 0.216797
1 0.190430 0.113281 0.228516 0.156250
1 0.524414 0.430664 0.263672 0.232422
1 0.157227 0.483398 0.177734 0.146484
1 0.482422 0.801758 0.148438 0.177734
1 0.862305 0.492188 0.166016 0.238281