0 0.945312 0.958008 0.058594 0.037109
0 0.389648 0.843750 0.048828 0.042969
0 0.795898 0.479492 0.052734 0.052734
0 0.267578 0.630859 0.031250 0.046875
0 0.311523 0.941406 0.037109 0.035156
0 0.103516 0.101562 0.058594 0.042969
0 0.617188 0.643555 0.058594 0.048828
0 0.362305 0.572266 0.048828 0.035156
0 0.485352 0.798828 0.056641 0.031250
0 0.426758 0.167969 0.056641 0.039062
0 0.806641 0.738281 0.039062 0.035156
0 0.353516 0.515625 0.035156 0.035156
0 0.497070 0.846680 0.037109 0.033203
0 0.451172 0.474609 0.031250 0.058594
0 0.145508 0.490234 0.033203 0.050781
0 0.142578 0.790039 0.050781 0.033203
0 0.211914 0.788086 0.052734 0.041016
0 0.894531 0.812500 0.050781 0.031250
0 0.387695 0.655273 0.056641 0.041016
0 0.614258 0.410156 0.048828 0.035156
0 0.261719 0.086914 0.031250 0.056641
0 0.246094 0.693359 0.054688 0.042969
0 0.153320 0.905273 0.052734 0.048828
0 0.425781 0.297852 0.031250 0.041016
0 0.402344 0.447266 0.046875 0.054688
0 0.099609 0.743164 0.054688 0.037109
0 0.475586 0.546875 0.033203 0.042969
0 0.472656 0.617188 0.058594 0.054688
0 0.897461 0.561523 0.037109 0.033203
0 0.424805 0.091797 0.052734 0.050781
0 0.418945 0.243164 0.033203 0.044922
0 0.044922 0.412109 0.058594 0.035156
0 0.482422 0.111328 0.035156 0.035156
0 0.895508 0.083984 0.056641 0.046875
0 0.676758 0.297852 0.044922 0.037109
0 0.563477 0.762695 0.033203 0.052734
0 0.276367 0.522461 0.048828 0.048828
0 0.869141 0.621094 0.054688 0.050781
0 0.742188 0.703125 0.031250 0.039062
1 0.234375 0.297852 0.257812 0.259766
1 0.736328 0.892578 0.242188 0.148438
1 0.643555 0.505859 0.181641 0.136719
1 0.117188 0.624023 0.175781 0.185547
1 0.827148 0.231445 0.228516 0.177734
1 0.607422 0.156250 0.164062 0.226562