0 0.316406 0.778320 0.058594 0.041016
0 0.906250 0.526367 0.039062 0.041016
0 0.049805 0.916992 0.037109 0.037109
0 0.192383 0.890625 0.052734 0.046875
0 0.552734 0.087891 0.035156 0.042969
0 0.452148 0.611328 0.037109 0.031250
0 0.718750 0.078125 0.050781 0.042969
0 0.635742 0.194336 0.033203 0.044922
0 0.952148 0.618164 0.052734 0.041016
0 0.122070 0.725586 0.044922 0.033203
0 0.785156 0.196289 0.042969 0.048828
0 0.733398 0.602539 0.041016 0.056641
0 0.693359 0.183594 0.035156 0.039062
0 0.308594 0.881836 0.035156 0.056641
0 0.708984 0.764648 0.039062 0.033203
0 0.525391 0.194336 0.050781 0.052734
0 0.097656 0.341797 0.035156 0.039062
0 0.551758 0.852539 0.041016 0.033203
0 0.625000 0.921875 0.031250 0.054688
0 0.360352 0.713867 0.052734 0.048828
0 0.491211 0.836914 0.033203 0.041016
0 0.783203 0.105469 0.035156 0.050781
0 0.836914 0.235352 0.033203 0.056641
0 0.607422 0.829102 0.031250 0.044922
0 0.625977 0.136719 0.052734 0.031250
0 0.083008 0.431641 0.044922 0.031250
0 0.560547 0.292969 0.042969 0.054688
0 0.681641 0.665039 0.035156 0.037109
0 0.395508 0.858398 0.048828 0.033203
0 0.076172 0.639648 0.035156 0.048828
0 0.123047 0.590820 0.046875 0.033203
0 0.150391 0.385742 0.031250 0.048828
0 0.566406 0.365234 0.035156 0.035156
0 0.741211 0.258789 0.056641 0.056641
0 0.965820 0.427734 0.033203 0.035156
0 0.649414 0.831055 0.037109 0.041016
0 0.162109 0.817383 0.039062 0.048828
0 0.043945 0.733398 0.041016 0.056641
0 0.597656 0.430664 0.031250 0.044922
0 0.450195 0.962891 0.048828 0.042969
0 0.473633 0.365234 0.048828 0.054688
1 0.862305 0.878906 0.173828 0.140625
1 0.792969 0.456055 0.144531 0.208984
1 0.296875 0.517578 0.238281 0.246094
1 0.120117 0.192383 0.146484 0.201172
1 0.363281 0.176758 0.210938 0.263672
1 0.581055 0.593750 0.138672 0.250000