0 0.038281 0.726389 0.025000 0.044444
0 0.292578 0.775694 0.022656 0.026389
0 0.469531 0.615972 0.026562 0.045833
0 0.944141 0.173611 0.017969 0.041667
0 0.578906 0.934028 0.028125 0.031944
0 0.837891 0.093750 0.024219 0.045833
0 0.404297 0.254167 0.019531 0.025000
0 0.052734 0.660417 0.016406 0.048611
0 0.347656 0.038194 0.026562 0.037500
0 0.069922 0.870833 0.024219 0.025000
0 0.547266 0.575000 0.017969 0.025000
0 0.265234 0.834722 0.025781 0.041667
0 0.619531 0.034722 0.015625 0.030556
0 0.131641 0.644444 0.017969 0.044444
0 0.305078 0.579861 0.017969 0.045833
0 0.900000 0.132639 0.014063 0.045833
0 0.975000 0.035417 0.015625 0.037500
0 0.378906 0.743750 0.028125 0.040278
0 0.414844 0.038889 0.023438 0.025000
0 0.398828 0.795833 0.021094 0.044444
0 0.439844 0.203472 0.017188 0.031944
0 0.385547 0.179861 0.016406 0.037500
0 0.378906 0.263194 0.017188 0.048611
0 0.687500 0.131944 0.015625 0.036111
0 0.692187 0.039583 0.020313 0.045833
0 0.072656 0.411111 0.018750 0.033333
0 0.355469 0.220833 0.014063 0.033333
0 0.359375 0.862500 0.026562 0.025000
0 0.123438 0.542361 0.014063 0.034722
0 0.314453 0.904167 0.025781 0.027778
0 0.074219 0.733333 0.021875 0.041667
0 0.932813 0.041667 0.026562 0.050000
0 0.328125 0.947917 0.020313 0.037500
0 0.901172 0.918750 0.022656 0.031944
0 0.772656 0.037500 0.023438 0.030556
0 0.654687 0.262500 0.017188 0.025000
0 0.641406 0.179861 0.020313 0.037500
0 0.100000 0.497917 0.021875 0.037500
0 0.758594 0.086111 0.017188 0.041667
0 0.896875 0.070139 0.023438 0.048611
0 0.025000 0.961806 0.018750 0.043056
0 0.278125 0.913194 0.015625 0.029167
0 0.263672 0.175694 0.019531 0.031944
0 0.045703 0.911111 0.019531 0.027778
0 0.370703 0.112500 0.027344 0.047222
0 0.308594 0.717361 0.014063 0.045833
0 0.878516 0.445139 0.021094 0.034722
0 0.404687 0.626389 0.015625 0.030556
0 0.483984 0.940972 0.027344 0.029167
0 0.040625 0.544444 0.017188 0.027778
0 0.491016 0.073611 0.021094 0.027778
0 0.432422 0.822222 0.022656 0.025000
0 0.370703 0.683333 0.021094 0.025000
0 0.676953 0.750000 0.022656 0.047222
0 0.561328 0.622917 0.027344 0.040278
0 0.251953 0.949306 0.017969 0.029167
0 0.784375 0.141667 0.015625 0.050000
0 0.415234 0.323611 0.022656 0.050000
0 0.182812 0.595833 0.015625 0.050000
0 0.444141 0.613194 0.014844 0.048611
0 0.928125 0.398611 0.028125 0.047222
0 0.022266 0.442361 0.025781 0.034722
0 0.427344 0.120833 0.015625 0.027778
0 0.832812 0.047222 0.015625 0.033333
0 0.250000 0.699306 0.021875 0.031944
0 0.251563 0.068056 0.021875 0.038889
0 0.962891 0.665972 0.021094 0.026389
0 0.352734 0.259722 0.022656 0.033333
0 0.333984 0.598611 0.017969 0.027778
0 0.930078 0.800000 0.014844 0.038889
1 0.410547 0.462500 0.164844 0.200000
1 0.773047 0.745139 0.149219 0.287500
1 0.565625 0.428472 0.103125 0.173611
1 0.763281 0.345833 0.143750 0.219444
1 0.550391 0.204861 0.113281 0.206944
1 0.079297 0.214583 0.094531 0.251389
1 0.170313 0.818750 0.098437 0.248611
1 0.568359 0.778472 0.161719 0.193056
1 0.217578 0.424306 0.100781 0.209722