0 0.079102 0.398438 0.033203 0.046875
0 0.701172 0.750000 0.039062 0.042969
0 0.419922 0.956055 0.031250 0.033203
0 0.301758 0.560547 0.041016 0.035156
0 0.828125 0.415039 0.042969 0.041016
0 0.810547 0.038086 0.050781 0.037109
0 0.659180 0.943359 0.041016 0.042969
0 0.613281 0.916992 0.035156 0.041016
0 0.181641 0.093750 0.039062 0.058594
0 0.817383 0.957031 0.056641 0.046875
0 0.876953 0.781250 0.054688 0.042969
0 0.958984 0.359375 0.031250 0.054688
0 0.169922 0.918945 0.054688 0.052734
0 0.732422 0.396484 0.035156 0.042969
0 0.166016 0.562500 0.050781 0.042969
0 0.931641 0.698242 0.039062 0.052734
0 0.833008 0.833984 0.048828 0.031250
0 0.734375 0.901367 0.058594 0.033203
0 0.576172 0.720703 0.042969 0.039062
0 0.917969 0.958008 0.046875 0.044922
0 0.408203 0.187500 0.042969 0.035156
0 0.697266 0.825195 0.035156 0.056641
0 0.917969 0.875977 0.046875 0.033203
0 0.439453 0.321289 0.035156 0.052734
0 0.542969 0.061523 0.050781 0.052734
0 0.919922 0.223633 0.050781 0.037109
0 0.921875 0.164062 0.039062 0.046875
0 0.080078 0.095703 0.042969 0.031250
0 0.092773 0.940430 0.041016 0.044922
0 0.818359 0.758789 0.031250 0.056641
0 0.041992 0.934570 0.044922 0.041016
0 0.750000 0.835938 0.046875 0.050781
0 0.093750 0.181641 0.035156 0.050781
0 0.248047 0.586914 0.042969 0.052734
0 0.228516 0.496094 0.031250 0.046875
0 0.657227 0.369141 0.041016 0.039062
0 0.091797 0.283203 0.054688 0.031250
0 0.365234 0.520508 0.042969 0.044922
0 0.387695 0.586914 0.037109 0.037109
0 0.913086 0.477539 0.033203 0.033203
0 0.105469 0.503906 0.054688 0.035156
0 0.946289 0.778320 0.048828 0.056641
0 0.941406 0.647461 0.054688 0.033203
0 0.293945 0.928711 0.041016 0.041016
0 0.607422 0.830078 0.031250 0.046875
0 0.445312 0.062500 0.046875 0.058594
1 0.524414 0.541992 0.189453 0.228516
1 0.270508 0.343750 0.259766 0.218750
1 0.190430 0.735352 0.259766 0.197266
1 0.540039 0.260742 0.146484 0.208984
1 0.781250 0.604492 0.214844 0.216797
1 0.448242 0.819336 0.173828 0.205078
1 0.778320 0.213867 0.212891 0.251953
1 0.291992 0.122070 0.138672 0.138672