0 0.462891 0.163194 0.016406 0.040278
0 0.805859 0.213889 0.022656 0.038889
0 0.162891 0.096528 0.019531 0.048611
0 0.769141 0.529167 0.017969 0.044444
0 0.536328 0.937500 0.016406 0.025000
0 0.344922 0.202778 0.019531 0.050000
0 0.820703 0.621528 0.014844 0.040278
0 0.370312 0.373611 0.021875 0.047222
0 0.702344 0.033333 0.014063 0.030556
0 0.721875 0.163889 0.018750 0.047222
0 0.076172 0.650694 0.025781 0.037500
0 0.534766 0.581250 0.022656 0.040278
0 0.046875 0.640972 0.023438 0.031944
0 0.741406 0.288889 0.023438 0.027778
0 0.976172 0.089583 0.016406 0.040278
0 0.062109 0.505556 0.016406 0.027778
0 0.770312 0.942361 0.014063 0.029167
0 0.538672 0.722917 0.014844 0.031944
0 0.144531 0.517361 0.023438 0.029167
0 0.816406 0.681944 0.017188 0.038889
0 0.432031 0.129167 0.014063 0.041667
0 0.620703 0.078472 0.017969 0.026389
0 0.553125 0.832639 0.017188 0.031944
0 0.202344 0.618750 0.014063 0.026389
0 0.329688 0.302778 0.014063 0.025000
0 0.755078 0.152083 0.025781 0.026389
0 0.028516 0.165972 0.019531 0.040278
0 0.105078 0.080556 0.014844 0.044444
0 0.026562 0.328472 0.015625 0.026389
0 0.203906 0.549306 0.015625 0.040278
0 0.738672 0.504167 0.027344 0.027778
0 0.393359 0.431250 0.016406 0.034722
0 0.505469 0.125694 0.025000 0.040278
0 0.464844 0.665278 0.025000 0.041667
0 0.887500 0.035417 0.026562 0.029167
0 0.650000 0.943750 0.014063 0.026389
0 0.423047 0.949306 0.027344 0.043056
0 0.021875 0.263889 0.015625 0.036111
0 0.069531 0.126389 0.026562 0.036111
0 0.717578 0.249306 0.019531 0.031944
0 0.710938 0.076389 0.021875 0.038889
0 0.258594 0.130556 0.028125 0.030556
0 0.794531 0.104167 0.017188 0.027778
0 0.271484 0.072917 0.027344 0.026389
0 0.959766 0.033333 0.017969 0.033333
0 0.787109 0.170833 0.016406 0.025000
0 0.555078 0.172222 0.022656 0.027778
0 0.036719 0.494444 0.026562 0.036111
0 0.337891 0.931944 0.024219 0.027778
0 0.784766 0.355556 0.019531 0.030556
0 0.064062 0.320833 0.018750 0.030556
0 0.185938 0.080556 0.014063 0.033333
0 0.458203 0.800000 0.024219 0.030556
0 0.574609 0.120833 0.021094 0.025000
0 0.113672 0.478472 0.025781 0.045833
0 0.352344 0.059028 0.020313 0.037500
0 0.883984 0.609028 0.025781 0.037500
0 0.130859 0.561806 0.017969 0.037500
0 0.153906 0.621528 0.028125 0.029167
0 0.732031 0.381250 0.021875 0.040278
0 0.564844 0.041667 0.014063 0.036111
0 0.100781 0.249306 0.023438 0.040278
0 0.674219 0.901389 0.020313 0.038889
0 0.657813 0.057639 0.021875 0.048611
0 0.471484 0.856944 0.016406 0.047222
0 0.764844 0.895139 0.021875 0.043056
0 0.968750 0.822222 0.014063 0.041667
0 0.038672 0.948611 0.021094 0.041667
0 0.430859 0.047917 0.027344 0.045833
0 0.417187 0.240972 0.014063 0.048611
0 0.707422 0.929167 0.016406 0.050000
0 0.112891 0.170833 0.022656 0.050000
0 0.591797 0.693056 0.016406 0.027778
0 0.889062 0.661806 0.023438 0.031944
0 0.489063 0.301389 0.021875 0.025000
0 0.692187 0.290972 0.021875 0.026389
0 0.967578 0.331944 0.016406 0.030556
0 0.533594 0.196528 0.014063 0.029167
0 0.711328 0.881250 0.022656 0.031944
0 0.476172 0.229861 0.022656 0.031944
0 0.109375 0.038194 0.028125 0.026389
0 0.664062 0.193056 0.028125 0.047222
0 0.534375 0.309722 0.014063 0.036111
0 0.946094 0.663194 0.020313 0.040278
0 0.604297 0.265972 0.014844 0.048611
0 0.418750 0.391667 0.026562 0.044444
0 0.428906 0.310417 0.026562 0.037500
0 0.625391 0.916667 0.019531 0.027778
0 0.742188 0.240278 0.020313 0.050000
0 0.540625 0.073611 0.023438 0.030556
0 0.443359 0.269444 0.024219 0.033333
0 0.894141 0.716667 0.024219 0.027778
0 0.678125 0.140278 0.023438 0.027778
0 0.357812 0.114583 0.017188 0.040278
0 0.062891 0.447917 0.019531 0.045833
0 0.215625 0.481250 0.028125 0.048611
1 0.715625 0.724306 0.165625 0.201389
1 0.372656 0.669444 0.117188 0.247222
1 0.553516 0.425000 0.169531 0.177778
1 0.229297 0.283333 0.127344 0.250000
1 0.882031 0.850694 0.104688 0.206944
1 0.885938 0.197917 0.109375 0.256944
1 0.157812 0.806250 0.117188 0.193056
1 0.873828 0.475694 0.157031 0.184722