0 0.568359 0.089844 0.046875 0.042969
0 0.646484 0.814453 0.042969 0.046875
0 0.675781 0.162109 0.039062 0.035156
0 0.912109 0.188477 0.035156 0.037109
0 0.648438 0.715820 0.054688 0.033203
0 0.609375 0.626953 0.035156 0.050781
0 0.045898 0.214844 0.033203 0.039062
0 0.672852 0.927734 0.044922 0.039062
0 0.286133 0.676758 0.033203 0.048828
0 0.431641 0.811523 0.046875 0.048828
0 0.086914 0.366211 0.041016 0.044922
0 0.173828 0.726562 0.039062 0.031250
0 0.064453 0.660156 0.058594 0.035156
0 0.556641 0.468750 0.035156 0.046875
0 0.456055 0.758789 0.041016 0.033203
0 0.964844 0.279297 0.035156 0.050781
0 0.052734 0.562500 0.035156 0.054688
0 0.330078 0.378906 0.039062 0.046875
0 0.584961 0.541016 0.056641 0.039062
0 0.369141 0.708008 0.050781 0.037109
0 0.258789 0.045898 0.052734 0.056641
0 0.455078 0.903320 0.035156 0.033203
0 0.057617 0.318359 0.033203 0.031250
0 0.749023 0.515625 0.044922 0.042969
0 0.343750 0.758789 0.035156 0.048828
0 0.044922 0.102539 0.035156 0.052734
0 0.498047 0.601562 0.035156 0.031250
0 0.484375 0.808594 0.035156 0.042969
0 0.689453 0.572266 0.046875 0.035156
0 0.453125 0.064453 0.046875 0.046875
0 0.799805 0.203125 0.044922 0.039062
0 0.154297 0.421875 0.039062 0.046875
0 0.371094 0.442383 0.058594 0.048828
0 0.820312 0.141602 0.035156 0.048828
0 0.500000 0.698242 0.031250 0.056641
0 0.712891 0.825195 0.058594 0.048828
0 0.461914 0.435547 0.052734 0.054688
1 0.511719 0.284180 0.164062 0.138672
1 0.804688 0.338867 0.265625 0.208984
1 0.292969 0.560547 0.273438 0.167969
1 0.843750 0.832031 0.156250 0.242188
1 0.248047 0.225586 0.226562 0.216797
1 0.899414 0.581055 0.169922 0.158203
1 0.118164 0.875977 0.189453 0.138672