0 0.430078 0.561806 0.021094 0.026389
0 0.909375 0.897222 0.014063 0.027778
0 0.869531 0.816667 0.018750 0.027778
0 0.274219 0.406944 0.015625 0.036111
0 0.244531 0.385417 0.026562 0.037500
0 0.401562 0.570139 0.026562 0.034722
0 0.561719 0.886111 0.028125 0.047222
0 0.023828 0.367361 0.019531 0.045833
0 0.824609 0.258333 0.027344 0.025000
0 0.850000 0.312500 0.026562 0.033333
0 0.835547 0.087500 0.019531 0.047222
0 0.102734 0.658333 0.014844 0.030556
0 0.254297 0.498611 0.021094 0.036111
0 0.732812 0.083333 0.023438 0.036111
0 0.328906 0.901389 0.025000 0.047222
0 0.102344 0.923611 0.028125 0.036111
0 0.860938 0.693056 0.028125 0.047222
0 0.925391 0.138194 0.024219 0.040278
0 0.051562 0.911111 0.017188 0.038889
0 0.586328 0.031944 0.014844 0.027778
0 0.709766 0.131944 0.022656 0.030556
0 0.674219 0.895139 0.023438 0.037500
0 0.048047 0.219444 0.017969 0.047222
0 0.067187 0.082639 0.018750 0.034722
0 0.038281 0.066667 0.023438 0.041667
0 0.126172 0.181250 0.027344 0.045833
0 0.177344 0.361806 0.026562 0.048611
0 0.387891 0.133333 0.016406 0.036111
0 0.416406 0.956944 0.026562 0.036111
0 0.940234 0.738194 0.019531 0.043056
0 0.613672 0.245833 0.016406 0.027778
0 0.106641 0.402083 0.027344 0.048611
0 0.505859 0.511806 0.016406 0.029167
0 0.524219 0.729167 0.025000 0.033333
0 0.684766 0.252083 0.019531 0.040278
0 0.577734 0.540278 0.019531 0.027778
0 0.506250 0.901389 0.020313 0.047222
0 0.600391 0.953472 0.027344 0.026389
0 0.862891 0.084722 0.027344 0.036111
0 0.209375 0.527083 0.018750 0.037500
0 0.614062 0.903472 0.017188 0.040278
0 0.157422 0.570833 0.022656 0.030556
0 0.870703 0.852778 0.014844 0.030556
0 0.658203 0.093750 0.022656 0.026389
0 0.656641 0.050000 0.022656 0.027778
0 0.355078 0.934028 0.014844 0.034722
0 0.907031 0.370139 0.026562 0.026389
0 0.105078 0.614583 0.019531 0.043056
0 0.771484 0.072917 0.019531 0.029167
0 0.793750 0.197222 0.018750 0.050000
0 0.143359 0.497917 0.025781 0.043056
0 0.062891 0.328472 0.021094 0.026389
0 0.218750 0.452778 0.023438 0.036111
0 0.054688 0.617361 0.018750 0.029167
0 0.512500 0.469444 0.015625 0.038889
0 0.044531 0.268056 0.017188 0.038889
0 0.741406 0.174306 0.018750 0.043056
0 0.180469 0.435417 0.026562 0.040278
0 0.408984 0.490972 0.024219 0.037500
0 0.103906 0.788194 0.018750 0.037500
0 0.698047 0.058333 0.021094 0.038889
0 0.732812 0.267361 0.026562 0.034722
0 0.906250 0.717361 0.026562 0.031944
0 0.101562 0.043750 0.015625 0.048611
0 0.959766 0.841667 0.019531 0.050000
0 0.120703 0.301389 0.016406 0.025000
0 0.249609 0.963889 0.021094 0.038889
0 0.874219 0.379167 0.018750 0.047222
0 0.648828 0.241667 0.014844 0.033333
0 0.489844 0.820833 0.025000 0.050000
0 0.109375 0.513889 0.017188 0.033333
0 0.900000 0.245139 0.017188 0.043056
0 0.475000 0.497917 0.026562 0.026389
0 0.066406 0.509028 0.026562 0.031944
0 0.978906 0.362500 0.015625 0.030556
0 0.876563 0.933333 0.015625 0.041667
0 0.535156 0.947917 0.025000 0.029167
0 0.091406 0.870139 0.018750 0.043056
0 0.787109 0.130556 0.024219 0.036111
0 0.362500 0.065278 0.026562 0.050000
0 0.141016 0.895833 0.027344 0.030556
0 0.033594 0.800000 0.023438 0.027778
0 0.817187 0.174306 0.014063 0.043056
0 0.972656 0.243056 0.020313 0.050000
0 0.971875 0.085417 0.018750 0.026389
0 0.619531 0.177778 0.020313 0.044444
0 0.405859 0.070833 0.022656 0.050000
0 0.473438 0.552083 0.023438 0.040278
0 0.550000 0.743056 0.014063 0.036111
0 0.160547 0.087500 0.027344 0.027778
0 0.071875 0.029861 0.023438 0.026389
0 0.850000 0.393056 0.021875 0.025000
0 0.712109 0.915278 0.025781 0.038889
0 0.307031 0.381250 0.017188 0.045833
0 0.656250 0.144444 0.017188 0.036111
0 0.485938 0.047917 0.018750 0.037500
0 0.931641 0.847917 0.017969 0.029167
0 0.978516 0.692361 0.019531 0.034722
0 0.281641 0.492361 0.017969 0.031944
0 0.879297 0.156944 0.022656 0.050000
0 0.077734 0.195139 0.014844 0.026389
0 0.106641 0.720833 0.014844 0.033333
0 0.900781 0.823611 0.014063 0.027778
0 0.930078 0.066667 0.019531 0.025000
0 0.619922 0.042361 0.021094 0.048611
0 0.148828 0.836806 0.017969 0.045833
0 0.113281 0.450694 0.020313 0.029167
0 0.414844 0.897222 0.014063 0.027778
0 0.937891 0.368750 0.016406 0.043056
0 0.714063 0.844444 0.018750 0.038889
1 0.234766 0.743056 0.142969 0.277778
1 0.693359 0.444444 0.158594 0.302778
1 0.492188 0.279861 0.125000 0.284722
1 0.407031 0.745139 0.115625 0.229167
1 0.907422 0.529861 0.127344 0.220833
1 0.627344 0.738194 0.128125 0.215278
1 0.237891 0.185417 0.111719 0.276389
1 0.790234 0.836806 0.105469 0.184722