0 0.316406 0.736328 0.042969 0.035156
0 0.425781 0.074219 0.058594 0.042969
0 0.577148 0.304688 0.037109 0.046875
0 0.280273 0.941406 0.041016 0.042969
0 0.586914 0.157227 0.033203 0.044922
0 0.939453 0.139648 0.058594 0.041016
0 0.740234 0.508789 0.054688 0.033203
0 0.940430 0.406250 0.048828 0.035156
0 0.320312 0.788086 0.042969 0.052734
0 0.046875 0.270508 0.058594 0.033203
0 0.352539 0.840820 0.044922 0.037109
0 0.509766 0.358398 0.039062 0.048828
0 0.855469 0.438477 0.042969 0.033203
0 0.059570 0.461914 0.056641 0.037109
0 0.085938 0.336914 0.039062 0.037109
0 0.675781 0.561523 0.039062 0.056641
0 0.284180 0.359375 0.041016 0.039062
0 0.093750 0.630859 0.031250 0.039062
0 0.909180 0.484375 0.052734 0.035156
0 0.339844 0.914062 0.035156 0.039062
0 0.376953 0.377930 0.042969 0.041016
0 0.061523 0.937500 0.037109 0.039062
0 0.894531 0.939453 0.058594 0.039062
0 0.088867 0.516602 0.041016 0.041016
0 0.352539 0.317383 0.044922 0.044922
0 0.746094 0.864258 0.035156 0.037109
0 0.876953 0.325195 0.031250 0.041016
0 0.676758 0.922852 0.052734 0.052734
0 0.555664 0.688477 0.041016 0.056641
0 0.902344 0.852539 0.039062 0.052734
0 0.645508 0.695312 0.048828 0.039062
0 0.343750 0.555664 0.031250 0.041016
0 0.345703 0.117188 0.039062 0.035156
0 0.033203 0.591797 0.031250 0.058594
0 0.146484 0.043945 0.050781 0.037109
0 0.880859 0.261719 0.054688 0.031250
0 0.935547 0.196289 0.058594 0.052734
0 0.780273 0.963867 0.048828 0.033203
0 0.944336 0.793945 0.048828 0.048828
0 0.090820 0.169922 0.037109 0.035156
0 0.548828 0.054688 0.046875 0.046875
0 0.947266 0.324219 0.046875 0.039062
0 0.859375 0.597656 0.042969 0.031250
0 0.666992 0.488281 0.041016 0.035156
0 0.217773 0.337891 0.048828 0.031250
0 0.387695 0.720703 0.056641 0.042969
0 0.819336 0.886719 0.044922 0.054688
0 0.265625 0.105469 0.031250 0.046875
0 0.953125 0.726562 0.042969 0.050781
1 0.714844 0.345703 0.164062 0.175781
1 0.536133 0.851562 0.193359 0.203125
1 0.232422 0.214844 0.230469 0.136719
1 0.177734 0.776367 0.140625 0.173828
1 0.793945 0.719727 0.212891 0.193359
1 0.470703 0.526367 0.207031 0.228516
1 0.751953 0.130859 0.257812 0.207031
1 0.196289 0.522461 0.150391 0.259766
1 0.474609 0.221680 0.140625 0.193359