0 0.083984 0.669922 0.046875 0.054688
0 0.386719 0.789062 0.050781 0.046875
0 0.529297 0.082031 0.058594 0.035156
0 0.084961 0.394531 0.056641 0.054688
0 0.495117 0.941406 0.052734 0.039062
0 0.437500 0.214844 0.042969 0.050781
0 0.128906 0.048828 0.039062 0.031250
0 0.080078 0.176758 0.035156 0.033203
0 0.690430 0.607422 0.044922 0.050781
0 0.571289 0.431641 0.033203 0.035156
0 0.470703 0.369141 0.058594 0.035156
0 0.595703 0.493164 0.054688 0.052734
0 0.110352 0.942383 0.052734 0.052734
0 0.929688 0.125000 0.058594 0.035156
0 0.544922 0.682617 0.050781 0.041016
0 0.643555 0.726562 0.048828 0.035156
0 0.705078 0.435547 0.035156 0.042969
0 0.096680 0.563477 0.033203 0.044922
0 0.504883 0.496094 0.052734 0.058594
0 0.826172 0.320312 0.058594 0.031250
0 0.379883 0.084961 0.056641 0.044922
0 0.205078 0.126953 0.058594 0.039062
0 0.408203 0.158203 0.031250 0.035156
0 0.766602 0.663086 0.041016 0.048828
0 0.433594 0.864258 0.031250 0.052734
0 0.659180 0.532227 0.037109 0.048828
0 0.069336 0.859375 0.037109 0.054688
0 0.546875 0.843750 0.054688 0.042969
0 0.732422 0.764648 0.050781 0.048828
0 0.465820 0.684570 0.052734 0.033203
0 0.842773 0.453125 0.041016 0.035156
0 0.402344 0.932617 0.031250 0.033203
0 0.887695 0.359375 0.041016 0.042969
0 0.644531 0.944336 0.031250 0.033203
0 0.462891 0.745117 0.035156 0.033203
0 0.814453 0.041016 0.031250 0.042969
0 0.073242 0.237305 0.056641 0.052734
1 0.746094 0.183594 0.261719 0.222656
1 0.273438 0.619141 0.207031 0.253906
1 0.303711 0.346680 0.208984 0.201172
1 0.806641 0.557617 0.167969 0.142578
1 0.887695 0.812500 0.162109 0.250000
1 0.233398 0.891602 0.150391 0.173828