0 0.305664 0.926758 0.033203 0.056641
0 0.844727 0.594727 0.033203 0.044922
0 0.384766 0.599609 0.046875 0.054688
0 0.896484 0.675781 0.054688 0.039062
0 0.638672 0.089844 0.046875 0.054688
0 0.307617 0.833008 0.052734 0.044922
0 0.860352 0.889648 0.048828 0.044922
0 0.271484 0.701172 0.058594 0.058594
0 0.905273 0.748047 0.033203 0.058594
0 0.628906 0.387695 0.042969 0.044922
0 0.460938 0.617188 0.054688 0.035156
0 0.567383 0.671875 0.041016 0.039062
0 0.707031 0.394531 0.042969 0.046875
0 0.596680 0.179688 0.033203 0.031250
0 0.463867 0.671875 0.041016 0.050781
0 0.203125 0.367188 0.058594 0.054688
0 0.924805 0.398438 0.056641 0.058594
0 0.956055 0.856445 0.044922 0.037109
0 0.264648 0.577148 0.037109 0.037109
0 0.669922 0.327148 0.054688 0.041016
0 0.588867 0.554688 0.052734 0.058594
0 0.044922 0.935547 0.050781 0.058594
0 0.047852 0.320312 0.041016 0.050781
0 0.925781 0.210938 0.031250 0.039062
0 0.197266 0.838867 0.035156 0.033203
0 0.695312 0.666016 0.031250 0.058594
0 0.576172 0.246094 0.054688 0.035156
0 0.123047 0.459961 0.039062 0.044922
0 0.041016 0.756836 0.031250 0.052734
0 0.308594 0.638672 0.035156 0.031250
0 0.799805 0.658203 0.048828 0.058594
0 0.074219 0.499023 0.042969 0.033203
0 0.273438 0.491211 0.039062 0.033203
0 0.108398 0.911133 0.041016 0.041016
0 0.563477 0.072266 0.044922 0.042969
0 0.958984 0.646484 0.046875 0.042969
0 0.563477 0.859375 0.056641 0.050781
0 0.700195 0.509766 0.041016 0.046875
0 0.109375 0.404297 0.042969 0.035156
0 0.648438 0.563477 0.050781 0.033203
0 0.296875 0.212891 0.031250 0.035156
0 0.564453 0.751953 0.039062 0.046875
0 0.951172 0.514648 0.042969 0.033203
0 0.345703 0.710938 0.058594 0.058594
0 0.306641 0.161133 0.031250 0.037109
0 0.255859 0.443359 0.039062 0.039062
0 0.598633 0.623047 0.037109 0.039062
0 0.136719 0.347656 0.035156 0.050781
0 0.960938 0.057617 0.031250 0.048828
1 0.427734 0.436523 0.218750 0.244141
1 0.431641 0.845703 0.175781 0.191406
1 0.808594 0.435547 0.144531 0.222656
1 0.144531 0.677734 0.148438 0.265625
1 0.718750 0.843750 0.203125 0.257812
1 0.175781 0.181641 0.195312 0.234375
1 0.788086 0.169922 0.228516 0.230469
1 0.431641 0.160156 0.203125 0.238281