0 0.904687 0.437500 0.018750 0.036111
0 0.601562 0.781944 0.015625 0.041667
0 0.441406 0.352778 0.014063 0.036111
0 0.305859 0.166667 0.019531 0.044444
0 0.633203 0.382639 0.021094 0.048611
0 0.240625 0.955556 0.020313 0.033333
0 0.944922 0.854861 0.019531 0.048611
0 0.560156 0.917361 0.025000 0.031944
0 0.334375 0.097222 0.028125 0.038889
0 0.478125 0.572917 0.023438 0.026389
0 0.681641 0.363194 0.027344 0.040278
0 0.962891 0.092361 0.021094 0.040278
0 0.031250 0.443750 0.028125 0.034722
0 0.133984 0.136111 0.021094 0.044444
0 0.093750 0.271528 0.015625 0.034722
0 0.639453 0.081250 0.019531 0.037500
0 0.440234 0.225694 0.017969 0.043056
0 0.898047 0.115972 0.019531 0.048611
0 0.924609 0.171528 0.022656 0.037500
0 0.292969 0.105556 0.018750 0.030556
0 0.130078 0.070833 0.016406 0.044444
0 0.340234 0.536806 0.021094 0.034722
0 0.413281 0.509722 0.017188 0.041667
0 0.242578 0.909722 0.027344 0.047222
0 0.860547 0.784722 0.021094 0.041667
0 0.932422 0.601389 0.014844 0.041667
0 0.625391 0.624306 0.019531 0.029167
0 0.055078 0.195833 0.019531 0.044444
0 0.326562 0.712500 0.015625 0.025000
0 0.882812 0.922917 0.021875 0.026389
0 0.067969 0.788194 0.014063 0.048611
0 0.421484 0.436806 0.021094 0.029167
0 0.644922 0.740278 0.024219 0.033333
0 0.145703 0.289583 0.025781 0.029167
0 0.037500 0.624306 0.021875 0.045833
0 0.392969 0.128472 0.021875 0.026389
0 0.035547 0.727083 0.019531 0.045833
0 0.655078 0.307639 0.024219 0.048611
0 0.830469 0.744444 0.021875 0.047222
0 0.888672 0.231250 0.025781 0.031944
0 0.335156 0.639583 0.018750 0.029167
0 0.878906 0.310417 0.020313 0.031944
0 0.753516 0.872222 0.021094 0.033333
0 0.970313 0.577778 0.018750 0.030556
0 0.453516 0.636111 0.022656 0.025000
0 0.598828 0.619444 0.017969 0.030556
0 0.304297 0.540972 0.021094 0.031944
0 0.874219 0.581250 0.028125 0.034722
0 0.642188 0.167361 0.014063 0.043056
0 0.535547 0.501389 0.024219 0.027778
0 0.946484 0.297222 0.027344 0.041667
0 0.426172 0.269444 0.014844 0.030556
0 0.885938 0.638889 0.014063 0.050000
0 0.413281 0.846528 0.028125 0.043056
0 0.202344 0.100000 0.028125 0.038889
0 0.406641 0.747222 0.024219 0.030556
0 0.803906 0.037500 0.028125 0.038889
0 0.044531 0.300694 0.026562 0.037500
0 0.277734 0.593056 0.025781 0.033333
0 0.026562 0.232639 0.020313 0.034722
0 0.958594 0.752083 0.026562 0.031944
0 0.961719 0.629167 0.020313 0.033333
0 0.137500 0.202778 0.017188 0.025000
0 0.553906 0.580556 0.014063 0.041667
0 0.246094 0.621528 0.028125 0.031944
0 0.150391 0.901389 0.014844 0.025000
0 0.795703 0.925000 0.024219 0.025000
0 0.421875 0.934722 0.028125 0.027778
0 0.828906 0.279861 0.020313 0.029167
0 0.366406 0.681944 0.015625 0.027778
0 0.581250 0.671528 0.015625 0.040278
0 0.751953 0.775000 0.025781 0.050000
1 0.526172 0.281250 0.132031 0.265278
1 0.749609 0.602083 0.133594 0.201389
1 0.297266 0.384722 0.128906 0.225000
1 0.133203 0.570139 0.146094 0.209722
1 0.519922 0.742361 0.097656 0.234722
1 0.753906 0.303472 0.104688 0.284722
1 0.320312 0.836806 0.112500 0.187500