0 0.742969 0.513889 0.018750 0.025000
0 0.217188 0.897917 0.028125 0.037500
0 0.718750 0.436111 0.028125 0.027778
0 0.034375 0.579167 0.017188 0.036111
0 0.238672 0.166667 0.022656 0.030556
0 0.207813 0.796528 0.015625 0.048611
0 0.447656 0.328472 0.014063 0.043056
0 0.025391 0.258333 0.021094 0.044444
0 0.033203 0.697917 0.024219 0.037500
0 0.816016 0.927778 0.017969 0.036111
0 0.979688 0.192361 0.021875 0.048611
0 0.898047 0.477083 0.016406 0.034722
0 0.052734 0.903472 0.024219 0.040278
0 0.958594 0.650694 0.023438 0.037500
0 0.833203 0.131944 0.016406 0.038889
0 0.932422 0.601389 0.017969 0.025000
0 0.515234 0.129167 0.017969 0.027778
0 0.797266 0.056944 0.021094 0.030556
0 0.172656 0.163889 0.023438 0.025000
0 0.240234 0.713194 0.017969 0.034722
0 0.943359 0.529861 0.022656 0.037500
0 0.064844 0.287500 0.018750 0.047222
0 0.829688 0.651389 0.028125 0.033333
0 0.972656 0.771528 0.026562 0.037500
0 0.057422 0.237500 0.019531 0.027778
0 0.056641 0.046528 0.025781 0.043056
0 0.159766 0.880556 0.021094 0.036111
0 0.498047 0.877778 0.022656 0.025000
0 0.512500 0.438194 0.025000 0.029167
0 0.676172 0.936806 0.014844 0.040278
0 0.886719 0.056944 0.023438 0.033333
0 0.289062 0.204167 0.028125 0.044444
0 0.618750 0.597917 0.026562 0.037500
0 0.092969 0.767361 0.021875 0.043056
0 0.733594 0.384722 0.017188 0.025000
0 0.850000 0.536806 0.028125 0.037500
0 0.236719 0.795139 0.023438 0.026389
0 0.481641 0.395139 0.027344 0.040278
0 0.721875 0.929167 0.028125 0.041667
0 0.842578 0.932639 0.019531 0.040278
0 0.136328 0.653472 0.024219 0.031944
0 0.389453 0.455556 0.022656 0.050000
0 0.499219 0.722222 0.018750 0.027778
0 0.525000 0.387500 0.015625 0.047222
0 0.572656 0.263889 0.026562 0.044444
0 0.141406 0.943750 0.020313 0.037500
0 0.763281 0.070833 0.018750 0.036111
0 0.048047 0.465278 0.014844 0.030556
0 0.855469 0.073611 0.015625 0.027778
0 0.584766 0.586111 0.017969 0.044444
0 0.942578 0.415278 0.024219 0.044444
0 0.203125 0.125000 0.015625 0.030556
0 0.505469 0.844444 0.018750 0.030556
0 0.266797 0.097222 0.025781 0.038889
0 0.629297 0.897222 0.024219 0.041667
0 0.111328 0.097917 0.021094 0.031944
0 0.104297 0.671528 0.014844 0.043056
0 0.094922 0.903472 0.019531 0.048611
0 0.119531 0.586111 0.026562 0.033333
0 0.594922 0.962500 0.022656 0.036111
0 0.158203 0.805556 0.014844 0.047222
0 0.759766 0.901389 0.027344 0.025000
0 0.299219 0.814583 0.025000 0.034722
0 0.562109 0.089583 0.019531 0.040278
0 0.534375 0.860417 0.028125 0.031944
0 0.758594 0.197917 0.023438 0.026389
0 0.054688 0.747917 0.018750 0.031944
0 0.490625 0.766667 0.020313 0.041667
0 0.228516 0.050694 0.027344 0.043056
0 0.911328 0.556250 0.027344 0.037500
0 0.122656 0.161111 0.018750 0.030556
0 0.259766 0.888194 0.017969 0.048611
0 0.348438 0.396528 0.018750 0.043056
1 0.382422 0.223611 0.107031 0.275000
1 0.841016 0.341667 0.160156 0.183333
1 0.616406 0.422222 0.140625 0.200000
1 0.265234 0.597222 0.164844 0.180556
1 0.691016 0.744444 0.169531 0.219444
1 0.165625 0.362500 0.115625 0.238889
1 0.883203 0.788889 0.113281 0.191667
1 0.452734 0.585417 0.149219 0.187500
1 0.675000 0.177778 0.129688 0.180556
1 0.393359 0.836111 0.149219 0.222222