0 0.102539 0.303711 0.052734 0.056641
0 0.122070 0.946289 0.037109 0.041016
0 0.115234 0.574219 0.039062 0.058594
0 0.050781 0.212891 0.054688 0.050781
0 0.838867 0.346680 0.044922 0.033203
0 0.641602 0.346680 0.044922 0.033203
0 0.433594 0.443359 0.039062 0.050781
0 0.872070 0.950195 0.044922 0.048828
0 0.704102 0.164062 0.037109 0.054688
0 0.230469 0.155273 0.042969 0.052734
0 0.125000 0.809570 0.050781 0.041016
0 0.643555 0.208984 0.044922 0.042969
0 0.050781 0.632812 0.058594 0.031250
0 0.612305 0.043945 0.041016 0.044922
0 0.514648 0.361328 0.033203 0.050781
0 0.148438 0.057617 0.058594 0.048828
0 0.793945 0.776367 0.052734 0.033203
0 0.767578 0.582031 0.050781 0.050781
0 0.832031 0.526367 0.050781 0.041016
0 0.355469 0.693359 0.046875 0.042969
0 0.673828 0.072266 0.046875 0.058594
0 0.134766 0.126953 0.050781 0.050781
0 0.250977 0.700195 0.056641 0.048828
0 0.091797 0.044922 0.035156 0.046875
0 0.920898 0.746094 0.056641 0.054688
0 0.124023 0.658203 0.048828 0.035156
0 0.802734 0.687500 0.031250 0.035156
0 0.942383 0.178711 0.037109 0.048828
0 0.789062 0.942383 0.035156 0.044922
0 0.795898 0.038086 0.056641 0.041016
0 0.826172 0.423828 0.042969 0.054688
1 0.294922 0.840820 0.242188 0.201172
1 0.602539 0.504883 0.244141 0.173828
1 0.285156 0.473633 0.222656 0.259766
1 0.605469 0.795898 0.265625 0.263672
1 0.498047 0.203125 0.199219 0.160156
1 0.836914 0.192383 0.146484 0.173828