0 0.816797 0.614583 0.014844 0.034722
0 0.073047 0.367361 0.019531 0.026389
0 0.157031 0.827778 0.018750 0.050000
0 0.031641 0.408333 0.019531 0.047222
0 0.333203 0.892361 0.014844 0.048611
0 0.299219 0.255556 0.021875 0.030556
0 0.804688 0.032639 0.020313 0.026389
0 0.433594 0.827778 0.026562 0.050000
0 0.201563 0.847222 0.015625 0.047222
0 0.514844 0.629861 0.026562 0.048611
0 0.976562 0.332639 0.021875 0.043056
0 0.740625 0.925694 0.028125 0.040278
0 0.259375 0.105556 0.021875 0.033333
0 0.539062 0.800694 0.017188 0.045833
0 0.414453 0.119444 0.016406 0.041667
0 0.592578 0.911111 0.024219 0.030556
0 0.704688 0.913889 0.020313 0.025000
0 0.827734 0.395833 0.024219 0.050000
0 0.382812 0.434722 0.021875 0.025000
0 0.345313 0.825000 0.023438 0.025000
0 0.763281 0.143056 0.020313 0.036111
0 0.751953 0.092361 0.024219 0.029167
0 0.891797 0.712500 0.022656 0.044444
0 0.457031 0.682639 0.015625 0.045833
0 0.046875 0.338194 0.015625 0.029167
0 0.034375 0.718056 0.017188 0.041667
0 0.541406 0.361111 0.015625 0.030556
0 0.404687 0.055556 0.025000 0.033333
0 0.844922 0.115278 0.024219 0.047222
0 0.591406 0.760417 0.025000 0.037500
0 0.066406 0.088889 0.015625 0.025000
0 0.925781 0.249306 0.014063 0.040278
0 0.534375 0.734028 0.015625 0.040278
0 0.117578 0.423611 0.022656 0.047222
0 0.577734 0.707639 0.025781 0.045833
0 0.648828 0.293056 0.024219 0.041667
0 0.335547 0.188194 0.019531 0.037500
0 0.029297 0.238889 0.022656 0.025000
0 0.308594 0.359028 0.015625 0.026389
0 0.098047 0.060417 0.017969 0.045833
0 0.466797 0.747222 0.025781 0.041667
0 0.195703 0.893750 0.027344 0.026389
0 0.069141 0.797222 0.019531 0.047222
0 0.884375 0.287500 0.021875 0.027778
0 0.973047 0.548611 0.016406 0.038889
0 0.948828 0.618750 0.021094 0.037500
0 0.912500 0.117361 0.020313 0.031944
0 0.136719 0.929861 0.026562 0.037500
0 0.879687 0.241667 0.015625 0.036111
0 0.258203 0.955556 0.016406 0.038889
0 0.271484 0.898611 0.016406 0.030556
0 0.289844 0.132639 0.021875 0.037500
0 0.030078 0.869444 0.025781 0.041667
0 0.261328 0.143056 0.016406 0.030556
0 0.101172 0.870139 0.016406 0.037500
0 0.614062 0.802778 0.026562 0.036111
0 0.775000 0.633333 0.023438 0.041667
0 0.349219 0.044444 0.025000 0.033333
0 0.260547 0.031944 0.014844 0.030556
0 0.117969 0.256944 0.020313 0.041667
0 0.800781 0.478472 0.026562 0.029167
0 0.038281 0.155556 0.025000 0.030556
0 0.803125 0.705556 0.014063 0.025000
0 0.309766 0.321528 0.014844 0.034722
0 0.922656 0.454167 0.014063 0.038889
0 0.209766 0.047222 0.017969 0.025000
0 0.941406 0.716667 0.014063 0.033333
0 0.148047 0.712500 0.027344 0.027778
0 0.701562 0.373611 0.021875 0.044444
0 0.858594 0.643056 0.025000 0.038889
0 0.541797 0.916667 0.019531 0.041667
0 0.770312 0.236806 0.021875 0.034722
0 0.817187 0.075694 0.014063 0.026389
0 0.126953 0.782639 0.019531 0.026389
0 0.888672 0.511111 0.014844 0.050000
0 0.131641 0.313194 0.017969 0.043056
0 0.402344 0.873611 0.020313 0.050000
0 0.921484 0.594444 0.022656 0.027778
0 0.673828 0.838889 0.019531 0.041667
0 0.397656 0.786111 0.025000 0.027778
0 0.496875 0.809028 0.014063 0.037500
0 0.970313 0.931250 0.018750 0.034722
0 0.794922 0.200000 0.016406 0.025000
0 0.957031 0.390972 0.020313 0.026389
1 0.707422 0.652083 0.102344 0.279167
1 0.548438 0.478472 0.137500 0.176389
1 0.115234 0.576389 0.153906 0.191667
1 0.640625 0.144444 0.135937 0.183333
1 0.858594 0.852778 0.171875 0.194444
1 0.376953 0.557639 0.135156 0.198611
1 0.425000 0.243056 0.112500 0.172222
1 0.224219 0.307639 0.103125 0.262500