0 0.721680 0.097656 0.033203 0.042969
0 0.839844 0.853516 0.058594 0.046875
0 0.231445 0.051758 0.041016 0.037109
0 0.095703 0.061523 0.039062 0.048828
0 0.508789 0.118164 0.048828 0.037109
0 0.603516 0.652344 0.050781 0.050781
0 0.356445 0.622070 0.041016 0.056641
0 0.840820 0.703125 0.037109 0.058594
0 0.827148 0.913086 0.052734 0.056641
0 0.937500 0.271484 0.054688 0.054688
0 0.581055 0.527344 0.041016 0.042969
0 0.042969 0.821289 0.031250 0.044922
0 0.936523 0.138672 0.041016 0.058594
0 0.609375 0.191406 0.042969 0.046875
0 0.865234 0.777344 0.031250 0.058594
0 0.675781 0.878906 0.046875 0.050781
0 0.490234 0.540039 0.050781 0.052734
0 0.611328 0.247070 0.054688 0.048828
0 0.902344 0.351562 0.058594 0.039062
0 0.736328 0.934570 0.050781 0.044922
0 0.910156 0.049805 0.035156 0.056641
0 0.537109 0.627930 0.058594 0.041016
0 0.696289 0.684570 0.037109 0.041016
0 0.031250 0.087891 0.031250 0.042969
0 0.520508 0.899414 0.041016 0.048828
0 0.339844 0.095703 0.050781 0.042969
0 0.492188 0.738281 0.042969 0.046875
0 0.914062 0.427734 0.046875 0.039062
0 0.619141 0.327148 0.042969 0.048828
0 0.091797 0.836914 0.046875 0.052734
0 0.545898 0.042969 0.044922 0.035156
1 0.467773 0.278320 0.205078 0.169922
1 0.154297 0.649414 0.257812 0.185547
1 0.755859 0.426758 0.203125 0.232422
1 0.169922 0.231445 0.218750 0.189453
1 0.329102 0.861328 0.193359 0.152344
1 0.751953 0.208008 0.140625 0.138672