0 0.760547 0.529167 0.014844 0.044444
0 0.626563 0.581944 0.014063 0.047222
0 0.316797 0.308333 0.024219 0.033333
0 0.493750 0.831250 0.015625 0.040278
0 0.273828 0.936806 0.017969 0.031944
0 0.470313 0.872917 0.020313 0.045833
0 0.380859 0.906944 0.016406 0.025000
0 0.582422 0.411111 0.014844 0.027778
0 0.960547 0.312500 0.025781 0.044444
0 0.714844 0.643056 0.020313 0.036111
0 0.974609 0.525000 0.014844 0.038889
0 0.907813 0.064583 0.020313 0.048611
0 0.257422 0.052083 0.021094 0.029167
0 0.358984 0.204167 0.017969 0.050000
0 0.609375 0.933333 0.023438 0.030556
0 0.609766 0.407639 0.016406 0.043056
0 0.314063 0.788889 0.021875 0.025000
0 0.815625 0.335417 0.017188 0.031944
0 0.587891 0.856250 0.027344 0.029167
0 0.936328 0.556944 0.027344 0.038889
0 0.687891 0.496528 0.024219 0.043056
0 0.554688 0.413194 0.021875 0.043056
0 0.510547 0.146528 0.017969 0.048611
0 0.839844 0.589583 0.025000 0.031944
0 0.324609 0.440972 0.027344 0.043056
0 0.353516 0.059028 0.021094 0.031944
0 0.238281 0.859028 0.018750 0.043056
0 0.656641 0.589583 0.022656 0.029167
0 0.651953 0.391667 0.016406 0.033333
0 0.283203 0.188889 0.025781 0.041667
0 0.396484 0.752083 0.024219 0.034722
0 0.965234 0.704167 0.017969 0.044444
0 0.320312 0.959028 0.018750 0.048611
0 0.727344 0.340972 0.018750 0.034722
0 0.329297 0.868056 0.027344 0.038889
0 0.697266 0.048611 0.025781 0.050000
0 0.065234 0.302083 0.024219 0.026389
0 0.525781 0.195139 0.017188 0.037500
0 0.978516 0.823611 0.017969 0.050000
0 0.769141 0.721528 0.016406 0.037500
0 0.410156 0.813194 0.025000 0.031944
0 0.978906 0.075000 0.015625 0.027778
0 0.044531 0.266667 0.018750 0.025000
0 0.280469 0.819444 0.015625 0.044444
0 0.444531 0.902083 0.017188 0.040278
0 0.879297 0.096528 0.017969 0.048611
0 0.342969 0.116667 0.015625 0.041667
0 0.041016 0.047917 0.017969 0.031944
0 0.148438 0.134722 0.014063 0.050000
0 0.032422 0.369444 0.024219 0.030556
0 0.262891 0.334028 0.016406 0.037500
0 0.053125 0.808333 0.023438 0.041667
0 0.075391 0.217361 0.019531 0.037500
0 0.307812 0.106250 0.020313 0.037500
0 0.048828 0.147917 0.025781 0.031944
0 0.037500 0.744444 0.015625 0.027778
0 0.160156 0.552778 0.018750 0.025000
0 0.487500 0.488889 0.018750 0.030556
0 0.663672 0.516667 0.017969 0.047222
0 0.380859 0.392361 0.025781 0.034722
0 0.654687 0.688889 0.014063 0.025000
0 0.372266 0.953472 0.017969 0.037500
0 0.930078 0.225694 0.025781 0.031944
0 0.257031 0.120139 0.021875 0.043056
0 0.025781 0.502083 0.021875 0.040278
0 0.056250 0.640278 0.017188 0.027778
0 0.034375 0.416667 0.025000 0.036111
0 0.086719 0.033333 0.017188 0.027778
0 0.180859 0.096528 0.017969 0.048611
0 0.457422 0.516667 0.022656 0.033333
0 0.058984 0.375694 0.014844 0.043056
0 0.083594 0.581944 0.025000 0.030556
0 0.970703 0.444444 0.027344 0.030556
0 0.822656 0.936806 0.021875 0.048611
0 0.963672 0.931250 0.019531 0.031944
0 0.122266 0.123611 0.022656 0.050000
0 0.050781 0.863889 0.015625 0.038889
0 0.898438 0.579861 0.020313 0.045833
0 0.276953 0.450000 0.027344 0.038889
0 0.716797 0.956250 0.024219 0.034722
0 0.250391 0.172917 0.024219 0.037500
0 0.321094 0.035417 0.025000 0.031944
0 0.395703 0.513194 0.024219 0.045833
0 0.963281 0.164583 0.018750 0.040278
0 0.416797 0.954861 0.019531 0.037500
0 0.751953 0.404167 0.025781 0.036111
0 0.362891 0.318056 0.021094 0.047222
0 0.976953 0.408333 0.021094 0.030556
1 0.139063 0.837500 0.135937 0.177778
1 0.465234 0.344444 0.113281 0.211111
1 0.173047 0.356250 0.133594 0.298611
1 0.860938 0.765972 0.145313 0.245833
1 0.785547 0.177778 0.138281 0.258333
1 0.521484 0.658333 0.121094 0.230556
1 0.851953 0.458333 0.107031 0.169444
1 0.302344 0.661806 0.150000 0.184722
1 0.678906 0.827083 0.104688 0.201389
1 0.621094 0.220139 0.140625 0.218056