0 0.905273 0.088867 0.056641 0.041016
0 0.399414 0.955078 0.048828 0.054688
0 0.090820 0.648438 0.041016 0.039062
0 0.671875 0.410156 0.058594 0.046875
0 0.050781 0.905273 0.035156 0.044922
0 0.794922 0.218750 0.031250 0.046875
0 0.813477 0.146484 0.052734 0.046875
0 0.037109 0.097656 0.042969 0.046875
0 0.896484 0.770508 0.031250 0.033203
0 0.919922 0.474609 0.046875 0.039062
0 0.959961 0.853516 0.041016 0.035156
0 0.622070 0.708008 0.052734 0.048828
0 0.495117 0.372070 0.041016 0.044922
0 0.036133 0.685547 0.041016 0.054688
0 0.271484 0.430664 0.042969 0.056641
0 0.372070 0.440430 0.044922 0.048828
0 0.739258 0.038086 0.033203 0.033203
0 0.882812 0.137695 0.054688 0.037109
0 0.541016 0.599609 0.054688 0.058594
0 0.045898 0.797852 0.044922 0.052734
0 0.814453 0.440430 0.031250 0.052734
0 0.917969 0.707031 0.042969 0.050781
0 0.922852 0.652344 0.056641 0.039062
0 0.535156 0.175781 0.042969 0.035156
0 0.875000 0.843750 0.042969 0.054688
0 0.218750 0.943359 0.050781 0.031250
0 0.212891 0.074219 0.042969 0.035156
0 0.436523 0.366211 0.048828 0.048828
0 0.299805 0.285156 0.037109 0.050781
0 0.831055 0.035156 0.033203 0.039062
0 0.923828 0.585938 0.035156 0.035156
0 0.833984 0.670898 0.031250 0.033203
0 0.755859 0.346680 0.031250 0.041016
0 0.495117 0.814453 0.033203 0.035156
0 0.581055 0.041016 0.052734 0.039062
0 0.928711 0.916992 0.056641 0.041016
0 0.484375 0.309570 0.054688 0.037109
0 0.189453 0.719727 0.058594 0.037109
0 0.393555 0.875977 0.044922 0.037109
1 0.357422 0.598633 0.257812 0.228516
1 0.147461 0.232422 0.251953 0.187500
1 0.238281 0.850586 0.179688 0.138672
1 0.721680 0.571289 0.236328 0.150391
1 0.646484 0.200195 0.164062 0.193359
1 0.120117 0.473633 0.142578 0.228516
1 0.895508 0.286133 0.138672 0.169922
1 0.669922 0.858398 0.269531 0.201172
1 0.410156 0.135742 0.156250 0.205078