0 0.296875 0.813477 0.050781 0.033203
0 0.286133 0.250977 0.037109 0.044922
0 0.591797 0.560547 0.058594 0.039062
0 0.773438 0.746094 0.035156 0.039062
0 0.578125 0.452148 0.031250 0.052734
0 0.870117 0.343750 0.033203 0.039062
0 0.434570 0.482422 0.052734 0.058594
0 0.192383 0.951172 0.041016 0.050781
0 0.380859 0.333984 0.058594 0.031250
0 0.939453 0.390625 0.035156 0.046875
0 0.524414 0.485352 0.037109 0.056641
0 0.442383 0.845703 0.048828 0.054688
0 0.365234 0.853516 0.031250 0.054688
0 0.138672 0.480469 0.039062 0.039062
0 0.420898 0.663086 0.044922 0.048828
0 0.489258 0.670898 0.037109 0.052734
0 0.791992 0.817383 0.041016 0.033203
0 0.106445 0.129883 0.052734 0.044922
0 0.353516 0.137695 0.031250 0.044922
0 0.049805 0.762695 0.048828 0.052734
0 0.679688 0.316406 0.042969 0.039062
0 0.251953 0.958008 0.054688 0.048828
0 0.892578 0.491211 0.042969 0.033203
0 0.962891 0.777344 0.039062 0.054688
0 0.458984 0.074219 0.035156 0.035156
0 0.317383 0.327148 0.052734 0.044922
0 0.863281 0.947266 0.039062 0.031250
0 0.327148 0.731445 0.048828 0.033203
0 0.081055 0.911133 0.048828 0.037109
0 0.375977 0.245117 0.044922 0.033203
0 0.061523 0.551758 0.041016 0.056641
0 0.128906 0.062500 0.035156 0.039062
0 0.943359 0.646484 0.031250 0.031250
0 0.400391 0.749023 0.042969 0.044922
0 0.918945 0.243164 0.041016 0.044922
0 0.298828 0.194336 0.031250 0.033203
0 0.057617 0.219727 0.048828 0.052734
0 0.185547 0.831055 0.050781 0.048828
0 0.534180 0.068359 0.056641 0.058594
0 0.516602 0.572266 0.044922 0.046875
0 0.502930 0.766602 0.048828 0.052734
0 0.836914 0.589844 0.048828 0.039062
0 0.731445 0.908203 0.048828 0.046875
0 0.278320 0.060547 0.033203 0.039062
0 0.786133 0.328125 0.033203 0.035156
0 0.344727 0.493164 0.037109 0.037109
0 0.912109 0.735352 0.042969 0.048828
0 0.041016 0.632812 0.050781 0.042969
0 0.457031 0.405273 0.042969 0.033203
0 0.629883 0.040039 0.041016 0.033203
1 0.568359 0.225586 0.156250 0.193359
1 0.206055 0.648438 0.177734 0.273438
1 0.762695 0.480469 0.197266 0.144531
1 0.640625 0.700195 0.152344 0.201172
1 0.827148 0.094727 0.208984 0.154297
1 0.133789 0.348633 0.201172 0.150391