0 0.523047 0.915278 0.025781 0.047222
0 0.937109 0.078472 0.014844 0.045833
0 0.458594 0.068750 0.015625 0.037500
0 0.570312 0.101389 0.017188 0.038889
0 0.928125 0.488889 0.017188 0.030556
0 0.274219 0.045833 0.014063 0.025000
0 0.640625 0.349306 0.017188 0.031944
0 0.625000 0.622917 0.014063 0.045833
0 0.741406 0.349306 0.017188 0.031944
0 0.032031 0.950000 0.015625 0.025000
0 0.064453 0.234722 0.019531 0.030556
0 0.210938 0.568056 0.015625 0.050000
0 0.754687 0.231944 0.026562 0.047222
0 0.962500 0.672917 0.021875 0.045833
0 0.707812 0.334722 0.021875 0.036111
0 0.574609 0.049306 0.014844 0.029167
0 0.217188 0.780556 0.026562 0.030556
0 0.883594 0.586111 0.020313 0.041667
0 0.743359 0.921528 0.019531 0.026389
0 0.750000 0.688889 0.015625 0.030556
0 0.564453 0.943750 0.017969 0.026389
0 0.193750 0.970139 0.014063 0.026389
0 0.182812 0.100000 0.020313 0.050000
0 0.911328 0.145833 0.025781 0.030556
0 0.821875 0.602778 0.023438 0.030556
0 0.291797 0.613194 0.022656 0.034722
0 0.733984 0.777083 0.024219 0.034722
0 0.953516 0.131250 0.025781 0.029167
0 0.208984 0.050000 0.017969 0.033333
0 0.334766 0.576389 0.022656 0.033333
0 0.671875 0.657639 0.026562 0.043056
0 0.604297 0.236111 0.025781 0.050000
0 0.475781 0.954167 0.015625 0.041667
0 0.160938 0.210417 0.028125 0.031944
0 0.296484 0.736111 0.024219 0.027778
0 0.608594 0.763889 0.028125 0.027778
0 0.214844 0.447222 0.015625 0.030556
0 0.676953 0.113889 0.024219 0.025000
0 0.525000 0.040972 0.014063 0.034722
0 0.463672 0.907639 0.019531 0.034722
0 0.420312 0.867361 0.015625 0.031944
0 0.239453 0.697222 0.022656 0.050000
0 0.842578 0.470833 0.017969 0.025000
0 0.633594 0.681944 0.020313 0.038889
0 0.710547 0.713889 0.019531 0.050000
0 0.569531 0.327778 0.025000 0.027778
0 0.193750 0.208333 0.017188 0.036111
0 0.254688 0.613194 0.015625 0.031944
0 0.870703 0.109028 0.022656 0.034722
0 0.816016 0.456250 0.017969 0.031944
0 0.778125 0.107639 0.015625 0.043056
0 0.798828 0.329861 0.024219 0.026389
0 0.412891 0.077083 0.014844 0.034722
0 0.630469 0.281944 0.020313 0.050000
0 0.275391 0.795833 0.024219 0.036111
0 0.646875 0.169444 0.017188 0.044444
0 0.155859 0.081250 0.022656 0.045833
0 0.796875 0.229167 0.025000 0.041667
0 0.130078 0.261806 0.021094 0.034722
0 0.678516 0.812500 0.017969 0.047222
0 0.189844 0.272222 0.020313 0.044444
0 0.979688 0.456250 0.021875 0.037500
0 0.704297 0.934722 0.019531 0.025000
0 0.604688 0.145833 0.026562 0.041667
0 0.684766 0.178472 0.025781 0.026389
0 0.159766 0.852083 0.014844 0.040278
0 0.052344 0.622222 0.017188 0.044444
0 0.328516 0.121528 0.022656 0.034722
0 0.973047 0.613194 0.021094 0.037500
0 0.494141 0.911806 0.016406 0.031944
0 0.587500 0.395833 0.017188 0.025000
0 0.186719 0.762500 0.020313 0.047222
0 0.204297 0.338889 0.014844 0.025000
0 0.701562 0.640278 0.025000 0.033333
1 0.297266 0.420833 0.117969 0.255556
1 0.900000 0.311806 0.114062 0.276389
1 0.671484 0.468750 0.099219 0.179167
1 0.464062 0.268750 0.162500 0.268056
1 0.504687 0.754167 0.096875 0.247222
1 0.089844 0.788194 0.114062 0.254167
1 0.087891 0.422222 0.127344 0.258333
1 0.857422 0.809028 0.171094 0.287500