0 0.426758 0.548828 0.048828 0.058594
0 0.479492 0.748047 0.052734 0.042969
0 0.906250 0.289062 0.031250 0.035156
0 0.783203 0.428711 0.054688 0.044922
0 0.264648 0.058594 0.052734 0.054688
0 0.786133 0.922852 0.037109 0.037109
0 0.079102 0.654297 0.044922 0.046875
0 0.462891 0.307617 0.035156 0.033203
0 0.255859 0.585938 0.035156 0.031250
0 0.103516 0.315430 0.046875 0.056641
0 0.141602 0.871094 0.037109 0.031250
0 0.657227 0.838867 0.033203 0.041016
0 0.551758 0.625000 0.033203 0.031250
0 0.746094 0.358398 0.046875 0.044922
0 0.551758 0.701172 0.037109 0.042969
0 0.354492 0.570312 0.048828 0.042969
0 0.794922 0.595703 0.035156 0.050781
0 0.428711 0.451172 0.037109 0.050781
0 0.757812 0.811523 0.042969 0.041016
0 0.466797 0.917969 0.046875 0.046875
0 0.291016 0.959961 0.050781 0.033203
0 0.459961 0.648438 0.056641 0.050781
0 0.060547 0.087891 0.058594 0.031250
0 0.739258 0.662109 0.052734 0.042969
0 0.092773 0.845703 0.033203 0.035156
0 0.660156 0.590820 0.042969 0.033203
0 0.554688 0.820312 0.042969 0.035156
0 0.792969 0.875000 0.035156 0.035156
0 0.156250 0.685547 0.058594 0.031250
0 0.245117 0.535156 0.052734 0.031250
0 0.708008 0.920898 0.052734 0.033203
0 0.218750 0.154297 0.042969 0.046875
0 0.923828 0.890625 0.031250 0.058594
0 0.226562 0.218750 0.050781 0.031250
0 0.812500 0.294922 0.050781 0.042969
0 0.877930 0.517578 0.044922 0.054688
0 0.079102 0.705078 0.041016 0.031250
0 0.110352 0.538086 0.041016 0.041016
0 0.620117 0.952148 0.037109 0.037109
0 0.872070 0.444336 0.048828 0.048828
0 0.656250 0.728516 0.058594 0.031250
0 0.168945 0.763672 0.037109 0.058594
0 0.112305 0.583984 0.044922 0.031250
0 0.056641 0.205078 0.050781 0.039062
0 0.952148 0.365234 0.044922 0.035156
0 0.068359 0.773438 0.035156 0.046875
0 0.691406 0.236328 0.031250 0.035156
0 0.198242 0.949219 0.056641 0.046875
0 0.333984 0.134766 0.031250 0.058594
1 0.301758 0.738281 0.173828 0.253906
1 0.533203 0.123047 0.257812 0.207031
1 0.602539 0.373047 0.142578 0.152344
1 0.875000 0.756836 0.175781 0.142578
1 0.278320 0.352539 0.240234 0.169922
1 0.863281 0.123047 0.152344 0.199219