0 0.242188 0.903320 0.035156 0.044922
0 0.543945 0.649414 0.033203 0.041016
0 0.411133 0.900391 0.044922 0.054688
0 0.672852 0.074219 0.041016 0.058594
0 0.251953 0.651367 0.058594 0.037109
0 0.844727 0.916016 0.033203 0.050781
0 0.184570 0.933594 0.048828 0.050781
0 0.525391 0.800781 0.031250 0.046875
0 0.795898 0.226562 0.041016 0.046875
0 0.935547 0.059570 0.054688 0.037109
0 0.441406 0.961914 0.035156 0.037109
0 0.319336 0.637695 0.033203 0.048828
0 0.500977 0.726562 0.052734 0.042969
0 0.380859 0.790039 0.046875 0.056641
0 0.240234 0.315430 0.031250 0.033203
0 0.114258 0.670898 0.033203 0.033203
0 0.069336 0.515625 0.048828 0.046875
0 0.537109 0.208984 0.042969 0.042969
0 0.767578 0.888672 0.046875 0.058594
0 0.057617 0.803711 0.044922 0.041016
0 0.838867 0.131836 0.037109 0.033203
0 0.357422 0.857422 0.042969 0.042969
0 0.132812 0.752930 0.050781 0.048828
0 0.872070 0.632812 0.041016 0.050781
0 0.916016 0.228516 0.054688 0.054688
0 0.942383 0.578125 0.033203 0.031250
0 0.597656 0.136719 0.054688 0.046875
0 0.049805 0.950195 0.044922 0.056641
0 0.605469 0.237305 0.058594 0.041016
0 0.496094 0.140625 0.039062 0.046875
0 0.063477 0.393555 0.041016 0.041016
0 0.414062 0.574219 0.046875 0.054688
0 0.114258 0.803711 0.052734 0.037109
0 0.507812 0.065430 0.054688 0.056641
0 0.902344 0.943359 0.031250 0.042969
0 0.112305 0.374023 0.041016 0.048828
0 0.942383 0.146484 0.041016 0.035156
0 0.261719 0.961914 0.042969 0.044922
1 0.340820 0.139648 0.212891 0.146484
1 0.241211 0.503906 0.236328 0.191406
1 0.243164 0.759766 0.150391 0.144531
1 0.766602 0.375000 0.248047 0.222656
1 0.487305 0.394531 0.208984 0.238281
1 0.120117 0.210938 0.154297 0.218750
1 0.711914 0.717773 0.232422 0.220703