0 0.710156 0.475000 0.025000 0.033333
0 0.555078 0.873611 0.021094 0.038889
0 0.256641 0.605556 0.019531 0.044444
0 0.512891 0.059028 0.017969 0.045833
0 0.485156 0.756944 0.020313 0.027778
0 0.326172 0.770139 0.025781 0.029167
0 0.713672 0.106250 0.016406 0.048611
0 0.857812 0.724306 0.015625 0.034722
0 0.342969 0.954167 0.017188 0.047222
0 0.022266 0.440278 0.022656 0.027778
0 0.770703 0.559028 0.019531 0.026389
0 0.365234 0.148611 0.021094 0.038889
0 0.259375 0.100694 0.021875 0.040278
0 0.495312 0.634722 0.028125 0.038889
0 0.207813 0.379167 0.025000 0.041667
0 0.221094 0.295833 0.020313 0.027778
0 0.398828 0.120139 0.021094 0.037500
0 0.282422 0.569444 0.019531 0.027778
0 0.777344 0.728472 0.017188 0.045833
0 0.446094 0.311111 0.014063 0.025000
0 0.486328 0.166667 0.022656 0.050000
0 0.796484 0.666667 0.017969 0.038889
0 0.026172 0.293056 0.024219 0.025000
0 0.227734 0.477778 0.016406 0.033333
0 0.191406 0.506944 0.018750 0.044444
0 0.466797 0.509722 0.014844 0.033333
0 0.729688 0.404167 0.014063 0.033333
0 0.498437 0.802778 0.021875 0.038889
0 0.923828 0.522917 0.021094 0.037500
0 0.904297 0.768056 0.019531 0.038889
0 0.423438 0.472917 0.028125 0.045833
0 0.430078 0.421528 0.027344 0.029167
0 0.300000 0.070833 0.017188 0.030556
0 0.707422 0.802083 0.024219 0.043056
0 0.755859 0.622917 0.027344 0.040278
0 0.953516 0.749306 0.021094 0.048611
0 0.800391 0.826389 0.021094 0.038889
0 0.434375 0.195833 0.023438 0.041667
0 0.200000 0.459028 0.026562 0.026389
0 0.482031 0.939583 0.023438 0.040278
0 0.970313 0.897917 0.028125 0.034722
0 0.039844 0.809722 0.017188 0.036111
0 0.719531 0.897222 0.026562 0.044444
0 0.667969 0.375694 0.017188 0.040278
0 0.955859 0.486111 0.024219 0.036111
0 0.025391 0.081944 0.022656 0.036111
0 0.666797 0.895833 0.024219 0.025000
0 0.025000 0.218750 0.015625 0.045833
0 0.327344 0.827778 0.015625 0.047222
0 0.646094 0.427778 0.025000 0.030556
0 0.737109 0.845833 0.022656 0.025000
0 0.735938 0.313889 0.028125 0.050000
0 0.196094 0.610417 0.015625 0.031944
0 0.032031 0.625694 0.021875 0.037500
0 0.833594 0.663194 0.021875 0.026389
0 0.783984 0.274306 0.027344 0.026389
0 0.153906 0.305556 0.018750 0.036111
0 0.531250 0.568750 0.017188 0.026389
0 0.657813 0.493750 0.026562 0.026389
0 0.946094 0.373611 0.017188 0.025000
0 0.560937 0.512500 0.026562 0.030556
0 0.446875 0.797222 0.021875 0.030556
0 0.057031 0.633333 0.017188 0.025000
0 0.060547 0.265972 0.021094 0.045833
0 0.950000 0.970139 0.025000 0.026389
0 0.766797 0.873611 0.019531 0.044444
0 0.429297 0.945139 0.024219 0.048611
0 0.106250 0.957639 0.014063 0.048611
0 0.528125 0.783333 0.028125 0.027778
0 0.105469 0.156944 0.018750 0.038889
0 0.419922 0.897917 0.021094 0.034722
0 0.320312 0.145139 0.026562 0.037500
0 0.954297 0.688194 0.016406 0.026389
0 0.765625 0.361111 0.025000 0.050000
0 0.421094 0.265972 0.021875 0.037500
0 0.548828 0.470139 0.019531 0.026389
0 0.681641 0.292361 0.027344 0.045833
0 0.616406 0.850694 0.021875 0.043056
0 0.930469 0.867361 0.020313 0.040278
0 0.575781 0.724306 0.028125 0.045833
0 0.975781 0.418750 0.021875 0.045833
0 0.025000 0.904167 0.021875 0.050000
0 0.910156 0.390278 0.018750 0.033333
0 0.672656 0.834722 0.020313 0.036111
0 0.457422 0.042361 0.024219 0.034722
0 0.075000 0.202778 0.021875 0.027778
1 0.879297 0.259028 0.147656 0.170833
1 0.380078 0.637500 0.144531 0.197222
1 0.851953 0.529167 0.107031 0.219444
1 0.530859 0.320833 0.139844 0.227778
1 0.135547 0.785417 0.108594 0.204167
1 0.174219 0.161806 0.093750 0.220833
1 0.106641 0.458333 0.119531 0.244444
1 0.676172 0.638889 0.114844 0.222222
1 0.337891 0.342361 0.133594 0.295833