0 0.562500 0.889648 0.058594 0.052734
0 0.270508 0.125000 0.041016 0.035156
0 0.395508 0.157227 0.052734 0.048828
0 0.938477 0.882812 0.056641 0.031250
0 0.546875 0.468750 0.042969 0.039062
0 0.428711 0.875977 0.048828 0.041016
0 0.885742 0.156250 0.056641 0.035156
0 0.485352 0.934570 0.056641 0.052734
0 0.169922 0.627930 0.046875 0.033203
0 0.831055 0.960938 0.052734 0.046875
0 0.149414 0.358398 0.056641 0.044922
0 0.885742 0.076172 0.033203 0.039062
0 0.753906 0.090820 0.054688 0.041016
0 0.296875 0.269531 0.031250 0.058594
0 0.092773 0.668945 0.033203 0.048828
0 0.958008 0.497070 0.048828 0.044922
0 0.302734 0.382812 0.042969 0.035156
0 0.355469 0.779297 0.039062 0.058594
0 0.160156 0.478516 0.050781 0.031250
0 0.257812 0.632812 0.058594 0.054688
0 0.459961 0.651367 0.033203 0.037109
0 0.059570 0.945312 0.048828 0.058594
0 0.324219 0.906250 0.039062 0.046875
0 0.074219 0.314453 0.058594 0.050781
0 0.158203 0.935547 0.031250 0.039062
0 0.368164 0.695312 0.056641 0.058594
0 0.663086 0.851562 0.037109 0.042969
0 0.362305 0.327148 0.052734 0.052734
0 0.097656 0.416992 0.042969 0.048828
0 0.250000 0.323242 0.035156 0.048828
0 0.759766 0.194336 0.035156 0.041016
1 0.354492 0.511719 0.216797 0.148438
1 0.178711 0.799805 0.259766 0.150391
1 0.826172 0.361328 0.214844 0.179688
1 0.564453 0.231445 0.238281 0.248047
1 0.589844 0.662109 0.175781 0.261719
1 0.155273 0.139648 0.169922 0.216797
1 0.832031 0.660156 0.261719 0.246094