0 0.025391 0.410417 0.016406 0.031944
0 0.956250 0.877778 0.015625 0.044444
0 0.476953 0.591667 0.014844 0.038889
0 0.980469 0.698611 0.018750 0.038889
0 0.394531 0.363889 0.020313 0.050000
0 0.950391 0.212500 0.027344 0.050000
0 0.835156 0.564583 0.026562 0.040278
0 0.497656 0.848611 0.015625 0.030556
0 0.318359 0.111111 0.017969 0.027778
0 0.528516 0.794444 0.017969 0.036111
0 0.591016 0.421528 0.022656 0.045833
0 0.609375 0.776389 0.025000 0.036111
0 0.968359 0.052778 0.022656 0.033333
0 0.423047 0.184722 0.022656 0.044444
0 0.325000 0.463194 0.026562 0.040278
0 0.169922 0.725694 0.027344 0.026389
0 0.335938 0.244444 0.026562 0.044444
0 0.473438 0.472917 0.017188 0.029167
0 0.031250 0.750000 0.025000 0.027778
0 0.938281 0.070139 0.023438 0.026389
0 0.805859 0.280556 0.017969 0.050000
0 0.566406 0.893750 0.020313 0.031944
0 0.544141 0.463889 0.027344 0.025000
0 0.242969 0.388194 0.026562 0.031944
0 0.049609 0.652083 0.016406 0.040278
0 0.980078 0.103472 0.021094 0.040278
0 0.066406 0.782639 0.026562 0.026389
0 0.424609 0.284028 0.016406 0.031944
0 0.508203 0.421528 0.017969 0.037500
0 0.780078 0.491667 0.022656 0.044444
0 0.927734 0.779167 0.014844 0.033333
0 0.683984 0.465972 0.021094 0.029167
0 0.387500 0.421528 0.014063 0.029167
0 0.893359 0.663194 0.022656 0.037500
0 0.413281 0.072222 0.023438 0.025000
0 0.105859 0.738889 0.025781 0.036111
0 0.599609 0.937500 0.025781 0.030556
0 0.708594 0.402083 0.023438 0.029167
0 0.893750 0.138194 0.020313 0.037500
0 0.132422 0.684722 0.014844 0.033333
0 0.937891 0.317361 0.016406 0.040278
0 0.459375 0.402778 0.028125 0.030556
0 0.135547 0.725694 0.021094 0.029167
0 0.547266 0.402778 0.017969 0.044444
0 0.387891 0.493056 0.016406 0.027778
0 0.366016 0.473611 0.019531 0.036111
0 0.418750 0.323611 0.015625 0.030556
0 0.260937 0.350694 0.023438 0.031944
0 0.661328 0.794444 0.025781 0.041667
0 0.961328 0.797222 0.021094 0.036111
0 0.763672 0.576389 0.019531 0.030556
0 0.101172 0.055556 0.019531 0.027778
0 0.869531 0.229167 0.028125 0.050000
0 0.876953 0.899306 0.016406 0.037500
0 0.601562 0.839583 0.023438 0.040278
0 0.852344 0.081250 0.015625 0.048611
0 0.460938 0.228472 0.014063 0.040278
0 0.828125 0.050694 0.021875 0.026389
0 0.386328 0.202083 0.022656 0.040278
0 0.757031 0.481944 0.014063 0.038889
0 0.842187 0.267361 0.015625 0.037500
0 0.056250 0.743750 0.017188 0.029167
0 0.295312 0.354167 0.015625 0.030556
0 0.362891 0.117361 0.017969 0.031944
0 0.944141 0.715972 0.014844 0.031944
0 0.596875 0.366667 0.014063 0.030556
0 0.892188 0.797222 0.015625 0.036111
0 0.059766 0.956250 0.019531 0.026389
0 0.063672 0.896528 0.024219 0.026389
0 0.050391 0.429861 0.017969 0.048611
0 0.800391 0.174306 0.017969 0.048611
0 0.506641 0.909028 0.027344 0.037500
0 0.932813 0.109722 0.015625 0.038889
0 0.584375 0.059028 0.028125 0.034722
0 0.030469 0.518750 0.017188 0.040278
0 0.515625 0.373611 0.023438 0.027778
0 0.935547 0.949306 0.016406 0.029167
0 0.344922 0.188194 0.021094 0.048611
0 0.423828 0.513889 0.024219 0.050000
0 0.410938 0.597222 0.026562 0.033333
0 0.031250 0.372917 0.015625 0.026389
0 0.720313 0.047222 0.026562 0.033333
0 0.051953 0.604167 0.027344 0.036111
0 0.424609 0.386806 0.021094 0.026389
0 0.024219 0.850694 0.021875 0.045833
0 0.639453 0.047222 0.016406 0.038889
0 0.017578 0.244444 0.014844 0.047222
0 0.785937 0.564583 0.017188 0.031944
0 0.732812 0.552778 0.018750 0.036111
0 0.139844 0.040972 0.026562 0.045833
0 0.637891 0.361111 0.014844 0.033333
0 0.026953 0.790972 0.027344 0.043056
0 0.952344 0.157639 0.015625 0.037500
0 0.337891 0.402083 0.014844 0.040278
0 0.960547 0.945833 0.016406 0.038889
0 0.471484 0.634722 0.014844 0.033333
0 0.351172 0.570833 0.027344 0.025000
0 0.847656 0.138889 0.020313 0.033333
0 0.935547 0.270139 0.017969 0.026389
0 0.414844 0.438889 0.023438 0.047222
0 0.513672 0.741667 0.027344 0.027778
0 0.950391 0.677778 0.014844 0.033333
0 0.679688 0.347917 0.023438 0.048611
0 0.446484 0.638889 0.017969 0.027778
0 0.946094 0.569444 0.017188 0.036111
0 0.912109 0.886111 0.024219 0.030556
0 0.350391 0.311111 0.022656 0.036111
0 0.472656 0.353472 0.028125 0.037500
0 0.780859 0.345139 0.019531 0.048611
0 0.805859 0.384028 0.014844 0.031944
1 0.146875 0.860417 0.117188 0.190278
1 0.585156 0.601389 0.162500 0.219444
1 0.252734 0.547222 0.105469 0.183333
1 0.775000 0.793056 0.167187 0.288889
1 0.719141 0.193056 0.125781 0.208333
1 0.560547 0.201389 0.157031 0.222222
1 0.232422 0.176389 0.139844 0.266667
1 0.898828 0.445139 0.136719 0.179167
1 0.394531 0.802778 0.167187 0.275000