0 0.077148 0.916992 0.044922 0.052734
0 0.275391 0.637695 0.039062 0.056641
0 0.918945 0.144531 0.052734 0.050781
0 0.354492 0.106445 0.044922 0.041016
0 0.543945 0.168945 0.037109 0.037109
0 0.551758 0.902344 0.052734 0.031250
0 0.110352 0.039062 0.033203 0.042969
0 0.169922 0.180664 0.042969 0.052734
0 0.425781 0.627930 0.035156 0.037109
0 0.207031 0.049805 0.035156 0.056641
0 0.565430 0.722656 0.033203 0.031250
0 0.454102 0.835938 0.056641 0.058594
0 0.952148 0.677734 0.056641 0.042969
0 0.113281 0.848633 0.035156 0.041016
0 0.445312 0.476562 0.035156 0.058594
0 0.523438 0.041016 0.031250 0.050781
0 0.048828 0.650391 0.039062 0.035156
0 0.067383 0.710938 0.037109 0.050781
0 0.185547 0.933594 0.058594 0.058594
0 0.504883 0.635742 0.056641 0.044922
0 0.083008 0.148438 0.044922 0.035156
0 0.702148 0.630859 0.056641 0.035156
0 0.548828 0.246094 0.042969 0.050781
0 0.545898 0.792969 0.052734 0.054688
0 0.594727 0.043945 0.037109 0.056641
0 0.603516 0.274414 0.035156 0.052734
0 0.599609 0.772461 0.039062 0.037109
0 0.365234 0.666992 0.042969 0.041016
0 0.236328 0.187500 0.050781 0.046875
0 0.150391 0.765625 0.031250 0.039062
0 0.961914 0.958008 0.041016 0.041016
0 0.489258 0.936523 0.056641 0.044922
0 0.090820 0.570312 0.041016 0.039062
0 0.912109 0.876953 0.035156 0.039062
0 0.480469 0.120117 0.050781 0.037109
0 0.087891 0.778320 0.031250 0.048828
0 0.667969 0.948242 0.042969 0.037109
0 0.220703 0.243164 0.054688 0.033203
0 0.348633 0.046875 0.052734 0.058594
0 0.062500 0.849609 0.031250 0.054688
0 0.316406 0.470703 0.035156 0.054688
0 0.719727 0.456055 0.044922 0.044922
0 0.211914 0.803711 0.033203 0.044922
1 0.390625 0.303711 0.195312 0.251953
1 0.752930 0.148438 0.236328 0.160156
1 0.752930 0.803711 0.248047 0.232422
1 0.811523 0.579102 0.138672 0.138672
1 0.333008 0.836914 0.169922 0.232422
1 0.614258 0.443359 0.138672 0.265625
1 0.145508 0.407227 0.173828 0.251953
1 0.866211 0.403320 0.201172 0.138672