0 0.748047 0.088867 0.046875 0.041016
0 0.108398 0.703125 0.048828 0.058594
0 0.863281 0.865234 0.042969 0.031250
0 0.375000 0.622070 0.035156 0.033203
0 0.859375 0.286133 0.035156 0.044922
0 0.323242 0.291016 0.037109 0.050781
0 0.751953 0.818359 0.054688 0.054688
0 0.757812 0.753906 0.042969 0.058594
0 0.489258 0.768555 0.056641 0.052734
0 0.451172 0.679688 0.050781 0.054688
0 0.574219 0.681641 0.031250 0.039062
0 0.891602 0.426758 0.033203 0.044922
0 0.507812 0.579102 0.054688 0.052734
0 0.408203 0.405273 0.031250 0.052734
0 0.361328 0.504883 0.050781 0.037109
0 0.460938 0.092773 0.054688 0.048828
0 0.052734 0.416992 0.058594 0.033203
0 0.391602 0.868164 0.056641 0.048828
0 0.848633 0.165039 0.052734 0.044922
0 0.630859 0.399414 0.042969 0.033203
0 0.064453 0.073242 0.039062 0.048828
0 0.701172 0.859375 0.031250 0.054688
0 0.726562 0.395508 0.054688 0.052734
0 0.544922 0.520508 0.054688 0.044922
0 0.333008 0.208984 0.056641 0.035156
0 0.042969 0.704102 0.046875 0.056641
0 0.919922 0.049805 0.050781 0.037109
0 0.088867 0.225586 0.041016 0.048828
0 0.420898 0.522461 0.037109 0.041016
0 0.898438 0.484375 0.054688 0.050781
0 0.956055 0.789062 0.056641 0.035156
0 0.310547 0.096680 0.046875 0.033203
0 0.921875 0.884766 0.046875 0.050781
0 0.372070 0.134766 0.033203 0.058594
0 0.668945 0.085938 0.037109 0.058594
0 0.146484 0.521484 0.046875 0.050781
0 0.738281 0.312500 0.042969 0.039062
0 0.810547 0.093750 0.046875 0.054688
0 0.888672 0.727539 0.046875 0.033203
0 0.203125 0.131836 0.050781 0.037109
0 0.520508 0.460938 0.048828 0.039062
0 0.476562 0.827148 0.054688 0.037109
0 0.783203 0.928711 0.046875 0.041016
0 0.125000 0.440430 0.031250 0.048828
0 0.922852 0.240234 0.033203 0.050781
0 0.772461 0.179688 0.044922 0.039062
1 0.547852 0.284180 0.271484 0.173828
1 0.721680 0.560547 0.244141 0.226562
1 0.596680 0.853516 0.142578 0.195312
1 0.218750 0.273438 0.156250 0.222656
1 0.264648 0.658203 0.142578 0.199219
1 0.202148 0.878906 0.255859 0.167969