0 0.150391 0.296875 0.050781 0.031250
0 0.587891 0.124023 0.039062 0.044922
0 0.672852 0.934570 0.056641 0.033203
0 0.145508 0.735352 0.056641 0.056641
0 0.096680 0.034180 0.041016 0.037109
0 0.166992 0.603516 0.052734 0.050781
0 0.296875 0.127930 0.039062 0.056641
0 0.443359 0.098633 0.046875 0.037109
0 0.954102 0.771484 0.056641 0.031250
0 0.054688 0.740234 0.058594 0.031250
0 0.168945 0.137695 0.037109 0.056641
0 0.731445 0.911133 0.037109 0.048828
0 0.456055 0.516602 0.037109 0.037109
0 0.063477 0.342773 0.048828 0.033203
0 0.043945 0.551758 0.041016 0.048828
0 0.662109 0.659180 0.039062 0.033203
0 0.458008 0.949219 0.052734 0.046875
0 0.450195 0.171875 0.041016 0.058594
0 0.083984 0.689453 0.046875 0.031250
0 0.070312 0.817383 0.058594 0.052734
0 0.903320 0.722656 0.037109 0.039062
0 0.226562 0.933594 0.031250 0.035156
0 0.114258 0.529297 0.052734 0.046875
0 0.096680 0.893555 0.037109 0.041016
0 0.957031 0.527344 0.031250 0.050781
0 0.283203 0.058594 0.039062 0.042969
0 0.217773 0.767578 0.037109 0.042969
0 0.295898 0.935547 0.033203 0.035156
0 0.596680 0.442383 0.056641 0.041016
0 0.570312 0.914062 0.039062 0.046875
0 0.214844 0.210938 0.058594 0.039062
0 0.633789 0.379883 0.041016 0.044922
0 0.470703 0.825195 0.042969 0.037109
0 0.291016 0.273438 0.050781 0.054688
1 0.816406 0.367188 0.207031 0.210938
1 0.343750 0.743164 0.164062 0.228516
1 0.267578 0.439453 0.210938 0.207031
1 0.486328 0.299805 0.175781 0.162109
1 0.791992 0.642578 0.138672 0.242188
1 0.595703 0.773438 0.183594 0.152344
1 0.566406 0.556641 0.136719 0.167969
1 0.774414 0.116211 0.236328 0.162109