0 0.230469 0.922852 0.058594 0.048828
0 0.832031 0.609375 0.039062 0.042969
0 0.417969 0.072266 0.035156 0.054688
0 0.138672 0.799805 0.042969 0.048828
0 0.389648 0.340820 0.052734 0.041016
0 0.889648 0.096680 0.052734 0.056641
0 0.632812 0.081055 0.058594 0.044922
0 0.437500 0.886719 0.054688 0.050781
0 0.442383 0.953125 0.033203 0.031250
0 0.593750 0.966797 0.054688 0.031250
0 0.056641 0.546875 0.058594 0.039062
0 0.430664 0.130859 0.033203 0.031250
0 0.260742 0.081055 0.041016 0.041016
0 0.521484 0.036133 0.054688 0.041016
0 0.118164 0.935547 0.056641 0.046875
0 0.071289 0.799805 0.048828 0.048828
0 0.679688 0.460938 0.039062 0.031250
0 0.885742 0.951172 0.033203 0.035156
0 0.664062 0.912109 0.035156 0.035156
0 0.331055 0.065430 0.041016 0.056641
0 0.362305 0.917969 0.048828 0.031250
0 0.932617 0.587891 0.033203 0.035156
0 0.406250 0.204102 0.046875 0.033203
0 0.237305 0.864258 0.052734 0.048828
0 0.040039 0.287109 0.048828 0.031250
0 0.126953 0.734375 0.046875 0.039062
0 0.766602 0.075195 0.037109 0.056641
0 0.529297 0.858398 0.046875 0.041016
0 0.033203 0.372070 0.031250 0.041016
0 0.045898 0.088867 0.056641 0.056641
0 0.709961 0.224609 0.048828 0.046875
0 0.482422 0.715820 0.039062 0.056641
0 0.783203 0.958984 0.039062 0.050781
0 0.398438 0.253906 0.058594 0.031250
0 0.566406 0.918945 0.050781 0.041016
0 0.531250 0.804688 0.050781 0.050781
0 0.666016 0.533203 0.035156 0.058594
0 0.071289 0.478516 0.048828 0.042969
0 0.060547 0.734375 0.050781 0.035156
0 0.190430 0.060547 0.052734 0.050781
0 0.707031 0.132812 0.042969 0.042969
0 0.104492 0.075195 0.033203 0.052734
0 0.492188 0.644531 0.042969 0.031250
0 0.729492 0.938477 0.041016 0.041016
0 0.696289 0.084961 0.041016 0.033203
0 0.758789 0.585938 0.052734 0.031250
0 0.537109 0.688477 0.031250 0.033203
0 0.331055 0.333008 0.037109 0.044922
1 0.566406 0.243164 0.214844 0.263672
1 0.674805 0.750000 0.181641 0.207031
1 0.326172 0.732422 0.250000 0.179688
1 0.854492 0.452148 0.228516 0.212891
1 0.181641 0.250000 0.207031 0.207031
1 0.219727 0.485352 0.224609 0.205078
1 0.854492 0.221680 0.197266 0.142578
1 0.507812 0.502930 0.265625 0.201172
1 0.861328 0.789062 0.144531 0.246094