0 0.687500 0.113281 0.058594 0.031250
0 0.703125 0.433594 0.042969 0.058594
0 0.924805 0.491211 0.037109 0.052734
0 0.553711 0.390625 0.041016 0.035156
0 0.229492 0.137695 0.041016 0.033203
0 0.607422 0.149414 0.054688 0.056641
0 0.230469 0.831055 0.050781 0.041016
0 0.448242 0.402344 0.033203 0.039062
0 0.596680 0.261719 0.037109 0.046875
0 0.253906 0.898438 0.039062 0.054688
0 0.623047 0.836914 0.046875 0.056641
0 0.848633 0.445312 0.037109 0.039062
0 0.788086 0.371094 0.037109 0.035156
0 0.412109 0.931641 0.042969 0.031250
0 0.681641 0.601562 0.031250 0.050781
0 0.677734 0.918945 0.039062 0.041016
0 0.441406 0.547852 0.058594 0.037109
0 0.612305 0.649414 0.052734 0.033203
0 0.583984 0.333984 0.031250 0.039062
0 0.137695 0.497070 0.056641 0.041016
0 0.895508 0.371094 0.048828 0.046875
0 0.580078 0.710938 0.058594 0.046875
0 0.196289 0.206055 0.041016 0.033203
0 0.575195 0.462891 0.052734 0.046875
0 0.568359 0.053711 0.046875 0.033203
0 0.688477 0.510742 0.048828 0.048828
0 0.640625 0.449219 0.031250 0.039062
0 0.586914 0.936523 0.033203 0.048828
0 0.796875 0.785156 0.050781 0.035156
0 0.671875 0.693359 0.046875 0.058594
0 0.500977 0.509766 0.041016 0.031250
0 0.426758 0.595703 0.048828 0.031250
0 0.503906 0.958984 0.039062 0.035156
0 0.953125 0.042969 0.054688 0.039062
0 0.364258 0.845703 0.037109 0.054688
0 0.046875 0.310547 0.031250 0.054688
0 0.564453 0.819336 0.046875 0.033203
0 0.125977 0.425781 0.048828 0.054688
0 0.634766 0.495117 0.035156 0.037109
0 0.636719 0.335938 0.031250 0.035156
0 0.575195 0.595703 0.048828 0.046875
0 0.330078 0.056641 0.031250 0.031250
0 0.702148 0.782227 0.041016 0.037109
0 0.328125 0.598633 0.054688 0.048828
0 0.052734 0.481445 0.042969 0.033203
0 0.866211 0.053711 0.037109 0.037109
0 0.320312 0.545898 0.058594 0.041016
0 0.037109 0.428711 0.035156 0.052734
0 0.209961 0.311523 0.033203 0.041016
0 0.891602 0.766602 0.037109 0.033203
1 0.312500 0.448242 0.222656 0.138672
1 0.833008 0.233398 0.259766 0.162109
1 0.407227 0.731445 0.240234 0.146484
1 0.804688 0.638672 0.187500 0.171875
1 0.396484 0.205078 0.261719 0.246094
1 0.115234 0.868164 0.164062 0.181641
1 0.091797 0.156250 0.136719 0.230469
1 0.136719 0.625977 0.218750 0.166016
1 0.839844 0.897461 0.171875 0.166016