0 0.378906 0.600586 0.046875 0.056641
0 0.381836 0.066406 0.041016 0.031250
0 0.139648 0.790039 0.044922 0.033203
0 0.806641 0.500977 0.039062 0.037109
0 0.403320 0.175781 0.041016 0.031250
0 0.081055 0.961914 0.033203 0.044922
0 0.319336 0.335938 0.056641 0.046875
0 0.332031 0.273438 0.050781 0.058594
0 0.336914 0.415039 0.041016 0.056641
0 0.456055 0.632812 0.044922 0.035156
0 0.396484 0.267578 0.035156 0.035156
0 0.670898 0.362305 0.037109 0.033203
0 0.668945 0.939453 0.048828 0.050781
0 0.551758 0.164062 0.037109 0.050781
0 0.078125 0.712891 0.042969 0.058594
0 0.474609 0.190430 0.058594 0.044922
0 0.509766 0.587891 0.039062 0.050781
0 0.593750 0.627930 0.050781 0.044922
0 0.607422 0.146484 0.054688 0.035156
0 0.477539 0.127930 0.048828 0.037109
0 0.467773 0.716797 0.037109 0.039062
0 0.151367 0.739258 0.052734 0.052734
0 0.106445 0.049805 0.052734 0.033203
0 0.090820 0.806641 0.033203 0.050781
0 0.641602 0.538086 0.052734 0.052734
0 0.773438 0.917969 0.031250 0.050781
0 0.868164 0.883789 0.048828 0.041016
0 0.350586 0.126953 0.041016 0.042969
0 0.454102 0.566406 0.044922 0.050781
0 0.386719 0.373047 0.035156 0.042969
0 0.525391 0.902344 0.046875 0.042969
0 0.938477 0.041992 0.044922 0.033203
0 0.620117 0.248047 0.052734 0.039062
0 0.365234 0.681641 0.050781 0.042969
0 0.528320 0.083984 0.033203 0.039062
0 0.330078 0.525391 0.058594 0.042969
1 0.858398 0.718750 0.216797 0.269531
1 0.814453 0.154297 0.265625 0.152344
1 0.153320 0.223633 0.248047 0.177734
1 0.332031 0.819336 0.203125 0.193359
1 0.625977 0.773438 0.193359 0.164062
1 0.544922 0.378906 0.160156 0.207031
1 0.163086 0.513672 0.255859 0.261719
1 0.848633 0.369141 0.201172 0.191406