0 0.511719 0.386719 0.035156 0.054688
0 0.562500 0.054688 0.050781 0.035156
0 0.895508 0.377930 0.041016 0.037109
0 0.658203 0.308594 0.031250 0.042969
0 0.143555 0.231445 0.048828 0.041016
0 0.113281 0.541016 0.042969 0.050781
0 0.658203 0.869141 0.039062 0.046875
0 0.723633 0.878906 0.033203 0.031250
0 0.137695 0.055664 0.037109 0.044922
0 0.923828 0.298828 0.039062 0.050781
0 0.876953 0.045898 0.050781 0.048828
0 0.813477 0.210938 0.044922 0.050781
0 0.439453 0.468750 0.042969 0.054688
0 0.932617 0.500000 0.033203 0.042969
0 0.182617 0.098633 0.033203 0.048828
0 0.879883 0.239258 0.056641 0.033203
0 0.517578 0.951172 0.050781 0.050781
0 0.414062 0.219727 0.042969 0.044922
0 0.686523 0.800781 0.052734 0.058594
0 0.375977 0.431641 0.033203 0.058594
0 0.322266 0.181641 0.042969 0.058594
0 0.516602 0.228516 0.041016 0.058594
0 0.729492 0.309570 0.052734 0.044922
0 0.138672 0.800781 0.035156 0.054688
0 0.098633 0.613281 0.044922 0.054688
0 0.609375 0.422852 0.031250 0.044922
0 0.033203 0.935547 0.031250 0.058594
0 0.656250 0.375977 0.039062 0.037109
0 0.949219 0.114258 0.035156 0.052734
0 0.230469 0.167969 0.054688 0.046875
0 0.077148 0.373047 0.056641 0.046875
0 0.629883 0.649414 0.037109 0.044922
0 0.057617 0.804688 0.033203 0.035156
0 0.504883 0.286133 0.052734 0.041016
0 0.116211 0.912109 0.052734 0.031250
0 0.775391 0.938477 0.039062 0.044922
0 0.609375 0.720703 0.054688 0.031250
0 0.292969 0.942383 0.035156 0.033203
0 0.517578 0.136719 0.046875 0.054688
0 0.067383 0.039062 0.044922 0.035156
0 0.189453 0.448242 0.031250 0.041016
0 0.788086 0.292969 0.037109 0.039062
0 0.174805 0.394531 0.044922 0.031250
0 0.114258 0.485352 0.052734 0.044922
1 0.322266 0.774414 0.253906 0.267578
1 0.800781 0.652344 0.257812 0.179688
1 0.281250 0.410156 0.136719 0.242188
1 0.684570 0.143555 0.138672 0.220703
1 0.571289 0.545898 0.150391 0.146484
1 0.761719 0.452148 0.148438 0.142578
1 0.908203 0.899414 0.144531 0.162109