0 0.368164 0.609375 0.052734 0.058594
0 0.147461 0.296875 0.033203 0.050781
0 0.505859 0.134766 0.054688 0.039062
0 0.910156 0.155273 0.046875 0.044922
0 0.500000 0.037109 0.046875 0.035156
0 0.598633 0.093750 0.033203 0.046875
0 0.646484 0.565430 0.058594 0.044922
0 0.634766 0.963867 0.050781 0.041016
0 0.910156 0.913086 0.050781 0.048828
0 0.571289 0.439453 0.044922 0.050781
0 0.044922 0.680664 0.054688 0.041016
0 0.468750 0.698242 0.042969 0.048828
0 0.291016 0.931641 0.054688 0.054688
0 0.946289 0.402344 0.033203 0.042969
0 0.323242 0.051758 0.033203 0.041016
0 0.094727 0.051758 0.056641 0.044922
0 0.636719 0.151367 0.042969 0.048828
0 0.096680 0.954102 0.033203 0.044922
0 0.667969 0.235352 0.035156 0.056641
0 0.566406 0.273438 0.031250 0.050781
0 0.957031 0.537109 0.042969 0.039062
0 0.567383 0.517578 0.044922 0.058594
0 0.289062 0.633789 0.031250 0.037109
0 0.695312 0.884766 0.058594 0.050781
0 0.496094 0.765625 0.054688 0.046875
0 0.855469 0.543945 0.039062 0.033203
0 0.099609 0.753906 0.039062 0.046875
0 0.048828 0.296875 0.035156 0.058594
0 0.134766 0.138672 0.058594 0.058594
0 0.713867 0.550781 0.037109 0.031250
0 0.203125 0.038086 0.031250 0.037109
0 0.445312 0.591797 0.042969 0.058594
0 0.810547 0.870117 0.042969 0.037109
0 0.906250 0.208008 0.054688 0.033203
0 0.462891 0.913086 0.058594 0.037109
0 0.154297 0.833008 0.050781 0.041016
0 0.366211 0.951172 0.056641 0.039062
0 0.354492 0.895508 0.048828 0.037109
1 0.278320 0.772461 0.173828 0.142578
1 0.432617 0.444336 0.208984 0.193359
1 0.787109 0.414062 0.253906 0.210938
1 0.639648 0.752930 0.169922 0.146484
1 0.846680 0.759766 0.162109 0.160156
1 0.779297 0.163086 0.140625 0.189453
1 0.327148 0.208984 0.251953 0.171875
1 0.193359 0.452148 0.199219 0.177734