0 0.617188 0.647222 0.028125 0.025000
0 0.693359 0.793056 0.024219 0.044444
0 0.524609 0.061111 0.014844 0.047222
0 0.325000 0.684028 0.015625 0.040278
0 0.231641 0.211111 0.019531 0.050000
0 0.779297 0.776389 0.014844 0.025000
0 0.376172 0.350000 0.019531 0.047222
0 0.282422 0.203472 0.025781 0.029167
0 0.976953 0.088889 0.021094 0.036111
0 0.651953 0.930556 0.019531 0.047222
0 0.374219 0.851389 0.028125 0.027778
0 0.896484 0.640278 0.014844 0.036111
0 0.347656 0.798611 0.021875 0.027778
0 0.457031 0.779861 0.026562 0.026389
0 0.028125 0.916667 0.018750 0.030556
0 0.575000 0.956250 0.015625 0.031944
0 0.462891 0.150694 0.021094 0.040278
0 0.700391 0.481250 0.016406 0.026389
0 0.715625 0.584722 0.026562 0.027778
0 0.881641 0.081944 0.027344 0.033333
0 0.944141 0.133333 0.027344 0.041667
0 0.412109 0.890972 0.014844 0.034722
0 0.359766 0.035417 0.027344 0.026389
0 0.960547 0.273611 0.021094 0.030556
0 0.083984 0.933333 0.019531 0.030556
0 0.303125 0.331944 0.026562 0.027778
0 0.942969 0.571528 0.026562 0.048611
0 0.453125 0.900000 0.017188 0.033333
0 0.194531 0.248611 0.017188 0.030556
0 0.819141 0.824306 0.017969 0.034722
0 0.937891 0.614583 0.021094 0.026389
0 0.952344 0.887500 0.018750 0.036111
0 0.742578 0.820833 0.016406 0.036111
0 0.314453 0.472917 0.022656 0.037500
0 0.240234 0.131250 0.025781 0.043056
0 0.137109 0.143750 0.022656 0.034722
0 0.312500 0.177778 0.028125 0.036111
0 0.482422 0.926389 0.025781 0.027778
0 0.690234 0.948611 0.027344 0.025000
0 0.833594 0.899306 0.028125 0.043056
0 0.611328 0.697917 0.024219 0.034722
0 0.739844 0.940278 0.028125 0.030556
0 0.977344 0.378472 0.023438 0.026389
0 0.346094 0.285417 0.021875 0.037500
0 0.420703 0.111806 0.024219 0.045833
0 0.061328 0.053472 0.027344 0.031944
0 0.965234 0.772222 0.014844 0.030556
0 0.067578 0.850694 0.027344 0.029167
0 0.546094 0.343056 0.015625 0.041667
0 0.980078 0.623611 0.014844 0.047222
0 0.749609 0.423611 0.024219 0.033333
0 0.286719 0.276389 0.026562 0.027778
0 0.062500 0.446528 0.025000 0.029167
0 0.551172 0.877083 0.022656 0.029167
0 0.587500 0.858333 0.015625 0.027778
0 0.838672 0.813889 0.014844 0.041667
0 0.684375 0.732639 0.025000 0.045833
0 0.265234 0.570139 0.017969 0.034722
0 0.179688 0.100694 0.021875 0.034722
0 0.673828 0.905556 0.017969 0.025000
0 0.668359 0.347917 0.014844 0.031944
0 0.137109 0.213194 0.014844 0.034722
0 0.647266 0.770139 0.022656 0.029167
0 0.627344 0.936806 0.017188 0.031944
0 0.300000 0.427778 0.025000 0.033333
0 0.320312 0.285417 0.014063 0.037500
0 0.925000 0.077778 0.017188 0.027778
0 0.025781 0.364583 0.021875 0.029167
0 0.694141 0.411806 0.019531 0.043056
0 0.168359 0.152778 0.024219 0.041667
0 0.943750 0.468056 0.017188 0.050000
0 0.435156 0.163889 0.028125 0.027778
0 0.307422 0.735417 0.014844 0.043056
0 0.342969 0.155556 0.025000 0.047222
0 0.667188 0.630556 0.028125 0.030556
0 0.451562 0.520833 0.017188 0.038889
0 0.282031 0.092361 0.014063 0.037500
0 0.491406 0.817361 0.017188 0.037500
0 0.318359 0.226389 0.025781 0.027778
0 0.283594 0.152083 0.017188 0.045833
0 0.523047 0.930556 0.016406 0.025000
0 0.022266 0.273611 0.014844 0.027778
0 0.294922 0.965972 0.017969 0.031944
1 0.622656 0.177778 0.164062 0.233333
1 0.458594 0.320833 0.103125 0.263889
1 0.168750 0.459722 0.164062 0.272222
1 0.443750 0.652083 0.140625 0.206944
1 0.602734 0.477778 0.142969 0.202778
1 0.207422 0.796528 0.135156 0.301389
1 0.803516 0.642361 0.111719 0.223611
1 0.837109 0.268750 0.155469 0.248611