0 0.370117 0.378906 0.037109 0.046875
0 0.719727 0.485352 0.052734 0.041016
0 0.687500 0.967773 0.035156 0.033203
0 0.229492 0.137695 0.048828 0.048828
0 0.691406 0.162109 0.042969 0.050781
0 0.931641 0.153320 0.058594 0.037109
0 0.943359 0.349609 0.058594 0.058594
0 0.259766 0.532227 0.046875 0.044922
0 0.039062 0.632812 0.031250 0.042969
0 0.709961 0.078125 0.041016 0.058594
0 0.897461 0.240234 0.037109 0.042969
0 0.273438 0.399414 0.050781 0.033203
0 0.862305 0.767578 0.048828 0.039062
0 0.644531 0.061523 0.050781 0.037109
0 0.902344 0.872070 0.050781 0.044922
0 0.193359 0.652344 0.058594 0.031250
0 0.064453 0.109375 0.042969 0.054688
0 0.431641 0.588867 0.035156 0.041016
0 0.316406 0.488281 0.035156 0.031250
0 0.655273 0.623047 0.048828 0.054688
0 0.666992 0.737305 0.033203 0.037109
0 0.101562 0.893555 0.046875 0.033203
0 0.832031 0.855469 0.031250 0.058594
0 0.309570 0.897461 0.037109 0.041016
0 0.146484 0.479492 0.035156 0.041016
0 0.047852 0.694336 0.048828 0.037109
0 0.739258 0.894531 0.037109 0.054688
0 0.161133 0.734375 0.056641 0.035156
0 0.107422 0.685547 0.050781 0.031250
0 0.854492 0.367188 0.033203 0.035156
0 0.905273 0.034180 0.056641 0.037109
0 0.081055 0.372070 0.056641 0.044922
0 0.573242 0.116211 0.056641 0.041016
0 0.390625 0.520508 0.054688 0.052734
0 0.219727 0.468750 0.041016 0.039062
1 0.537109 0.629883 0.148438 0.197266
1 0.334961 0.708984 0.205078 0.148438
1 0.227539 0.281250 0.208984 0.187500
1 0.840820 0.586914 0.162109 0.177734
1 0.709961 0.332031 0.208984 0.234375
1 0.533203 0.909180 0.207031 0.138672
1 0.499023 0.364258 0.166016 0.232422