0 0.046875 0.388194 0.020313 0.048611
0 0.783984 0.362500 0.022656 0.038889
0 0.689844 0.780556 0.018750 0.030556
0 0.236328 0.243750 0.022656 0.034722
0 0.685547 0.938194 0.017969 0.037500
0 0.501953 0.577778 0.019531 0.047222
0 0.653906 0.050000 0.014063 0.036111
0 0.511328 0.183333 0.017969 0.038889
0 0.969141 0.196528 0.014844 0.034722
0 0.261719 0.347917 0.020313 0.048611
0 0.099609 0.950694 0.022656 0.048611
0 0.709766 0.293056 0.024219 0.047222
0 0.460156 0.893056 0.021875 0.038889
0 0.531641 0.586806 0.016406 0.029167
0 0.175000 0.950000 0.020313 0.030556
0 0.079297 0.509722 0.016406 0.047222
0 0.533984 0.246528 0.021094 0.031944
0 0.537109 0.726389 0.022656 0.050000
0 0.569531 0.037500 0.015625 0.041667
0 0.180078 0.553472 0.022656 0.026389
0 0.961719 0.352778 0.028125 0.030556
0 0.286719 0.156250 0.018750 0.045833
0 0.655078 0.859722 0.025781 0.033333
0 0.027734 0.507639 0.017969 0.034722
0 0.307812 0.218056 0.026562 0.044444
0 0.512891 0.068056 0.022656 0.036111
0 0.300781 0.058333 0.028125 0.030556
0 0.975781 0.695139 0.028125 0.029167
0 0.402344 0.064583 0.023438 0.026389
0 0.452734 0.572222 0.014844 0.030556
0 0.485156 0.194444 0.026562 0.025000
0 0.091406 0.083333 0.014063 0.036111
0 0.067578 0.088194 0.021094 0.040278
0 0.061328 0.886111 0.014844 0.050000
0 0.972266 0.650000 0.024219 0.041667
0 0.500000 0.628472 0.020313 0.040278
0 0.546094 0.855556 0.021875 0.027778
0 0.089453 0.172917 0.024219 0.043056
0 0.977344 0.259028 0.014063 0.045833
0 0.768750 0.763194 0.026562 0.043056
0 0.078906 0.581944 0.023438 0.047222
0 0.787500 0.554861 0.023438 0.043056
0 0.920703 0.690972 0.016406 0.034722
0 0.212500 0.433333 0.020313 0.047222
0 0.462109 0.828472 0.022656 0.037500
0 0.513281 0.502083 0.025000 0.045833
0 0.720703 0.815278 0.025781 0.047222
0 0.236328 0.162500 0.014844 0.030556
0 0.886719 0.675694 0.025000 0.043056
0 0.539453 0.893056 0.025781 0.036111
0 0.212891 0.102083 0.014844 0.043056
0 0.577344 0.922222 0.026562 0.025000
0 0.346875 0.082639 0.021875 0.034722
0 0.936328 0.631944 0.027344 0.025000
0 0.501172 0.364583 0.024219 0.029167
0 0.550781 0.965278 0.020313 0.036111
0 0.446875 0.040278 0.028125 0.025000
0 0.956250 0.449306 0.017188 0.031944
0 0.567187 0.198611 0.015625 0.044444
0 0.725781 0.101389 0.023438 0.033333
0 0.492969 0.888889 0.015625 0.047222
0 0.042969 0.237500 0.014063 0.047222
0 0.149219 0.547222 0.026562 0.044444
0 0.267578 0.430556 0.025781 0.050000
0 0.385156 0.214583 0.015625 0.031944
0 0.629687 0.104167 0.021875 0.050000
0 0.741016 0.903472 0.016406 0.026389
0 0.500000 0.448611 0.017188 0.047222
0 0.232031 0.381250 0.020313 0.031944
0 0.764062 0.930556 0.018750 0.027778
0 0.702734 0.233333 0.014844 0.033333
0 0.730859 0.039583 0.027344 0.026389
0 0.733203 0.768056 0.014844 0.036111
0 0.457422 0.467361 0.027344 0.048611
0 0.562891 0.314583 0.014844 0.048611
1 0.866016 0.455556 0.119531 0.197222
1 0.640625 0.308333 0.096875 0.227778
1 0.360547 0.404167 0.144531 0.250000
1 0.226562 0.770833 0.120313 0.202778
1 0.624219 0.688194 0.103125 0.201389
1 0.135156 0.352083 0.098437 0.229167
1 0.896875 0.858333 0.154688 0.175000
1 0.854297 0.172917 0.171094 0.234722
1 0.364844 0.726389 0.093750 0.291667
1 0.094531 0.735417 0.106250 0.184722