0 0.137695 0.373047 0.048828 0.042969
0 0.764648 0.236328 0.041016 0.035156
0 0.957031 0.892578 0.042969 0.042969
0 0.895508 0.952148 0.044922 0.041016
0 0.840820 0.658203 0.037109 0.035156
0 0.369141 0.932617 0.046875 0.044922
0 0.532227 0.125000 0.033203 0.046875
0 0.261719 0.903320 0.054688 0.052734
0 0.851562 0.324219 0.058594 0.054688
0 0.789062 0.376953 0.039062 0.054688
0 0.187500 0.941406 0.046875 0.042969
0 0.437500 0.178711 0.054688 0.044922
0 0.753906 0.931641 0.039062 0.050781
0 0.865234 0.849609 0.050781 0.054688
0 0.679688 0.593750 0.039062 0.050781
0 0.711914 0.669922 0.033203 0.031250
0 0.332031 0.085938 0.050781 0.039062
0 0.187500 0.498047 0.050781 0.042969
0 0.861328 0.085938 0.054688 0.042969
0 0.583008 0.749023 0.033203 0.041016
0 0.269531 0.563477 0.058594 0.044922
0 0.275391 0.681641 0.046875 0.035156
0 0.797852 0.619141 0.033203 0.035156
0 0.961914 0.409180 0.041016 0.037109
0 0.083984 0.056641 0.054688 0.031250
0 0.378906 0.262695 0.058594 0.041016
0 0.088867 0.488281 0.056641 0.035156
0 0.953125 0.619141 0.058594 0.042969
0 0.048828 0.256836 0.058594 0.052734
0 0.676758 0.535156 0.037109 0.035156
0 0.464844 0.929688 0.042969 0.046875
0 0.182617 0.561523 0.037109 0.052734
0 0.955078 0.786133 0.035156 0.056641
0 0.643555 0.699219 0.037109 0.046875
0 0.933594 0.564453 0.035156 0.042969
0 0.809570 0.536133 0.033203 0.052734
0 0.580078 0.138672 0.039062 0.054688
0 0.580078 0.941406 0.039062 0.031250
1 0.414062 0.442383 0.136719 0.271484
1 0.237305 0.226562 0.146484 0.175781
1 0.647461 0.370117 0.173828 0.224609
1 0.113281 0.777344 0.144531 0.250000
1 0.424805 0.813477 0.251953 0.169922
1 0.734375 0.827148 0.179688 0.138672