0 0.094141 0.880556 0.021094 0.027778
0 0.641797 0.541667 0.019531 0.033333
0 0.808984 0.622917 0.016406 0.040278
0 0.805859 0.097222 0.014844 0.044444
0 0.594922 0.520833 0.027344 0.033333
0 0.740625 0.154167 0.015625 0.025000
0 0.916016 0.737500 0.021094 0.025000
0 0.937891 0.834722 0.025781 0.036111
0 0.752734 0.853472 0.024219 0.037500
0 0.298828 0.464583 0.014844 0.031944
0 0.542578 0.179861 0.019531 0.045833
0 0.961328 0.278472 0.016406 0.037500
0 0.896875 0.876389 0.025000 0.047222
0 0.548828 0.306944 0.027344 0.036111
0 0.030078 0.468056 0.027344 0.047222
0 0.258984 0.040972 0.025781 0.037500
0 0.845313 0.540278 0.028125 0.038889
0 0.235937 0.658333 0.026562 0.033333
0 0.705078 0.541667 0.014844 0.036111
0 0.688281 0.945833 0.026562 0.044444
0 0.762891 0.130556 0.021094 0.044444
0 0.672266 0.502083 0.014844 0.043056
0 0.259766 0.909722 0.021094 0.033333
0 0.842187 0.660417 0.014063 0.029167
0 0.033984 0.644444 0.019531 0.033333
0 0.119922 0.179861 0.019531 0.034722
0 0.860938 0.898611 0.018750 0.036111
0 0.172656 0.904861 0.021875 0.034722
0 0.407813 0.079167 0.026562 0.025000
0 0.544922 0.889583 0.024219 0.045833
0 0.185156 0.821528 0.014063 0.026389
0 0.162109 0.241667 0.014844 0.038889
0 0.810547 0.184028 0.014844 0.045833
0 0.242969 0.570833 0.014063 0.047222
0 0.617969 0.085417 0.026562 0.031944
0 0.473047 0.909722 0.014844 0.050000
0 0.872656 0.660417 0.017188 0.031944
0 0.521484 0.501389 0.022656 0.027778
0 0.953125 0.122917 0.021875 0.031944
0 0.033203 0.579861 0.024219 0.034722
0 0.614453 0.926389 0.019531 0.044444
0 0.894531 0.965972 0.020313 0.029167
0 0.836328 0.734028 0.021094 0.034722
0 0.801953 0.710417 0.027344 0.034722
0 0.917188 0.081944 0.028125 0.050000
0 0.812500 0.937500 0.021875 0.033333
0 0.349609 0.044444 0.016406 0.047222
0 0.066406 0.933333 0.028125 0.047222
0 0.161719 0.088889 0.018750 0.027778
0 0.098828 0.134028 0.014844 0.026389
0 0.051172 0.275000 0.024219 0.050000
0 0.919922 0.599306 0.025781 0.026389
0 0.923438 0.895139 0.017188 0.029167
0 0.082422 0.655556 0.025781 0.025000
0 0.092578 0.229861 0.021094 0.040278
0 0.477344 0.115278 0.017188 0.044444
0 0.901172 0.194444 0.019531 0.050000
0 0.177344 0.591667 0.025000 0.038889
0 0.496484 0.192361 0.025781 0.031944
0 0.200000 0.786111 0.017188 0.030556
0 0.882422 0.705556 0.019531 0.036111
0 0.564844 0.451389 0.026562 0.033333
0 0.226953 0.718056 0.027344 0.030556
0 0.963281 0.879861 0.014063 0.048611
0 0.939453 0.171528 0.025781 0.040278
0 0.580078 0.934722 0.025781 0.033333
0 0.307812 0.397917 0.021875 0.040278
0 0.530469 0.048611 0.017188 0.038889
0 0.205469 0.667361 0.026562 0.045833
0 0.204687 0.596528 0.015625 0.045833
0 0.053516 0.161111 0.019531 0.033333
0 0.775391 0.553472 0.024219 0.043056
0 0.664844 0.854167 0.021875 0.025000
0 0.128125 0.637500 0.017188 0.047222
0 0.692187 0.489583 0.018750 0.040278
0 0.899219 0.814583 0.026562 0.045833
0 0.483594 0.036111 0.023438 0.033333
0 0.619531 0.877083 0.028125 0.031944
0 0.024219 0.322917 0.021875 0.037500
0 0.162891 0.959722 0.027344 0.025000
0 0.457813 0.961806 0.026562 0.034722
0 0.958594 0.418750 0.025000 0.048611
0 0.887891 0.533333 0.027344 0.025000
0 0.746094 0.920833 0.026562 0.030556
0 0.426172 0.138889 0.021094 0.033333
0 0.928906 0.505556 0.014063 0.050000
0 0.657813 0.104167 0.020313 0.033333
0 0.022656 0.143750 0.014063 0.043056
0 0.159766 0.044444 0.017969 0.036111
0 0.473438 0.529861 0.014063 0.040278
0 0.858203 0.175000 0.014844 0.030556
0 0.223438 0.899306 0.028125 0.043056
0 0.630078 0.406944 0.019531 0.036111
0 0.878125 0.590972 0.025000 0.031944
0 0.039844 0.044444 0.021875 0.047222
0 0.590234 0.568750 0.022656 0.037500
0 0.109375 0.043750 0.021875 0.043056
0 0.848437 0.851389 0.017188 0.033333
0 0.151953 0.170833 0.025781 0.027778
0 0.271875 0.776389 0.020313 0.036111
0 0.271094 0.485417 0.021875 0.029167
0 0.561328 0.097917 0.027344 0.037500
0 0.142578 0.895833 0.019531 0.047222
0 0.792969 0.769444 0.025000 0.036111
0 0.980859 0.772222 0.017969 0.027778
0 0.864453 0.061111 0.027344 0.044444
0 0.962109 0.534028 0.027344 0.029167
0 0.257812 0.823611 0.021875 0.025000
0 0.921484 0.679861 0.014844 0.040278
1 0.690234 0.713194 0.164844 0.190278
1 0.400781 0.350694 0.153125 0.273611
1 0.153906 0.418056 0.151562 0.275000
1 0.098437 0.761806 0.129688 0.168056
1 0.650781 0.258333 0.148438 0.213889
1 0.821094 0.378472 0.159375 0.251389
1 0.362109 0.783333 0.150781 0.297222
1 0.510547 0.719444 0.100781 0.266667