0 0.588281 0.433333 0.023438 0.044444
0 0.467969 0.298611 0.015625 0.025000
0 0.520312 0.807639 0.017188 0.048611
0 0.489453 0.126389 0.019531 0.041667
0 0.773047 0.040278 0.017969 0.041667
0 0.094531 0.523611 0.021875 0.036111
0 0.485547 0.960417 0.025781 0.029167
0 0.625391 0.120833 0.025781 0.025000
0 0.340234 0.697222 0.025781 0.036111
0 0.221484 0.174306 0.024219 0.029167
0 0.941016 0.190278 0.021094 0.025000
0 0.857812 0.570833 0.015625 0.036111
0 0.835156 0.090972 0.018750 0.029167
0 0.144141 0.532639 0.021094 0.040278
0 0.969922 0.579167 0.024219 0.050000
0 0.097266 0.485417 0.021094 0.026389
0 0.283203 0.879167 0.017969 0.036111
0 0.905469 0.827083 0.018750 0.037500
0 0.544922 0.840972 0.017969 0.026389
0 0.355859 0.233333 0.017969 0.047222
0 0.456250 0.773611 0.025000 0.036111
0 0.389844 0.188889 0.017188 0.047222
0 0.967187 0.218750 0.020313 0.031944
0 0.862109 0.097222 0.017969 0.041667
0 0.333203 0.104861 0.014844 0.031944
0 0.032422 0.481944 0.019531 0.030556
0 0.895703 0.039583 0.016406 0.031944
0 0.300781 0.233333 0.015625 0.047222
0 0.463281 0.876389 0.026562 0.050000
0 0.896484 0.536111 0.021094 0.041667
0 0.397656 0.725694 0.028125 0.037500
0 0.016406 0.357639 0.014063 0.026389
0 0.176563 0.052778 0.017188 0.041667
0 0.444922 0.200000 0.017969 0.047222
0 0.289844 0.157639 0.023438 0.031944
0 0.380469 0.445833 0.014063 0.025000
0 0.856250 0.148611 0.020313 0.027778
0 0.549609 0.450694 0.017969 0.040278
0 0.892188 0.160417 0.025000 0.031944
0 0.369141 0.649306 0.024219 0.043056
0 0.534375 0.390278 0.020313 0.027778
0 0.751953 0.170833 0.027344 0.041667
0 0.381641 0.334722 0.027344 0.036111
0 0.337891 0.926389 0.014844 0.025000
0 0.490234 0.052778 0.025781 0.027778
0 0.796484 0.122222 0.024219 0.027778
0 0.355859 0.098611 0.014844 0.036111
0 0.507031 0.315278 0.023438 0.027778
0 0.923047 0.657639 0.016406 0.031944
0 0.950000 0.450000 0.020313 0.047222
0 0.039062 0.281250 0.015625 0.043056
0 0.232813 0.833333 0.015625 0.050000
0 0.307812 0.704167 0.015625 0.041667
0 0.464844 0.077778 0.014063 0.030556
0 0.375000 0.886111 0.023438 0.038889
0 0.368359 0.932639 0.022656 0.034722
0 0.949609 0.827778 0.021094 0.038889
0 0.189844 0.943750 0.026562 0.031944
0 0.458594 0.377778 0.021875 0.044444
0 0.516406 0.863194 0.015625 0.026389
0 0.962891 0.380556 0.016406 0.038889
0 0.414453 0.255556 0.019531 0.025000
0 0.871484 0.673611 0.025781 0.025000
0 0.190625 0.549306 0.020313 0.043056
0 0.019531 0.906944 0.015625 0.033333
0 0.326953 0.204861 0.017969 0.031944
0 0.921875 0.770833 0.017188 0.047222
0 0.148047 0.072917 0.014844 0.048611
0 0.434766 0.892361 0.016406 0.045833
0 0.429297 0.140278 0.021094 0.041667
0 0.202734 0.122222 0.022656 0.041667
0 0.695312 0.067361 0.018750 0.043056
0 0.355469 0.745139 0.015625 0.040278
0 0.623437 0.608333 0.020313 0.030556
0 0.960156 0.066667 0.018750 0.050000
0 0.419922 0.293056 0.016406 0.038889
0 0.236719 0.261806 0.020313 0.029167
0 0.449219 0.441667 0.017188 0.038889
0 0.950391 0.510417 0.016406 0.048611
0 0.223438 0.767361 0.014063 0.040278
0 0.549219 0.901389 0.014063 0.044444
0 0.923438 0.100694 0.020313 0.045833
0 0.493359 0.192361 0.024219 0.034722
0 0.568750 0.547222 0.026562 0.044444
0 0.220703 0.954861 0.022656 0.034722
0 0.828125 0.530556 0.020313 0.038889
0 0.757031 0.102778 0.026562 0.047222
0 0.513281 0.758333 0.015625 0.027778
0 0.046484 0.042361 0.027344 0.048611
0 0.281250 0.693056 0.025000 0.041667
0 0.376563 0.244444 0.017188 0.044444
0 0.444531 0.245833 0.028125 0.027778
0 0.821094 0.948611 0.026562 0.030556
0 0.234766 0.040972 0.021094 0.031944
0 0.867969 0.781250 0.015625 0.040278
0 0.030078 0.761806 0.019531 0.034722
0 0.066406 0.152778 0.015625 0.044444
0 0.318359 0.610417 0.027344 0.034722
0 0.495312 0.402083 0.026562 0.045833
0 0.610547 0.918056 0.022656 0.033333
0 0.196875 0.875694 0.025000 0.031944
0 0.565625 0.623611 0.018750 0.050000
0 0.323047 0.812500 0.014844 0.036111
0 0.305078 0.081944 0.025781 0.036111
0 0.583203 0.099306 0.024219 0.048611
0 0.437891 0.729167 0.019531 0.041667
0 0.384766 0.089583 0.014844 0.040278
0 0.145703 0.140278 0.016406 0.041667
1 0.591406 0.252083 0.134375 0.220833
1 0.283984 0.438194 0.142969 0.290278
1 0.857812 0.346528 0.148438 0.270833
1 0.628125 0.796528 0.125000 0.179167
1 0.804688 0.810417 0.095312 0.226389
1 0.121875 0.670833 0.146875 0.183333
1 0.473047 0.599306 0.152344 0.184722
1 0.126562 0.302083 0.121875 0.220833