0 0.395703 0.756944 0.021094 0.044444
0 0.634766 0.278472 0.022656 0.040278
0 0.745703 0.502083 0.014844 0.043056
0 0.474609 0.592361 0.022656 0.029167
0 0.685156 0.040972 0.028125 0.040278
0 0.703906 0.525000 0.020313 0.041667
0 0.092188 0.350000 0.021875 0.030556
0 0.433984 0.940972 0.017969 0.048611
0 0.599219 0.944444 0.018750 0.047222
0 0.714453 0.604167 0.025781 0.050000
0 0.775000 0.569444 0.025000 0.027778
0 0.048828 0.659028 0.021094 0.037500
0 0.173437 0.504861 0.018750 0.031944
0 0.678906 0.958333 0.020313 0.027778
0 0.927344 0.250000 0.026562 0.036111
0 0.611328 0.082639 0.014844 0.040278
0 0.717187 0.173611 0.021875 0.038889
0 0.363672 0.669444 0.021094 0.030556
0 0.621484 0.627083 0.021094 0.040278
0 0.402344 0.094444 0.026562 0.025000
0 0.533203 0.129861 0.022656 0.048611
0 0.890234 0.117361 0.024219 0.045833
0 0.379297 0.892361 0.027344 0.029167
0 0.360156 0.786806 0.014063 0.048611
0 0.551953 0.359722 0.024219 0.050000
0 0.674219 0.088194 0.014063 0.029167
0 0.476172 0.081944 0.014844 0.030556
0 0.473828 0.134722 0.019531 0.047222
0 0.209375 0.070833 0.026562 0.050000
0 0.596484 0.131944 0.014844 0.033333
0 0.290234 0.812500 0.022656 0.050000
0 0.125391 0.068056 0.016406 0.038889
0 0.543750 0.445139 0.021875 0.037500
0 0.976172 0.608333 0.017969 0.044444
0 0.634375 0.191667 0.017188 0.027778
0 0.026562 0.504167 0.023438 0.047222
0 0.062500 0.797917 0.014063 0.031944
0 0.044922 0.934028 0.017969 0.037500
0 0.560937 0.830556 0.017188 0.044444
0 0.776953 0.354861 0.024219 0.029167
0 0.176172 0.772917 0.022656 0.034722
0 0.937891 0.831250 0.022656 0.040278
0 0.962500 0.202083 0.028125 0.031944
0 0.144531 0.434722 0.026562 0.025000
0 0.119141 0.686806 0.022656 0.031944
0 0.055469 0.865278 0.020313 0.044444
0 0.976562 0.693750 0.020313 0.048611
0 0.279687 0.116667 0.028125 0.047222
0 0.730469 0.436806 0.023438 0.048611
0 0.162500 0.374306 0.018750 0.031944
0 0.944141 0.075000 0.024219 0.044444
0 0.722266 0.265278 0.024219 0.027778
0 0.082031 0.667361 0.018750 0.026389
0 0.645703 0.714583 0.017969 0.029167
0 0.170703 0.944444 0.014844 0.041667
0 0.965234 0.352778 0.016406 0.027778
0 0.578125 0.310417 0.021875 0.043056
0 0.103906 0.411806 0.028125 0.048611
0 0.774609 0.103472 0.021094 0.045833
0 0.164844 0.711111 0.023438 0.047222
0 0.569141 0.628472 0.027344 0.031944
0 0.834375 0.130556 0.023438 0.027778
0 0.267578 0.962500 0.021094 0.025000
0 0.055859 0.243750 0.014844 0.045833
0 0.946094 0.313889 0.014063 0.027778
0 0.534375 0.550694 0.021875 0.034722
0 0.746484 0.372222 0.014844 0.033333
0 0.246094 0.679861 0.015625 0.034722
0 0.619531 0.797222 0.025000 0.033333
0 0.520312 0.504861 0.023438 0.037500
0 0.214844 0.945139 0.014063 0.040278
0 0.589063 0.847222 0.028125 0.041667
0 0.197266 0.865972 0.024219 0.037500
0 0.937500 0.761806 0.017188 0.040278
0 0.969141 0.811111 0.017969 0.044444
0 0.659766 0.756944 0.025781 0.030556
0 0.693750 0.147917 0.018750 0.034722
0 0.478906 0.638889 0.023438 0.044444
0 0.805859 0.064583 0.021094 0.045833
0 0.411719 0.427083 0.017188 0.045833
0 0.064453 0.110417 0.025781 0.031944
0 0.027344 0.445833 0.020313 0.044444
0 0.202344 0.709028 0.018750 0.040278
0 0.337500 0.945139 0.026562 0.043056
0 0.940234 0.927083 0.024219 0.048611
0 0.332422 0.683333 0.017969 0.038889
0 0.167969 0.554861 0.025000 0.048611
0 0.696875 0.315972 0.020313 0.029167
0 0.969141 0.918750 0.021094 0.045833
0 0.408594 0.952778 0.014063 0.041667
1 0.826172 0.245139 0.153906 0.168056
1 0.470313 0.290278 0.121875 0.177778
1 0.868359 0.465278 0.149219 0.186111
1 0.179688 0.238889 0.135937 0.186111
1 0.847656 0.751389 0.137500 0.280556
1 0.475391 0.780556 0.122656 0.175000
1 0.297266 0.504167 0.166406 0.266667