0 0.045703 0.452778 0.027344 0.025000
0 0.646875 0.750000 0.015625 0.044444
0 0.542188 0.335417 0.028125 0.040278
0 0.923047 0.761806 0.025781 0.045833
0 0.768750 0.509722 0.021875 0.036111
0 0.308594 0.912500 0.017188 0.038889
0 0.589063 0.185417 0.017188 0.048611
0 0.962500 0.504861 0.018750 0.040278
0 0.924609 0.368750 0.024219 0.029167
0 0.560547 0.232639 0.027344 0.045833
0 0.300000 0.335417 0.015625 0.048611
0 0.568750 0.320833 0.015625 0.050000
0 0.960156 0.636111 0.025000 0.044444
0 0.831250 0.127083 0.014063 0.037500
0 0.896094 0.925000 0.026562 0.027778
0 0.033203 0.093750 0.024219 0.029167
0 0.965625 0.125694 0.028125 0.043056
0 0.657813 0.829167 0.021875 0.044444
0 0.376563 0.894444 0.017188 0.044444
0 0.046875 0.180556 0.015625 0.038889
0 0.500781 0.288194 0.014063 0.048611
0 0.105859 0.410417 0.014844 0.040278
0 0.064453 0.108333 0.019531 0.041667
0 0.690234 0.306944 0.025781 0.025000
0 0.017969 0.415278 0.015625 0.033333
0 0.466406 0.472222 0.026562 0.025000
0 0.918750 0.088889 0.023438 0.044444
0 0.824219 0.292361 0.028125 0.026389
0 0.251953 0.924306 0.017969 0.026389
0 0.612891 0.844444 0.021094 0.047222
0 0.760156 0.454167 0.021875 0.050000
0 0.483984 0.420833 0.024219 0.050000
0 0.830859 0.186111 0.022656 0.044444
0 0.435937 0.779861 0.028125 0.026389
0 0.156250 0.795139 0.023438 0.029167
0 0.927734 0.563889 0.022656 0.036111
0 0.892188 0.264583 0.026562 0.037500
0 0.081641 0.311806 0.017969 0.043056
0 0.973437 0.431250 0.028125 0.045833
0 0.651953 0.943056 0.017969 0.038889
0 0.105469 0.541667 0.020313 0.025000
0 0.026562 0.043750 0.014063 0.040278
0 0.837891 0.351389 0.025781 0.036111
0 0.632031 0.900000 0.014063 0.041667
0 0.443359 0.160417 0.021094 0.026389
0 0.536719 0.400694 0.028125 0.043056
0 0.102344 0.690278 0.018750 0.036111
0 0.496484 0.140278 0.014844 0.047222
0 0.593359 0.924306 0.025781 0.029167
0 0.507031 0.580556 0.025000 0.038889
0 0.678906 0.730556 0.028125 0.033333
0 0.747266 0.575694 0.027344 0.048611
0 0.975781 0.570833 0.025000 0.030556
0 0.654687 0.523611 0.020313 0.036111
0 0.126172 0.950694 0.016406 0.040278
0 0.670312 0.664583 0.026562 0.043056
0 0.698438 0.845139 0.020313 0.034722
0 0.700391 0.927778 0.025781 0.025000
0 0.674609 0.454861 0.025781 0.034722
0 0.207813 0.105556 0.026562 0.030556
0 0.336328 0.112500 0.019531 0.038889
0 0.063281 0.038194 0.014063 0.029167
0 0.805859 0.218750 0.016406 0.029167
0 0.481641 0.611111 0.016406 0.036111
0 0.749219 0.658333 0.014063 0.027778
0 0.091016 0.064583 0.017969 0.048611
0 0.639453 0.398611 0.019531 0.036111
0 0.244141 0.084028 0.014844 0.026389
0 0.081250 0.833333 0.023438 0.025000
0 0.471094 0.102778 0.021875 0.036111
0 0.127344 0.713889 0.020313 0.050000
0 0.523828 0.777778 0.017969 0.025000
0 0.789844 0.130556 0.025000 0.050000
0 0.456250 0.630556 0.020313 0.047222
0 0.444141 0.265972 0.016406 0.037500
0 0.075000 0.636111 0.023438 0.047222
0 0.763281 0.407639 0.020313 0.029167
0 0.313281 0.160417 0.023438 0.040278
0 0.702344 0.368750 0.014063 0.040278
0 0.083594 0.501389 0.015625 0.027778
0 0.528125 0.248611 0.015625 0.036111
1 0.318750 0.753472 0.139063 0.179167
1 0.380078 0.368750 0.099219 0.293056
1 0.582031 0.638889 0.098437 0.211111
1 0.851953 0.534722 0.113281 0.252778
1 0.784766 0.827778 0.108594 0.244444
1 0.688281 0.174306 0.156250 0.209722
1 0.190234 0.251389 0.103906 0.225000