0 0.083984 0.929688 0.042969 0.035156
0 0.142578 0.837891 0.046875 0.031250
0 0.701172 0.062500 0.050781 0.031250
0 0.332031 0.120117 0.039062 0.048828
0 0.772461 0.898438 0.052734 0.050781
0 0.513672 0.163086 0.046875 0.052734
0 0.585938 0.500977 0.054688 0.033203
0 0.336914 0.504883 0.037109 0.041016
0 0.046875 0.129883 0.035156 0.056641
0 0.128906 0.374023 0.031250 0.056641
0 0.143555 0.939453 0.041016 0.054688
0 0.949219 0.250000 0.035156 0.035156
0 0.378906 0.096680 0.039062 0.037109
0 0.237305 0.148438 0.056641 0.039062
0 0.710938 0.130859 0.058594 0.035156
0 0.064453 0.540039 0.046875 0.052734
0 0.100586 0.598633 0.048828 0.033203
0 0.378906 0.242188 0.031250 0.046875
0 0.928711 0.922852 0.044922 0.052734
0 0.613281 0.818359 0.039062 0.046875
0 0.865234 0.850586 0.039062 0.033203
0 0.472656 0.262695 0.035156 0.048828
0 0.432617 0.139648 0.041016 0.052734
0 0.466797 0.523438 0.050781 0.054688
0 0.586914 0.088867 0.044922 0.048828
0 0.094727 0.777344 0.044922 0.039062
0 0.065430 0.427734 0.041016 0.031250
0 0.459961 0.468750 0.048828 0.039062
0 0.862305 0.115234 0.056641 0.050781
0 0.450195 0.379883 0.056641 0.044922
0 0.120117 0.239258 0.052734 0.037109
0 0.467773 0.958008 0.037109 0.052734
0 0.083984 0.047852 0.054688 0.037109
0 0.562500 0.434570 0.031250 0.044922
0 0.632812 0.163086 0.042969 0.044922
1 0.723633 0.288086 0.208984 0.169922
1 0.426758 0.767578 0.189453 0.238281
1 0.774414 0.743164 0.236328 0.150391
1 0.311523 0.371094 0.201172 0.148438
1 0.226562 0.659180 0.156250 0.244141
1 0.804688 0.535156 0.218750 0.210938