0 0.885742 0.232422 0.052734 0.042969
0 0.926758 0.461914 0.052734 0.041016
0 0.890625 0.155273 0.039062 0.033203
0 0.120117 0.308594 0.056641 0.054688
0 0.581055 0.855469 0.056641 0.058594
0 0.208984 0.950195 0.039062 0.044922
0 0.923828 0.545898 0.039062 0.037109
0 0.206055 0.711914 0.044922 0.033203
0 0.672852 0.351562 0.056641 0.046875
0 0.964844 0.193359 0.035156 0.035156
0 0.338867 0.104492 0.033203 0.041016
0 0.109375 0.748047 0.050781 0.046875
0 0.230469 0.836914 0.039062 0.048828
0 0.566406 0.682617 0.058594 0.056641
0 0.393555 0.529297 0.056641 0.046875
0 0.105469 0.883789 0.054688 0.033203
0 0.599609 0.945312 0.046875 0.050781
0 0.915039 0.912109 0.048828 0.042969
0 0.904297 0.290039 0.031250 0.044922
0 0.395508 0.586914 0.052734 0.037109
0 0.179688 0.818359 0.046875 0.054688
0 0.325195 0.424805 0.052734 0.033203
0 0.349609 0.656250 0.054688 0.054688
0 0.794922 0.343750 0.050781 0.058594
0 0.051758 0.376953 0.033203 0.035156
0 0.935547 0.847656 0.039062 0.042969
0 0.626953 0.660156 0.031250 0.031250
0 0.059570 0.826172 0.048828 0.046875
0 0.171875 0.349609 0.031250 0.039062
0 0.043945 0.738281 0.048828 0.031250
0 0.509766 0.076172 0.058594 0.031250
0 0.228516 0.772461 0.031250 0.033203
0 0.586914 0.099609 0.052734 0.050781
0 0.877930 0.353516 0.037109 0.031250
0 0.316406 0.891602 0.031250 0.041016
0 0.414062 0.054688 0.039062 0.046875
1 0.381836 0.777344 0.244141 0.171875
1 0.755859 0.833984 0.230469 0.234375
1 0.181641 0.507812 0.195312 0.261719
1 0.744141 0.179688 0.167969 0.253906
1 0.530273 0.471680 0.166016 0.240234
1 0.783203 0.550781 0.156250 0.269531
1 0.334961 0.244141 0.177734 0.214844
1 0.545898 0.205078 0.162109 0.136719
1 0.132812 0.176758 0.156250 0.166016