0 0.651367 0.784180 0.033203 0.056641
0 0.516602 0.945312 0.044922 0.058594
0 0.283203 0.951172 0.054688 0.039062
0 0.468750 0.842773 0.039062 0.037109
0 0.452148 0.941406 0.037109 0.039062
0 0.720703 0.355469 0.058594 0.035156
0 0.498047 0.110352 0.054688 0.044922
0 0.437500 0.779297 0.046875 0.031250
0 0.720703 0.570312 0.050781 0.046875
0 0.426758 0.384766 0.037109 0.031250
0 0.724609 0.042969 0.050781 0.054688
0 0.884766 0.349609 0.042969 0.031250
0 0.282227 0.849609 0.033203 0.031250
0 0.096680 0.245117 0.037109 0.037109
0 0.636719 0.714844 0.058594 0.058594
0 0.239258 0.035156 0.048828 0.039062
0 0.060547 0.938477 0.031250 0.056641
0 0.635742 0.429688 0.033203 0.054688
0 0.616211 0.864258 0.052734 0.044922
0 0.158203 0.143555 0.054688 0.041016
0 0.290039 0.400391 0.044922 0.058594
0 0.356445 0.365234 0.056641 0.042969
0 0.779297 0.434570 0.046875 0.044922
0 0.762695 0.623047 0.048828 0.042969
0 0.349609 0.798828 0.039062 0.031250
0 0.145508 0.913086 0.037109 0.052734
0 0.322266 0.063477 0.042969 0.041016
0 0.511719 0.765625 0.046875 0.042969
0 0.350586 0.174805 0.037109 0.056641
0 0.958984 0.698242 0.042969 0.037109
0 0.643555 0.922852 0.056641 0.037109
0 0.065430 0.067383 0.037109 0.052734
0 0.500000 0.062500 0.050781 0.031250
0 0.075195 0.295898 0.041016 0.048828
0 0.428711 0.285156 0.044922 0.046875
0 0.583008 0.803711 0.041016 0.033203
0 0.226562 0.857422 0.039062 0.050781
0 0.547852 0.367188 0.048828 0.035156
0 0.944336 0.314453 0.052734 0.039062
1 0.477539 0.566406 0.240234 0.238281
1 0.623047 0.236328 0.179688 0.167969
1 0.169922 0.607422 0.218750 0.257812
1 0.896484 0.485352 0.136719 0.208984
1 0.800781 0.840820 0.242188 0.197266
1 0.835938 0.135742 0.144531 0.212891