0 0.901172 0.140278 0.021094 0.038889
0 0.360156 0.041667 0.015625 0.047222
0 0.834375 0.407639 0.015625 0.037500
0 0.070312 0.456944 0.023438 0.047222
0 0.188281 0.809722 0.018750 0.038889
0 0.785547 0.137500 0.019531 0.027778
0 0.062500 0.037500 0.020313 0.041667
0 0.053125 0.857639 0.017188 0.034722
0 0.942578 0.960417 0.021094 0.037500
0 0.961328 0.486111 0.025781 0.044444
0 0.157422 0.631944 0.025781 0.038889
0 0.786719 0.542361 0.020313 0.026389
0 0.853516 0.113194 0.027344 0.045833
0 0.187109 0.681944 0.016406 0.025000
0 0.618750 0.040278 0.020313 0.027778
0 0.072266 0.645139 0.019531 0.031944
0 0.045703 0.495139 0.017969 0.031944
0 0.643359 0.242361 0.024219 0.034722
0 0.119531 0.554861 0.023438 0.031944
0 0.032813 0.660417 0.020313 0.026389
0 0.966016 0.410417 0.017969 0.029167
0 0.098437 0.245833 0.017188 0.041667
0 0.309766 0.875694 0.021094 0.040278
0 0.256641 0.306944 0.025781 0.047222
0 0.083984 0.924306 0.021094 0.048611
0 0.105469 0.069444 0.018750 0.027778
0 0.208203 0.517361 0.022656 0.045833
0 0.230078 0.709028 0.021094 0.045833
0 0.414062 0.615278 0.026562 0.047222
0 0.372266 0.653472 0.019531 0.037500
0 0.042578 0.122917 0.014844 0.026389
0 0.783203 0.206250 0.025781 0.034722
0 0.321875 0.763889 0.015625 0.027778
0 0.815625 0.949306 0.021875 0.031944
0 0.187891 0.417361 0.024219 0.026389
0 0.210156 0.627083 0.023438 0.045833
0 0.664844 0.054167 0.020313 0.027778
0 0.575391 0.688194 0.019531 0.031944
0 0.470313 0.949306 0.020313 0.037500
0 0.180469 0.966667 0.028125 0.025000
0 0.079687 0.398611 0.015625 0.030556
0 0.113672 0.427083 0.016406 0.040278
0 0.069922 0.272917 0.027344 0.029167
0 0.296484 0.213194 0.017969 0.045833
0 0.859766 0.477778 0.019531 0.036111
0 0.955469 0.356250 0.028125 0.026389
0 0.378516 0.562500 0.024219 0.025000
0 0.748437 0.320833 0.021875 0.027778
0 0.033984 0.790278 0.027344 0.050000
0 0.912109 0.050694 0.014844 0.048611
0 0.080469 0.503472 0.021875 0.031944
0 0.853516 0.227083 0.021094 0.043056
0 0.024609 0.269444 0.017969 0.036111
0 0.352734 0.885417 0.014844 0.026389
0 0.054297 0.187500 0.016406 0.050000
0 0.807813 0.476389 0.021875 0.033333
0 0.481250 0.597917 0.020313 0.026389
0 0.573438 0.754861 0.023438 0.040278
0 0.582031 0.831250 0.015625 0.029167
0 0.034766 0.957639 0.019531 0.045833
0 0.317188 0.297222 0.028125 0.027778
0 0.119531 0.790278 0.017188 0.044444
0 0.644531 0.143750 0.017188 0.040278
0 0.127344 0.247917 0.015625 0.040278
0 0.242188 0.775000 0.017188 0.027778
0 0.892969 0.901389 0.023438 0.038889
0 0.175391 0.900000 0.022656 0.044444
0 0.231250 0.929861 0.025000 0.026389
0 0.758984 0.371528 0.024219 0.029167
0 0.747266 0.959028 0.022656 0.034722
0 0.577344 0.282639 0.026562 0.026389
0 0.117969 0.160417 0.015625 0.029167
0 0.860938 0.381944 0.021875 0.050000
0 0.123438 0.640278 0.023438 0.038889
0 0.101562 0.850000 0.026562 0.025000
0 0.928516 0.338194 0.017969 0.045833
0 0.223828 0.826389 0.027344 0.030556
0 0.620313 0.860417 0.015625 0.040278
0 0.951953 0.168750 0.022656 0.029167
0 0.701562 0.075694 0.020313 0.037500
0 0.903906 0.492361 0.018750 0.045833
0 0.191016 0.570833 0.019531 0.050000
0 0.160156 0.356944 0.017188 0.050000
0 0.033984 0.316667 0.025781 0.027778
0 0.034375 0.425000 0.026562 0.033333
0 0.737109 0.070139 0.022656 0.045833
0 0.962500 0.066667 0.020313 0.041667
0 0.060156 0.736806 0.028125 0.031944
0 0.332422 0.131250 0.025781 0.043056
0 0.247266 0.891667 0.021094 0.038889
0 0.151953 0.773611 0.019531 0.050000
0 0.314063 0.412500 0.028125 0.041667
0 0.153516 0.725000 0.017969 0.030556
0 0.823828 0.346528 0.025781 0.048611
1 0.622266 0.493056 0.155469 0.244444
1 0.300000 0.594444 0.096875 0.252778
1 0.436328 0.800694 0.139844 0.223611
1 0.463672 0.168750 0.161719 0.237500
1 0.715234 0.790972 0.141406 0.276389
1 0.885156 0.667361 0.096875 0.279167
1 0.417578 0.406250 0.105469 0.173611