0 0.574609 0.839583 0.014844 0.034722
0 0.957031 0.095139 0.025000 0.048611
0 0.636719 0.170139 0.017188 0.026389
0 0.694922 0.105556 0.025781 0.041667
0 0.552344 0.951389 0.018750 0.041667
0 0.503906 0.965972 0.021875 0.026389
0 0.862500 0.397917 0.020313 0.045833
0 0.462891 0.527778 0.022656 0.041667
0 0.493750 0.927083 0.015625 0.040278
0 0.045703 0.925694 0.021094 0.043056
0 0.356641 0.712500 0.014844 0.044444
0 0.565234 0.112500 0.025781 0.025000
0 0.049609 0.071528 0.021094 0.034722
0 0.567969 0.277778 0.014063 0.038889
0 0.975391 0.939583 0.016406 0.045833
0 0.850391 0.754861 0.022656 0.031944
0 0.025781 0.102083 0.015625 0.031944
0 0.806641 0.841667 0.019531 0.050000
0 0.969922 0.499306 0.014844 0.040278
0 0.707031 0.046528 0.025000 0.026389
0 0.303125 0.230556 0.025000 0.036111
0 0.351172 0.817361 0.016406 0.031944
0 0.870313 0.651389 0.018750 0.036111
0 0.157031 0.577083 0.028125 0.029167
0 0.595313 0.739583 0.023438 0.048611
0 0.920703 0.915278 0.025781 0.033333
0 0.119922 0.595139 0.016406 0.048611
0 0.404687 0.956250 0.017188 0.026389
0 0.713281 0.250000 0.020313 0.033333
0 0.874609 0.927778 0.014844 0.027778
0 0.594531 0.929861 0.018750 0.040278
0 0.748047 0.965278 0.014844 0.025000
0 0.060547 0.169444 0.022656 0.041667
0 0.654297 0.912500 0.014844 0.025000
0 0.744141 0.915278 0.014844 0.027778
0 0.183984 0.728472 0.014844 0.029167
0 0.970313 0.847222 0.026562 0.025000
0 0.380469 0.152778 0.015625 0.041667
0 0.898828 0.824306 0.014844 0.034722
0 0.737500 0.121528 0.026562 0.048611
0 0.921484 0.068056 0.025781 0.027778
0 0.477734 0.090972 0.017969 0.048611
0 0.185156 0.885417 0.017188 0.040278
0 0.978516 0.894444 0.021094 0.025000
0 0.512500 0.126389 0.025000 0.036111
0 0.035937 0.286111 0.023438 0.038889
0 0.876953 0.792361 0.019531 0.040278
0 0.704297 0.197917 0.022656 0.048611
0 0.099219 0.521528 0.017188 0.040278
0 0.535937 0.836806 0.025000 0.045833
0 0.049219 0.557639 0.018750 0.029167
0 0.925781 0.597222 0.017188 0.030556
0 0.541406 0.505556 0.018750 0.038889
0 0.270313 0.931250 0.025000 0.037500
0 0.848047 0.811111 0.021094 0.038889
0 0.554688 0.228472 0.017188 0.040278
0 0.618750 0.099306 0.025000 0.040278
0 0.940234 0.449306 0.027344 0.037500
0 0.443359 0.155556 0.014844 0.047222
0 0.291797 0.841667 0.017969 0.050000
0 0.360938 0.897222 0.014063 0.025000
0 0.505469 0.079167 0.025000 0.047222
0 0.353516 0.572222 0.019531 0.038889
0 0.420703 0.079861 0.014844 0.043056
0 0.150781 0.942361 0.026562 0.029167
0 0.856641 0.095833 0.022656 0.038889
0 0.169141 0.534722 0.025781 0.027778
0 0.957812 0.771528 0.025000 0.031944
0 0.507422 0.330556 0.022656 0.033333
0 0.695312 0.922222 0.014063 0.038889
0 0.526172 0.263194 0.017969 0.040278
0 0.188281 0.658333 0.028125 0.033333
0 0.101562 0.936111 0.017188 0.030556
0 0.823047 0.649306 0.016406 0.037500
0 0.954688 0.359722 0.020313 0.025000
0 0.273047 0.220833 0.025781 0.030556
0 0.201953 0.795139 0.016406 0.043056
0 0.305859 0.918750 0.021094 0.037500
0 0.225000 0.055556 0.017188 0.036111
0 0.355859 0.659028 0.025781 0.031944
0 0.941406 0.538889 0.018750 0.044444
0 0.532813 0.045833 0.020313 0.050000
0 0.271484 0.454167 0.021094 0.036111
0 0.916016 0.722917 0.021094 0.043056
1 0.489453 0.686806 0.125781 0.212500
1 0.144531 0.348611 0.165625 0.241667
1 0.428516 0.361111 0.124219 0.238889
1 0.263281 0.627083 0.096875 0.265278
1 0.705078 0.742361 0.158594 0.279167
1 0.847266 0.242361 0.158594 0.220833
1 0.675000 0.409722 0.137500 0.269444