0 0.078906 0.944444 0.025000 0.036111
0 0.918750 0.541667 0.017188 0.033333
0 0.890625 0.179861 0.014063 0.034722
0 0.088672 0.645139 0.019531 0.043056
0 0.523047 0.435417 0.022656 0.043056
0 0.614844 0.503472 0.021875 0.037500
0 0.742578 0.047222 0.025781 0.030556
0 0.065234 0.500000 0.017969 0.027778
0 0.030859 0.536111 0.019531 0.033333
0 0.455469 0.267361 0.015625 0.026389
0 0.624219 0.137500 0.021875 0.047222
0 0.643750 0.205556 0.020313 0.038889
0 0.964453 0.061111 0.016406 0.047222
0 0.943359 0.410417 0.021094 0.026389
0 0.930078 0.081944 0.021094 0.030556
0 0.517578 0.776389 0.014844 0.025000
0 0.466797 0.518750 0.014844 0.045833
0 0.926562 0.623611 0.023438 0.025000
0 0.828125 0.169444 0.017188 0.041667
0 0.692969 0.797222 0.020313 0.036111
0 0.409375 0.115278 0.014063 0.025000
0 0.224219 0.315972 0.028125 0.048611
0 0.466406 0.462500 0.015625 0.036111
0 0.682422 0.882639 0.017969 0.048611
0 0.966016 0.667361 0.022656 0.043056
0 0.853516 0.145139 0.014844 0.045833
0 0.316016 0.149306 0.014844 0.037500
0 0.807031 0.111806 0.020313 0.026389
0 0.633984 0.917361 0.021094 0.043056
0 0.066016 0.862500 0.021094 0.036111
0 0.273438 0.559722 0.014063 0.030556
0 0.518750 0.070833 0.014063 0.036111
0 0.901172 0.710417 0.024219 0.026389
0 0.542578 0.870833 0.021094 0.047222
0 0.355078 0.163194 0.021094 0.029167
0 0.643359 0.806944 0.019531 0.030556
0 0.133594 0.663889 0.020313 0.044444
0 0.896875 0.927778 0.018750 0.036111
0 0.664844 0.150694 0.014063 0.034722
0 0.781250 0.139583 0.020313 0.029167
0 0.926172 0.498611 0.024219 0.033333
0 0.712109 0.183333 0.024219 0.025000
0 0.185938 0.381250 0.014063 0.026389
0 0.264844 0.077083 0.028125 0.040278
0 0.963672 0.754167 0.019531 0.027778
0 0.885938 0.278472 0.014063 0.031944
0 0.764844 0.287500 0.028125 0.036111
0 0.253125 0.450694 0.026562 0.029167
0 0.278516 0.507639 0.021094 0.029167
0 0.695312 0.364583 0.026562 0.040278
0 0.595703 0.056250 0.016406 0.043056
0 0.453516 0.882639 0.022656 0.034722
0 0.775781 0.044444 0.023438 0.044444
0 0.322656 0.450000 0.021875 0.041667
0 0.917188 0.456250 0.017188 0.029167
0 0.669141 0.634028 0.025781 0.034722
0 0.640625 0.366667 0.025000 0.044444
0 0.617969 0.845139 0.025000 0.031944
0 0.977734 0.609028 0.021094 0.026389
0 0.130469 0.052083 0.020313 0.045833
0 0.423047 0.166667 0.024219 0.041667
0 0.403906 0.529861 0.021875 0.029167
0 0.723437 0.863194 0.026562 0.040278
0 0.511328 0.495833 0.025781 0.044444
0 0.050000 0.579167 0.017188 0.030556
0 0.386328 0.107639 0.017969 0.029167
0 0.468750 0.806250 0.017188 0.045833
0 0.239844 0.368750 0.026562 0.026389
0 0.367578 0.600000 0.022656 0.044444
0 0.659375 0.854861 0.015625 0.031944
0 0.744531 0.238889 0.023438 0.044444
0 0.971094 0.539583 0.028125 0.045833
0 0.421484 0.431250 0.022656 0.040278
0 0.432422 0.288194 0.017969 0.045833
0 0.269531 0.842361 0.015625 0.026389
0 0.453125 0.386111 0.017188 0.038889
0 0.926953 0.159722 0.016406 0.050000
0 0.971094 0.314583 0.015625 0.040278
0 0.496484 0.958333 0.022656 0.050000
0 0.274609 0.126389 0.017969 0.047222
0 0.653516 0.264583 0.024219 0.034722
0 0.121875 0.478472 0.020313 0.029167
0 0.490625 0.881250 0.014063 0.034722
0 0.452344 0.093750 0.026562 0.034722
0 0.104297 0.363889 0.014844 0.036111
0 0.028906 0.376389 0.014063 0.033333
0 0.157812 0.371528 0.015625 0.040278
0 0.398047 0.193056 0.019531 0.036111
0 0.023047 0.883333 0.025781 0.050000
0 0.673438 0.509028 0.023438 0.037500
0 0.674609 0.081944 0.022656 0.041667
0 0.667188 0.359028 0.017188 0.045833
0 0.229687 0.204861 0.023438 0.040278
0 0.785937 0.177778 0.018750 0.036111
0 0.593750 0.888194 0.025000 0.034722
1 0.535156 0.247222 0.123438 0.269444
1 0.333984 0.304167 0.147656 0.169444
1 0.364844 0.809028 0.139063 0.298611
1 0.822266 0.453472 0.155469 0.262500
1 0.205078 0.596528 0.105469 0.190278
1 0.571875 0.645139 0.156250 0.193056
1 0.097656 0.202778 0.146875 0.216667
1 0.832812 0.802083 0.098437 0.262500
1 0.166406 0.828472 0.107813 0.220833