0 0.086719 0.243056 0.017188 0.033333
0 0.934375 0.112500 0.015625 0.038889
0 0.941797 0.800000 0.016406 0.044444
0 0.801562 0.071528 0.021875 0.048611
0 0.367188 0.375000 0.028125 0.038889
0 0.039453 0.334722 0.025781 0.036111
0 0.287109 0.443750 0.016406 0.034722
0 0.050781 0.237500 0.023438 0.041667
0 0.960938 0.336111 0.023438 0.041667
0 0.097266 0.125000 0.021094 0.041667
0 0.342578 0.359722 0.014844 0.041667
0 0.912891 0.908333 0.021094 0.044444
0 0.638672 0.111806 0.014844 0.045833
0 0.254688 0.439583 0.018750 0.034722
0 0.960156 0.936111 0.017188 0.025000
0 0.053516 0.752083 0.017969 0.034722
0 0.051953 0.134722 0.019531 0.050000
0 0.511719 0.610417 0.028125 0.026389
0 0.089063 0.811111 0.023438 0.025000
0 0.866016 0.869444 0.021094 0.038889
0 0.976172 0.254861 0.024219 0.037500
0 0.692187 0.197917 0.025000 0.029167
0 0.964063 0.858333 0.018750 0.027778
0 0.375781 0.276389 0.014063 0.038889
0 0.129688 0.751389 0.017188 0.041667
0 0.938281 0.063889 0.021875 0.030556
0 0.429297 0.593750 0.021094 0.048611
0 0.294922 0.583333 0.024219 0.038889
0 0.900781 0.777778 0.014063 0.036111
0 0.265234 0.113194 0.025781 0.048611
0 0.653906 0.856944 0.017188 0.033333
0 0.081250 0.352083 0.017188 0.026389
0 0.171484 0.330556 0.014844 0.027778
0 0.893359 0.505556 0.022656 0.044444
0 0.180078 0.943056 0.022656 0.036111
0 0.721875 0.802083 0.020313 0.037500
0 0.355078 0.966667 0.021094 0.027778
0 0.507031 0.093056 0.025000 0.038889
0 0.321094 0.492361 0.014063 0.026389
0 0.071875 0.864583 0.015625 0.026389
0 0.603125 0.545833 0.018750 0.041667
0 0.786328 0.481250 0.014844 0.034722
0 0.396484 0.097917 0.019531 0.031944
0 0.164062 0.229861 0.020313 0.045833
0 0.966016 0.150000 0.016406 0.036111
0 0.166797 0.818750 0.022656 0.026389
0 0.149219 0.299306 0.014063 0.048611
0 0.717578 0.438194 0.019531 0.040278
0 0.968750 0.497222 0.018750 0.030556
0 0.203516 0.915972 0.017969 0.037500
0 0.253125 0.656250 0.017188 0.034722
0 0.869141 0.075000 0.024219 0.038889
0 0.713672 0.331944 0.022656 0.036111
0 0.713672 0.076389 0.025781 0.047222
0 0.838672 0.922917 0.024219 0.029167
0 0.696875 0.922222 0.018750 0.027778
0 0.567187 0.052778 0.014063 0.030556
0 0.869141 0.919444 0.016406 0.050000
0 0.121484 0.033333 0.016406 0.033333
0 0.950391 0.422917 0.017969 0.037500
0 0.980469 0.716667 0.020313 0.027778
0 0.327344 0.406250 0.020313 0.029167
0 0.758594 0.837500 0.028125 0.038889
0 0.667578 0.268056 0.022656 0.033333
0 0.266797 0.567361 0.017969 0.029167
0 0.178906 0.108333 0.021875 0.027778
0 0.943750 0.261806 0.025000 0.026389
0 0.882812 0.787500 0.014063 0.036111
0 0.715625 0.733333 0.020313 0.047222
0 0.801172 0.948611 0.021094 0.036111
0 0.238281 0.704861 0.015625 0.037500
0 0.145703 0.871528 0.019531 0.037500
0 0.200781 0.877083 0.015625 0.026389
0 0.201953 0.079167 0.017969 0.044444
0 0.223438 0.815278 0.018750 0.050000
1 0.685937 0.584028 0.132812 0.220833
1 0.358594 0.791667 0.159375 0.272222
1 0.478125 0.340278 0.168750 0.294444
1 0.825391 0.250694 0.171094 0.290278
1 0.251563 0.284028 0.132812 0.193056
1 0.083984 0.550000 0.111719 0.288889
1 0.876172 0.629861 0.167969 0.181944
1 0.532031 0.795139 0.137500 0.273611