0 0.970313 0.843750 0.025000 0.034722
0 0.589453 0.407639 0.022656 0.048611
0 0.954688 0.418750 0.018750 0.031944
0 0.330078 0.850000 0.025781 0.033333
0 0.132031 0.893056 0.014063 0.041667
0 0.090625 0.743750 0.026562 0.048611
0 0.333984 0.212500 0.021094 0.030556
0 0.494531 0.890972 0.018750 0.037500
0 0.528906 0.770139 0.017188 0.026389
0 0.690625 0.181944 0.017188 0.038889
0 0.755859 0.071528 0.022656 0.034722
0 0.942578 0.463889 0.022656 0.038889
0 0.094141 0.677083 0.027344 0.043056
0 0.965625 0.969444 0.021875 0.027778
0 0.817578 0.129167 0.014844 0.047222
0 0.544531 0.464583 0.014063 0.040278
0 0.047656 0.046528 0.020313 0.043056
0 0.334375 0.556944 0.023438 0.038889
0 0.872266 0.853472 0.019531 0.040278
0 0.293359 0.715278 0.014844 0.050000
0 0.618750 0.933333 0.015625 0.025000
0 0.458984 0.934722 0.027344 0.025000
0 0.876172 0.243056 0.017969 0.027778
0 0.873437 0.067361 0.018750 0.043056
0 0.858984 0.361806 0.017969 0.034722
0 0.795312 0.052778 0.017188 0.025000
0 0.503125 0.176389 0.025000 0.041667
0 0.107031 0.590972 0.020313 0.034722
0 0.370312 0.951389 0.026562 0.038889
0 0.026172 0.583333 0.027344 0.033333
0 0.424609 0.934028 0.019531 0.040278
0 0.731641 0.580556 0.014844 0.044444
0 0.124219 0.161111 0.026562 0.041667
0 0.319141 0.950000 0.021094 0.036111
0 0.164844 0.085417 0.014063 0.037500
0 0.517969 0.461111 0.026562 0.033333
0 0.089453 0.170139 0.016406 0.029167
0 0.056250 0.847917 0.014063 0.026389
0 0.764062 0.515972 0.015625 0.026389
0 0.448437 0.284722 0.023438 0.033333
0 0.494531 0.100000 0.020313 0.030556
0 0.289844 0.078472 0.025000 0.043056
0 0.347266 0.747222 0.021094 0.038889
0 0.741797 0.506944 0.017969 0.027778
0 0.836328 0.069444 0.019531 0.050000
0 0.409766 0.848611 0.021094 0.027778
0 0.347656 0.656944 0.018750 0.033333
0 0.200000 0.941667 0.014063 0.030556
0 0.023047 0.911111 0.027344 0.033333
0 0.248438 0.968750 0.020313 0.029167
0 0.931250 0.144444 0.014063 0.041667
0 0.411719 0.184722 0.026562 0.033333
0 0.858984 0.413194 0.022656 0.048611
0 0.796094 0.690972 0.020313 0.048611
0 0.103516 0.926389 0.014844 0.038889
0 0.904687 0.881944 0.028125 0.030556
0 0.784375 0.141667 0.025000 0.047222
0 0.521094 0.924306 0.021875 0.029167
0 0.512500 0.377778 0.018750 0.030556
0 0.223438 0.607639 0.026562 0.045833
0 0.231250 0.866667 0.014063 0.025000
0 0.101172 0.074306 0.022656 0.031944
0 0.660547 0.379861 0.017969 0.040278
0 0.687891 0.941667 0.021094 0.038889
0 0.905469 0.081250 0.020313 0.040278
0 0.378125 0.053472 0.015625 0.045833
0 0.532422 0.400694 0.014844 0.026389
0 0.865234 0.282639 0.017969 0.037500
0 0.124219 0.091667 0.017188 0.044444
0 0.369141 0.836111 0.022656 0.050000
0 0.953125 0.780556 0.018750 0.027778
0 0.967187 0.268056 0.018750 0.025000
0 0.762109 0.577778 0.024219 0.041667
1 0.342578 0.339583 0.141406 0.206944
1 0.773047 0.309028 0.127344 0.223611
1 0.445312 0.623611 0.164062 0.202778
1 0.200391 0.740278 0.138281 0.188889
1 0.722266 0.750000 0.116406 0.258333
1 0.152734 0.414583 0.124219 0.293056
1 0.589453 0.196528 0.121094 0.265278
1 0.906641 0.622222 0.136719 0.247222
1 0.597266 0.792361 0.094531 0.215278