0 0.362109 0.584722 0.017969 0.030556
0 0.946875 0.457639 0.014063 0.026389
0 0.094531 0.264583 0.015625 0.034722
0 0.211719 0.922917 0.028125 0.026389
0 0.076953 0.770139 0.014844 0.037500
0 0.966797 0.122917 0.019531 0.031944
0 0.064062 0.820833 0.026562 0.038889
0 0.311719 0.138194 0.026562 0.037500
0 0.348047 0.473611 0.021094 0.030556
0 0.947266 0.164583 0.014844 0.034722
0 0.933984 0.743056 0.024219 0.036111
0 0.325781 0.314583 0.021875 0.045833
0 0.922656 0.888889 0.026562 0.044444
0 0.168359 0.710417 0.016406 0.048611
0 0.384766 0.504861 0.021094 0.040278
0 0.723047 0.588889 0.025781 0.047222
0 0.132812 0.263889 0.017188 0.047222
0 0.035547 0.765278 0.021094 0.044444
0 0.084766 0.901389 0.022656 0.036111
0 0.898047 0.575000 0.019531 0.030556
0 0.780859 0.654167 0.024219 0.036111
0 0.244531 0.843750 0.015625 0.029167
0 0.056250 0.888194 0.017188 0.034722
0 0.299219 0.588889 0.020313 0.050000
0 0.212500 0.738889 0.015625 0.033333
0 0.598047 0.357639 0.022656 0.043056
0 0.141016 0.876389 0.016406 0.036111
0 0.773438 0.583333 0.018750 0.025000
0 0.682813 0.144444 0.018750 0.050000
0 0.285938 0.920833 0.023438 0.033333
0 0.289453 0.043750 0.021094 0.037500
0 0.281641 0.522917 0.025781 0.031944
0 0.134375 0.138889 0.021875 0.027778
0 0.465625 0.939583 0.015625 0.048611
0 0.530859 0.478472 0.024219 0.048611
0 0.673047 0.337500 0.019531 0.030556
0 0.065625 0.345139 0.023438 0.037500
0 0.210938 0.844444 0.020313 0.050000
0 0.339062 0.409722 0.015625 0.044444
0 0.023438 0.134722 0.028125 0.050000
0 0.118750 0.754861 0.026562 0.043056
0 0.038672 0.302778 0.027344 0.030556
0 0.034375 0.963194 0.015625 0.026389
0 0.481250 0.512500 0.015625 0.041667
0 0.273438 0.353472 0.021875 0.034722
0 0.367969 0.859028 0.017188 0.034722
0 0.144531 0.179861 0.017188 0.034722
0 0.476172 0.858333 0.016406 0.036111
0 0.357031 0.518056 0.017188 0.041667
0 0.378516 0.934722 0.014844 0.036111
0 0.929688 0.654167 0.028125 0.030556
0 0.227344 0.383333 0.021875 0.041667
0 0.316016 0.431250 0.022656 0.045833
0 0.923047 0.584028 0.024219 0.043056
0 0.771875 0.508333 0.017188 0.025000
0 0.432422 0.819444 0.021094 0.038889
0 0.206641 0.084722 0.025781 0.030556
0 0.124219 0.377778 0.028125 0.047222
0 0.862891 0.409028 0.017969 0.029167
0 0.509375 0.927778 0.018750 0.036111
0 0.041797 0.225000 0.024219 0.044444
0 0.210156 0.789583 0.028125 0.034722
0 0.825000 0.627778 0.014063 0.044444
0 0.706641 0.129861 0.014844 0.043056
0 0.668750 0.295833 0.014063 0.036111
0 0.848047 0.587500 0.025781 0.036111
0 0.491797 0.468056 0.025781 0.030556
0 0.019531 0.509028 0.014063 0.037500
0 0.970703 0.484028 0.016406 0.043056
0 0.064062 0.177778 0.021875 0.025000
0 0.321094 0.840972 0.017188 0.031944
0 0.938281 0.061111 0.028125 0.033333
0 0.671484 0.038194 0.025781 0.026389
0 0.722656 0.661806 0.015625 0.029167
0 0.496875 0.857639 0.014063 0.026389
0 0.696094 0.234028 0.018750 0.048611
0 0.028516 0.341667 0.019531 0.027778
0 0.180859 0.381250 0.016406 0.034722
0 0.595313 0.956944 0.020313 0.038889
0 0.556250 0.504167 0.017188 0.027778
0 0.062891 0.049306 0.014844 0.043056
0 0.813672 0.400000 0.019531 0.025000
0 0.800391 0.495139 0.024219 0.045833
0 0.356250 0.063889 0.028125 0.044444
0 0.967187 0.245833 0.018750 0.050000
0 0.162500 0.806250 0.028125 0.045833
0 0.247656 0.072222 0.023438 0.033333
0 0.596094 0.894444 0.020313 0.027778
0 0.321094 0.496528 0.021875 0.040278
0 0.716016 0.402778 0.016406 0.027778
0 0.916016 0.936111 0.014844 0.030556
1 0.327344 0.721528 0.129688 0.173611
1 0.694141 0.818056 0.135156 0.225000
1 0.852734 0.215278 0.142969 0.194444
1 0.642188 0.527083 0.101562 0.254167
1 0.138281 0.538194 0.164062 0.240278
1 0.496875 0.674306 0.135937 0.223611
1 0.610156 0.184028 0.093750 0.215278
1 0.224219 0.213194 0.109375 0.168056
1 0.841406 0.798611 0.106250 0.213889
1 0.401953 0.246528 0.102344 0.231944