0 0.076172 0.221680 0.058594 0.056641
0 0.110352 0.448242 0.044922 0.052734
0 0.155273 0.616211 0.044922 0.041016
0 0.445312 0.083984 0.042969 0.035156
0 0.310547 0.750000 0.031250 0.054688
0 0.745117 0.046875 0.048828 0.050781
0 0.771484 0.109375 0.058594 0.054688
0 0.092773 0.580078 0.052734 0.031250
0 0.940430 0.122070 0.037109 0.044922
0 0.442383 0.657227 0.052734 0.033203
0 0.734375 0.951172 0.039062 0.039062
0 0.614258 0.910156 0.048828 0.042969
0 0.041016 0.377930 0.050781 0.056641
0 0.564453 0.057617 0.035156 0.037109
0 0.757812 0.831055 0.054688 0.037109
0 0.249023 0.934570 0.052734 0.041016
0 0.834961 0.915039 0.041016 0.056641
0 0.339844 0.227539 0.058594 0.056641
0 0.403320 0.315430 0.033203 0.041016
0 0.578125 0.776367 0.042969 0.041016
0 0.352539 0.820312 0.037109 0.054688
0 0.620117 0.840820 0.052734 0.033203
0 0.621094 0.093750 0.050781 0.054688
0 0.163086 0.348633 0.056641 0.044922
0 0.898438 0.832031 0.046875 0.042969
0 0.948242 0.747070 0.052734 0.044922
0 0.572266 0.616211 0.050781 0.041016
0 0.696289 0.879883 0.033203 0.052734
0 0.486328 0.198242 0.039062 0.048828
0 0.309570 0.679688 0.056641 0.050781
0 0.332031 0.906250 0.042969 0.046875
0 0.342773 0.056641 0.056641 0.058594
0 0.354492 0.347656 0.044922 0.046875
0 0.056641 0.938477 0.050781 0.048828
0 0.188477 0.959961 0.044922 0.033203
0 0.916016 0.043945 0.039062 0.033203
0 0.685547 0.420898 0.035156 0.037109
0 0.099609 0.360352 0.042969 0.044922
0 0.407227 0.178711 0.037109 0.048828
0 0.894531 0.219727 0.035156 0.048828
0 0.256836 0.329102 0.048828 0.052734
0 0.821289 0.856445 0.041016 0.037109
0 0.506836 0.662109 0.052734 0.035156
0 0.323242 0.124023 0.041016 0.033203
0 0.158203 0.413086 0.031250 0.056641
1 0.144531 0.752930 0.238281 0.212891
1 0.845703 0.451172 0.226562 0.257812
1 0.304688 0.486328 0.246094 0.175781
1 0.205078 0.159180 0.152344 0.220703
1 0.766602 0.714844 0.251953 0.175781
1 0.462891 0.833984 0.148438 0.265625
1 0.628906 0.219727 0.214844 0.150391
1 0.562500 0.465820 0.171875 0.236328