0 0.632422 0.686111 0.014844 0.047222
0 0.974219 0.663194 0.017188 0.029167
0 0.780469 0.454167 0.023438 0.027778
0 0.899609 0.888889 0.017969 0.030556
0 0.327344 0.535417 0.015625 0.045833
0 0.461719 0.960417 0.026562 0.034722
0 0.140234 0.781250 0.014844 0.045833
0 0.962109 0.422917 0.016406 0.026389
0 0.491797 0.268056 0.024219 0.038889
0 0.332422 0.606944 0.014844 0.038889
0 0.176172 0.120139 0.017969 0.043056
0 0.601172 0.369444 0.025781 0.030556
0 0.547656 0.078472 0.017188 0.043056
0 0.024219 0.576389 0.026562 0.038889
0 0.432031 0.924306 0.018750 0.031944
0 0.416016 0.294444 0.024219 0.036111
0 0.926562 0.158333 0.014063 0.038889
0 0.960938 0.239583 0.026562 0.040278
0 0.878125 0.838889 0.023438 0.027778
0 0.488281 0.033333 0.018750 0.030556
0 0.243750 0.580556 0.021875 0.038889
0 0.581641 0.838194 0.022656 0.034722
0 0.051562 0.259028 0.020313 0.043056
0 0.940234 0.940972 0.019531 0.034722
0 0.365234 0.618750 0.014844 0.048611
0 0.049219 0.737500 0.018750 0.050000
0 0.376563 0.205556 0.021875 0.030556
0 0.032031 0.213889 0.025000 0.030556
0 0.186719 0.945139 0.017188 0.026389
0 0.552344 0.889583 0.014063 0.029167
0 0.621094 0.629861 0.020313 0.037500
0 0.445312 0.181250 0.018750 0.031944
0 0.731250 0.944444 0.015625 0.050000
0 0.652734 0.881250 0.017969 0.037500
0 0.845313 0.968750 0.025000 0.029167
0 0.512109 0.895833 0.021094 0.030556
0 0.028906 0.938194 0.021875 0.026389
0 0.077734 0.275694 0.022656 0.037500
0 0.337500 0.463194 0.023438 0.037500
0 0.249609 0.096528 0.021094 0.040278
0 0.387891 0.283333 0.016406 0.038889
0 0.578516 0.879861 0.021094 0.026389
0 0.139453 0.285417 0.022656 0.031944
0 0.101562 0.845833 0.018750 0.030556
0 0.773828 0.610417 0.027344 0.040278
0 0.131250 0.084028 0.028125 0.029167
0 0.563281 0.954167 0.025000 0.027778
0 0.971484 0.730556 0.025781 0.050000
0 0.254297 0.522222 0.025781 0.038889
0 0.083594 0.944444 0.017188 0.036111
0 0.116016 0.176389 0.017969 0.044444
0 0.557813 0.734028 0.017188 0.034722
0 0.273438 0.071528 0.015625 0.029167
0 0.969922 0.330556 0.025781 0.030556
0 0.162109 0.053472 0.016406 0.034722
0 0.874219 0.873611 0.021875 0.030556
0 0.057422 0.078472 0.025781 0.031944
0 0.375781 0.911806 0.021875 0.045833
0 0.312500 0.876389 0.014063 0.030556
0 0.046094 0.130556 0.017188 0.050000
0 0.505078 0.336111 0.022656 0.036111
0 0.460156 0.255556 0.025000 0.027778
0 0.334766 0.059722 0.025781 0.027778
0 0.765625 0.850694 0.025000 0.048611
0 0.031250 0.629861 0.020313 0.031944
0 0.085938 0.225694 0.017188 0.034722
0 0.175391 0.875000 0.019531 0.041667
0 0.975781 0.925000 0.018750 0.027778
0 0.828906 0.875694 0.028125 0.040278
0 0.056250 0.633333 0.017188 0.050000
0 0.348047 0.963194 0.027344 0.040278
0 0.511719 0.957639 0.015625 0.045833
0 0.931641 0.697222 0.022656 0.044444
0 0.849609 0.102778 0.016406 0.041667
0 0.590234 0.934722 0.021094 0.036111
0 0.566016 0.182639 0.025781 0.040278
0 0.795312 0.778472 0.021875 0.026389
0 0.517578 0.063889 0.017969 0.027778
0 0.822656 0.202083 0.018750 0.026389
0 0.516406 0.211111 0.025000 0.036111
0 0.071094 0.128472 0.014063 0.040278
0 0.973047 0.123611 0.019531 0.047222
0 0.809766 0.062500 0.017969 0.047222
0 0.852734 0.046528 0.021094 0.029167
0 0.546484 0.329861 0.027344 0.031944
0 0.191797 0.225694 0.019531 0.037500
0 0.725781 0.034722 0.020313 0.027778
0 0.472656 0.155556 0.025000 0.033333
0 0.754297 0.505556 0.025781 0.038889
0 0.656250 0.520833 0.021875 0.047222
0 0.523828 0.265972 0.019531 0.045833
0 0.960938 0.840278 0.028125 0.036111
0 0.199609 0.054861 0.024219 0.026389
0 0.300391 0.960417 0.016406 0.045833
0 0.152734 0.208333 0.022656 0.044444
0 0.609375 0.267361 0.021875 0.029167
0 0.922266 0.601389 0.022656 0.036111
0 0.294531 0.475694 0.028125 0.026389
0 0.262109 0.922222 0.017969 0.027778
0 0.492578 0.082639 0.021094 0.040278
0 0.685547 0.511806 0.021094 0.029167
0 0.918750 0.110417 0.025000 0.031944
0 0.779687 0.559028 0.017188 0.045833
0 0.142187 0.629167 0.017188 0.025000
1 0.290234 0.280556 0.119531 0.300000
1 0.700000 0.678472 0.101562 0.243056
1 0.707031 0.302778 0.106250 0.252778
1 0.422656 0.406944 0.107813 0.166667
1 0.544531 0.487500 0.104688 0.166667
1 0.130469 0.450694 0.162500 0.254167
1 0.862109 0.431250 0.125781 0.268056
1 0.462500 0.724306 0.150000 0.251389