0 0.725000 0.124306 0.023438 0.034722
0 0.748437 0.782639 0.023438 0.037500
0 0.730859 0.240972 0.017969 0.037500
0 0.373437 0.224306 0.025000 0.037500
0 0.646094 0.870833 0.018750 0.047222
0 0.478516 0.047222 0.022656 0.036111
0 0.207813 0.363194 0.017188 0.040278
0 0.930859 0.115278 0.017969 0.033333
0 0.163281 0.206250 0.023438 0.045833
0 0.422656 0.284028 0.018750 0.045833
0 0.826172 0.675694 0.019531 0.043056
0 0.440625 0.441667 0.018750 0.041667
0 0.879687 0.130556 0.023438 0.030556
0 0.240234 0.188194 0.027344 0.043056
0 0.510156 0.427083 0.018750 0.045833
0 0.164844 0.909722 0.020313 0.038889
0 0.786719 0.309722 0.014063 0.047222
0 0.446875 0.158333 0.028125 0.050000
0 0.532422 0.068056 0.019531 0.047222
0 0.580078 0.465278 0.021094 0.036111
0 0.808203 0.405556 0.014844 0.038889
0 0.200391 0.267361 0.014844 0.045833
0 0.932031 0.208333 0.025000 0.030556
0 0.721484 0.353472 0.025781 0.037500
0 0.475000 0.101389 0.015625 0.027778
0 0.627344 0.446528 0.021875 0.045833
0 0.887891 0.062500 0.022656 0.025000
0 0.174219 0.957639 0.020313 0.031944
0 0.694141 0.729861 0.019531 0.045833
0 0.377734 0.126389 0.027344 0.044444
0 0.490234 0.287500 0.016406 0.036111
0 0.319141 0.227778 0.016406 0.047222
0 0.463672 0.329861 0.014844 0.037500
0 0.565234 0.414583 0.027344 0.048611
0 0.162891 0.776389 0.014844 0.033333
0 0.260156 0.070833 0.020313 0.044444
0 0.134766 0.811111 0.021094 0.027778
0 0.073047 0.105556 0.017969 0.041667
0 0.689453 0.090278 0.014844 0.030556
0 0.718750 0.859722 0.023438 0.044444
0 0.798828 0.179861 0.021094 0.037500
0 0.734375 0.711806 0.017188 0.031944
0 0.501563 0.479167 0.018750 0.041667
0 0.595313 0.417361 0.020313 0.026389
0 0.653516 0.743056 0.017969 0.041667
0 0.845703 0.188889 0.014844 0.025000
0 0.807422 0.223611 0.017969 0.027778
0 0.058594 0.882639 0.018750 0.040278
0 0.520703 0.827778 0.016406 0.041667
0 0.767188 0.173611 0.015625 0.047222
0 0.485156 0.822917 0.014063 0.026389
0 0.533594 0.248611 0.023438 0.041667
0 0.303516 0.136111 0.014844 0.050000
0 0.824609 0.610417 0.016406 0.031944
0 0.807813 0.824306 0.025000 0.037500
0 0.894141 0.627778 0.022656 0.030556
0 0.821484 0.920833 0.016406 0.036111
0 0.163672 0.415972 0.014844 0.031944
0 0.129297 0.096528 0.016406 0.040278
0 0.278516 0.237500 0.025781 0.050000
0 0.104688 0.161806 0.018750 0.034722
0 0.165234 0.276389 0.022656 0.047222
0 0.092969 0.882639 0.017188 0.048611
0 0.238281 0.568056 0.017188 0.038889
0 0.464453 0.470139 0.017969 0.031944
0 0.759766 0.105556 0.027344 0.027778
0 0.797656 0.111111 0.018750 0.038889
0 0.208984 0.064583 0.017969 0.037500
0 0.753516 0.365278 0.022656 0.038889
0 0.458594 0.939583 0.020313 0.029167
0 0.524219 0.893750 0.020313 0.034722
0 0.444531 0.576389 0.023438 0.025000
0 0.964453 0.864583 0.014844 0.045833
0 0.475391 0.868056 0.016406 0.036111
0 0.721094 0.940972 0.023438 0.043056
0 0.519922 0.371528 0.027344 0.040278
0 0.451172 0.523611 0.027344 0.033333
0 0.442969 0.645833 0.028125 0.038889
0 0.853125 0.062500 0.014063 0.047222
0 0.339844 0.170833 0.020313 0.050000
0 0.668750 0.926389 0.026562 0.036111
0 0.944922 0.550694 0.017969 0.040278
0 0.419922 0.113889 0.014844 0.036111
0 0.442578 0.373611 0.025781 0.033333
0 0.177344 0.145833 0.020313 0.027778
0 0.164062 0.631250 0.023438 0.045833
0 0.492969 0.184722 0.023438 0.030556
0 0.275391 0.138194 0.021094 0.045833
0 0.488672 0.143750 0.024219 0.029167
0 0.982422 0.102778 0.016406 0.025000
0 0.040234 0.035417 0.019531 0.034722
0 0.373828 0.173611 0.021094 0.027778
0 0.483594 0.399306 0.017188 0.029167
0 0.404297 0.188194 0.016406 0.040278
0 0.830078 0.154861 0.025781 0.029167
0 0.653125 0.441667 0.018750 0.027778
0 0.712109 0.297222 0.024219 0.036111
0 0.618359 0.902083 0.027344 0.031944
0 0.772656 0.747917 0.015625 0.045833
0 0.124219 0.961111 0.020313 0.038889
0 0.083203 0.037500 0.017969 0.025000
0 0.901172 0.172222 0.019531 0.038889
1 0.536328 0.637500 0.108594 0.250000
1 0.899219 0.807639 0.096875 0.229167
1 0.248047 0.805556 0.114844 0.266667
1 0.894141 0.376389 0.139844 0.241667
1 0.618359 0.190278 0.117969 0.241667
1 0.315234 0.376389 0.138281 0.208333
1 0.089063 0.620833 0.109375 0.283333
1 0.082812 0.313194 0.104688 0.229167
1 0.700781 0.595833 0.160938 0.183333