0 0.489063 0.092361 0.018750 0.037500
0 0.969141 0.499306 0.027344 0.048611
0 0.238672 0.180556 0.024219 0.041667
0 0.330078 0.086111 0.019531 0.050000
0 0.572266 0.496528 0.016406 0.029167
0 0.740625 0.844444 0.017188 0.036111
0 0.047266 0.870833 0.025781 0.044444
0 0.826562 0.473611 0.026562 0.030556
0 0.957031 0.563194 0.018750 0.037500
0 0.625781 0.427083 0.028125 0.043056
0 0.451562 0.333333 0.025000 0.030556
0 0.568359 0.618750 0.024219 0.026389
0 0.427734 0.285417 0.022656 0.029167
0 0.089063 0.071528 0.021875 0.037500
0 0.647266 0.961111 0.016406 0.036111
0 0.886719 0.536806 0.015625 0.029167
0 0.121875 0.052083 0.020313 0.026389
0 0.182812 0.152083 0.018750 0.040278
0 0.105469 0.511806 0.028125 0.029167
0 0.930078 0.565278 0.022656 0.038889
0 0.262500 0.577778 0.017188 0.047222
0 0.949219 0.076389 0.028125 0.038889
0 0.643750 0.888194 0.018750 0.043056
0 0.825391 0.939583 0.017969 0.026389
0 0.056641 0.797222 0.022656 0.033333
0 0.524609 0.033333 0.014844 0.033333
0 0.468359 0.256944 0.022656 0.041667
0 0.389453 0.151389 0.021094 0.038889
0 0.215625 0.772222 0.020313 0.025000
0 0.173047 0.878472 0.025781 0.043056
0 0.202734 0.941667 0.014844 0.030556
0 0.666016 0.786111 0.014844 0.041667
0 0.079297 0.870139 0.016406 0.037500
0 0.667578 0.511111 0.016406 0.036111
0 0.863281 0.513194 0.015625 0.029167
0 0.661719 0.572222 0.028125 0.050000
0 0.607422 0.650694 0.014844 0.037500
0 0.434375 0.198611 0.018750 0.025000
0 0.737500 0.490972 0.017188 0.029167
0 0.622266 0.081944 0.016406 0.030556
0 0.301953 0.148611 0.027344 0.050000
0 0.328906 0.253472 0.021875 0.031944
0 0.183594 0.344444 0.025000 0.025000
0 0.651172 0.172222 0.024219 0.050000
0 0.794141 0.131944 0.019531 0.025000
0 0.961328 0.255556 0.014844 0.041667
0 0.054297 0.493750 0.024219 0.037500
0 0.733594 0.154861 0.018750 0.045833
0 0.017188 0.587500 0.014063 0.027778
0 0.365234 0.063194 0.021094 0.037500
0 0.682813 0.913889 0.018750 0.027778
0 0.691797 0.849306 0.022656 0.037500
0 0.976953 0.952083 0.027344 0.029167
0 0.560156 0.051389 0.020313 0.044444
0 0.118359 0.938889 0.024219 0.027778
0 0.896484 0.402778 0.022656 0.033333
0 0.773438 0.943056 0.017188 0.025000
0 0.411328 0.222222 0.016406 0.038889
0 0.408984 0.100000 0.027344 0.027778
0 0.891406 0.038889 0.028125 0.027778
0 0.437109 0.956944 0.021094 0.030556
0 0.179297 0.456944 0.014844 0.033333
0 0.606250 0.939583 0.018750 0.037500
0 0.124609 0.146528 0.022656 0.031944
0 0.658984 0.843750 0.022656 0.029167
0 0.696484 0.172222 0.019531 0.041667
0 0.466797 0.159028 0.024219 0.037500
0 0.667188 0.720833 0.028125 0.030556
0 0.272266 0.083333 0.024219 0.038889
0 0.196484 0.236111 0.014844 0.030556
0 0.713672 0.803472 0.017969 0.031944
0 0.511719 0.086111 0.015625 0.036111
0 0.034375 0.755556 0.023438 0.036111
0 0.235547 0.042361 0.021094 0.048611
0 0.433203 0.512500 0.016406 0.025000
0 0.699219 0.749306 0.025000 0.031944
0 0.601953 0.571528 0.024219 0.043056
0 0.329688 0.597222 0.028125 0.047222
0 0.311719 0.964583 0.017188 0.034722
0 0.859766 0.427083 0.027344 0.045833
0 0.021875 0.154861 0.018750 0.048611
0 0.840625 0.538889 0.015625 0.050000
0 0.582031 0.363889 0.025000 0.041667
0 0.649219 0.326389 0.023438 0.050000
0 0.582031 0.766667 0.021875 0.038889
0 0.744922 0.900000 0.027344 0.038889
0 0.025000 0.081944 0.026562 0.041667
0 0.710156 0.095833 0.015625 0.044444
0 0.210156 0.644444 0.014063 0.025000
0 0.533203 0.077778 0.014844 0.041667
0 0.580078 0.945833 0.014844 0.044444
0 0.881641 0.951389 0.027344 0.044444
0 0.575781 0.411806 0.014063 0.043056
0 0.224219 0.879167 0.021875 0.033333
0 0.978516 0.658333 0.021094 0.025000
0 0.145703 0.875000 0.019531 0.036111
0 0.601953 0.511806 0.019531 0.031944
0 0.848437 0.043056 0.028125 0.050000
0 0.560156 0.661806 0.026562 0.043056
0 0.784375 0.168056 0.026562 0.027778
0 0.653516 0.062500 0.025781 0.044444
0 0.223828 0.609722 0.021094 0.030556
0 0.173437 0.295833 0.025000 0.050000
0 0.618359 0.817361 0.014844 0.037500
0 0.179688 0.097917 0.021875 0.043056
0 0.038281 0.666667 0.026562 0.030556
0 0.055469 0.570139 0.028125 0.026389
0 0.639453 0.634722 0.016406 0.050000
0 0.497656 0.318056 0.017188 0.044444
0 0.232813 0.816667 0.026562 0.036111
1 0.304297 0.393056 0.164844 0.219444
1 0.572266 0.215278 0.096094 0.188889
1 0.095703 0.305556 0.117969 0.269444
1 0.137891 0.690972 0.119531 0.298611
1 0.867578 0.227083 0.099219 0.273611
1 0.768359 0.627083 0.099219 0.195833
1 0.322656 0.771528 0.140625 0.265278
1 0.479687 0.759722 0.125000 0.283333
1 0.510938 0.480556 0.093750 0.219444
1 0.728516 0.334722 0.094531 0.247222