0 0.579102 0.723633 0.037109 0.048828
0 0.134766 0.516602 0.054688 0.033203
0 0.519531 0.352539 0.042969 0.033203
0 0.580078 0.455078 0.035156 0.035156
0 0.545898 0.869141 0.056641 0.035156
0 0.531250 0.957031 0.035156 0.031250
0 0.606445 0.862305 0.041016 0.037109
0 0.334961 0.715820 0.033203 0.056641
0 0.176758 0.326172 0.044922 0.035156
0 0.822266 0.053711 0.039062 0.056641
0 0.119141 0.432617 0.039062 0.056641
0 0.584961 0.363281 0.037109 0.039062
0 0.944336 0.908203 0.056641 0.039062
0 0.092773 0.310547 0.041016 0.058594
0 0.848633 0.862305 0.056641 0.056641
0 0.455078 0.362305 0.058594 0.037109
0 0.916992 0.064453 0.041016 0.031250
0 0.378906 0.953125 0.054688 0.046875
0 0.876953 0.497070 0.046875 0.048828
0 0.945312 0.371094 0.035156 0.046875
0 0.567383 0.787109 0.041016 0.039062
0 0.412109 0.730469 0.058594 0.031250
0 0.064453 0.759766 0.031250 0.039062
0 0.530273 0.497070 0.033203 0.052734
0 0.132812 0.047852 0.039062 0.048828
0 0.184570 0.070312 0.033203 0.039062
0 0.734375 0.895508 0.058594 0.044922
0 0.611328 0.277344 0.039062 0.031250
0 0.642578 0.374023 0.058594 0.041016
0 0.308594 0.336914 0.046875 0.037109
0 0.668945 0.958008 0.037109 0.052734
1 0.302734 0.559570 0.261719 0.236328
1 0.370117 0.183594 0.220703 0.242188
1 0.753906 0.685547 0.253906 0.269531
1 0.760742 0.378906 0.162109 0.148438
1 0.204102 0.854492 0.208984 0.240234
1 0.646484 0.138672 0.164062 0.199219
1 0.416016 0.831055 0.167969 0.150391
1 0.883789 0.182617 0.154297 0.166016
1 0.147461 0.178711 0.166016 0.154297