0 0.591797 0.900391 0.054688 0.039062
0 0.669922 0.294922 0.031250 0.054688
0 0.109375 0.876953 0.050781 0.035156
0 0.480469 0.805664 0.039062 0.037109
0 0.661133 0.745117 0.048828 0.048828
0 0.926758 0.555664 0.048828 0.037109
0 0.589844 0.287109 0.054688 0.050781
0 0.786133 0.917969 0.052734 0.054688
0 0.160156 0.674805 0.039062 0.041016
0 0.549805 0.768555 0.052734 0.056641
0 0.306641 0.142578 0.035156 0.031250
0 0.927734 0.728516 0.054688 0.050781
0 0.734375 0.551758 0.039062 0.041016
0 0.103516 0.756836 0.031250 0.048828
0 0.171875 0.033203 0.039062 0.031250
0 0.593750 0.205078 0.046875 0.050781
0 0.628906 0.840820 0.050781 0.041016
0 0.299805 0.931641 0.052734 0.031250
0 0.565430 0.843750 0.041016 0.050781
0 0.919922 0.955078 0.058594 0.039062
0 0.093750 0.570312 0.046875 0.031250
0 0.158203 0.936523 0.042969 0.041016
0 0.388672 0.923828 0.046875 0.039062
0 0.941406 0.633789 0.054688 0.052734
0 0.445312 0.073242 0.035156 0.048828
0 0.158203 0.594727 0.042969 0.041016
0 0.571289 0.380859 0.037109 0.058594
0 0.330078 0.413086 0.054688 0.037109
0 0.570312 0.083984 0.058594 0.050781
0 0.224609 0.582031 0.058594 0.046875
0 0.467773 0.685547 0.048828 0.046875
0 0.599609 0.956055 0.035156 0.052734
0 0.958008 0.160156 0.033203 0.042969
0 0.943359 0.840820 0.035156 0.052734
0 0.293945 0.351562 0.041016 0.042969
0 0.078125 0.695312 0.054688 0.042969
0 0.222656 0.964844 0.058594 0.039062
0 0.056641 0.763672 0.039062 0.050781
0 0.965820 0.251953 0.037109 0.035156
1 0.809570 0.141602 0.220703 0.216797
1 0.385742 0.528320 0.208984 0.169922
1 0.429688 0.271484 0.214844 0.195312
1 0.162109 0.217773 0.207031 0.232422
1 0.795898 0.715820 0.193359 0.244141
1 0.295898 0.766602 0.212891 0.248047
1 0.851562 0.387695 0.222656 0.220703
1 0.593750 0.576172 0.144531 0.253906
1 0.142578 0.466797 0.191406 0.144531