0 0.557617 0.066406 0.037109 0.050781
0 0.468750 0.790039 0.039062 0.056641
0 0.863281 0.797852 0.054688 0.044922
0 0.344727 0.666016 0.048828 0.054688
0 0.921875 0.280273 0.046875 0.033203
0 0.040039 0.558594 0.048828 0.031250
0 0.922852 0.105469 0.048828 0.039062
0 0.584961 0.171875 0.056641 0.039062
0 0.724609 0.750977 0.054688 0.041016
0 0.453125 0.110352 0.031250 0.037109
0 0.481445 0.042969 0.037109 0.054688
0 0.386719 0.958008 0.042969 0.044922
0 0.287109 0.278320 0.058594 0.048828
0 0.696289 0.159180 0.056641 0.052734
0 0.821289 0.263672 0.041016 0.046875
0 0.054688 0.619141 0.050781 0.054688
0 0.567383 0.730469 0.037109 0.042969
0 0.329102 0.180664 0.048828 0.037109
0 0.881836 0.200195 0.044922 0.037109
0 0.745117 0.669922 0.056641 0.054688
0 0.429688 0.280273 0.058594 0.041016
0 0.723633 0.515625 0.044922 0.031250
0 0.354492 0.528320 0.052734 0.052734
0 0.818359 0.710938 0.042969 0.039062
0 0.850586 0.117188 0.033203 0.035156
0 0.779297 0.041992 0.042969 0.048828
0 0.867188 0.849609 0.046875 0.035156
0 0.924805 0.043945 0.048828 0.048828
0 0.415039 0.763672 0.048828 0.046875
0 0.802734 0.205078 0.042969 0.039062
0 0.372070 0.074219 0.056641 0.050781
0 0.838867 0.920898 0.056641 0.033203
0 0.306641 0.377930 0.039062 0.048828
0 0.624023 0.559570 0.044922 0.052734
0 0.267578 0.120117 0.039062 0.044922
0 0.847656 0.649414 0.058594 0.048828
0 0.311523 0.456055 0.044922 0.052734
0 0.422852 0.833984 0.037109 0.050781
0 0.483398 0.567383 0.033203 0.041016
0 0.437500 0.365234 0.054688 0.058594
0 0.503906 0.512695 0.054688 0.033203
0 0.863281 0.043945 0.031250 0.048828
0 0.233398 0.678711 0.041016 0.033203
0 0.387695 0.594727 0.037109 0.041016
0 0.920898 0.677734 0.056641 0.035156
0 0.927734 0.882812 0.054688 0.035156
0 0.332031 0.962891 0.039062 0.039062
1 0.603516 0.368164 0.250000 0.224609
1 0.139648 0.224609 0.189453 0.261719
1 0.185547 0.529297 0.140625 0.230469
1 0.862305 0.459961 0.162109 0.220703
1 0.637695 0.884766 0.212891 0.152344
1 0.164062 0.833984 0.261719 0.230469