0 0.944336 0.842773 0.048828 0.044922
0 0.218750 0.467773 0.054688 0.044922
0 0.540039 0.840820 0.056641 0.048828
0 0.408203 0.080078 0.042969 0.058594
0 0.394531 0.438477 0.050781 0.033203
0 0.677734 0.235352 0.054688 0.052734
0 0.833984 0.145508 0.054688 0.048828
0 0.787109 0.278320 0.042969 0.037109
0 0.833008 0.679688 0.056641 0.054688
0 0.138672 0.903320 0.046875 0.056641
0 0.149414 0.330078 0.056641 0.035156
0 0.355469 0.609375 0.050781 0.050781
0 0.083984 0.444336 0.042969 0.044922
0 0.935547 0.359375 0.058594 0.031250
0 0.449219 0.147461 0.054688 0.037109
0 0.400391 0.212891 0.046875 0.054688
0 0.112305 0.094727 0.048828 0.048828
0 0.561523 0.141602 0.033203 0.056641
0 0.602539 0.884766 0.044922 0.031250
0 0.903320 0.059570 0.037109 0.048828
0 0.081055 0.168945 0.044922 0.041016
0 0.287109 0.968750 0.050781 0.031250
0 0.961914 0.448242 0.037109 0.044922
0 0.550781 0.566406 0.054688 0.042969
0 0.285156 0.544922 0.039062 0.042969
0 0.161133 0.568359 0.056641 0.050781
0 0.482422 0.490234 0.031250 0.042969
0 0.473633 0.082031 0.033203 0.042969
0 0.869141 0.269531 0.046875 0.046875
0 0.716797 0.495117 0.054688 0.048828
0 0.681641 0.564453 0.039062 0.039062
0 0.294922 0.914062 0.046875 0.031250
0 0.810547 0.936523 0.046875 0.037109
0 0.886719 0.944336 0.042969 0.037109
0 0.945312 0.675781 0.039062 0.050781
1 0.272461 0.293945 0.158203 0.236328
1 0.766602 0.826172 0.216797 0.164062
1 0.161133 0.711914 0.271484 0.185547
1 0.753906 0.386719 0.234375 0.140625
1 0.680664 0.102539 0.185547 0.142578
1 0.527344 0.316406 0.148438 0.207031
1 0.408203 0.847656 0.160156 0.265625