0 0.516406 0.663194 0.018750 0.029167
0 0.423828 0.519444 0.019531 0.030556
0 0.491406 0.723611 0.025000 0.030556
0 0.708203 0.621528 0.024219 0.040278
0 0.021484 0.804167 0.024219 0.025000
0 0.452344 0.721528 0.025000 0.029167
0 0.805078 0.700000 0.022656 0.038889
0 0.767578 0.126389 0.021094 0.041667
0 0.829297 0.081944 0.024219 0.027778
0 0.125781 0.288194 0.025000 0.029167
0 0.510156 0.947917 0.023438 0.037500
0 0.799219 0.090278 0.025000 0.025000
0 0.451172 0.959028 0.025781 0.037500
0 0.558984 0.884722 0.017969 0.030556
0 0.947266 0.117361 0.019531 0.045833
0 0.902344 0.048611 0.014063 0.025000
0 0.475781 0.539583 0.020313 0.048611
0 0.118359 0.786111 0.021094 0.044444
0 0.729688 0.906944 0.018750 0.025000
0 0.353125 0.866667 0.028125 0.033333
0 0.255859 0.915278 0.025781 0.041667
0 0.077344 0.714583 0.028125 0.045833
0 0.745703 0.684028 0.014844 0.043056
0 0.166797 0.736806 0.024219 0.045833
0 0.845313 0.846528 0.018750 0.029167
0 0.645703 0.456250 0.022656 0.026389
0 0.743750 0.602083 0.021875 0.029167
0 0.777344 0.667361 0.020313 0.029167
0 0.370703 0.215278 0.014844 0.027778
0 0.078906 0.236111 0.026562 0.038889
0 0.657422 0.500000 0.017969 0.025000
0 0.223047 0.906250 0.021094 0.029167
0 0.019141 0.145833 0.017969 0.033333
0 0.855859 0.236111 0.017969 0.047222
0 0.304297 0.102083 0.017969 0.048611
0 0.228516 0.702083 0.017969 0.037500
0 0.051172 0.634028 0.027344 0.029167
0 0.871484 0.290278 0.022656 0.038889
0 0.632031 0.385417 0.025000 0.029167
0 0.415625 0.121528 0.017188 0.034722
0 0.418750 0.841667 0.014063 0.036111
0 0.580078 0.090278 0.021094 0.050000
0 0.296484 0.870833 0.027344 0.033333
0 0.232422 0.166667 0.025781 0.033333
0 0.398828 0.041667 0.021094 0.030556
0 0.071875 0.293056 0.015625 0.030556
0 0.064844 0.147917 0.028125 0.034722
0 0.680078 0.514583 0.021094 0.045833
0 0.101953 0.957639 0.017969 0.034722
0 0.675391 0.929861 0.027344 0.043056
0 0.723047 0.180556 0.022656 0.027778
0 0.026562 0.068056 0.017188 0.050000
0 0.630078 0.552083 0.025781 0.026389
0 0.368750 0.120139 0.026562 0.026389
0 0.496094 0.791667 0.015625 0.030556
0 0.853906 0.395139 0.015625 0.040278
0 0.292969 0.691667 0.023438 0.044444
0 0.412500 0.952778 0.020313 0.047222
0 0.700391 0.248611 0.022656 0.047222
0 0.340625 0.482639 0.028125 0.045833
0 0.264062 0.174306 0.017188 0.031944
0 0.909766 0.504861 0.024219 0.029167
0 0.225391 0.061111 0.019531 0.050000
0 0.233594 0.811111 0.026562 0.050000
0 0.826172 0.927778 0.025781 0.036111
0 0.395313 0.823611 0.025000 0.033333
0 0.030469 0.272222 0.018750 0.027778
0 0.866406 0.907639 0.028125 0.040278
0 0.974219 0.925000 0.028125 0.044444
0 0.140234 0.832639 0.014844 0.045833
0 0.325391 0.848611 0.021094 0.036111
0 0.803125 0.634028 0.018750 0.031944
0 0.652344 0.075000 0.018750 0.033333
0 0.053516 0.041667 0.014844 0.047222
0 0.101953 0.846528 0.022656 0.048611
0 0.076953 0.906944 0.025781 0.025000
1 0.369922 0.661111 0.110156 0.202778
1 0.456250 0.337500 0.137500 0.302778
1 0.661328 0.765278 0.099219 0.188889
1 0.232031 0.385417 0.165625 0.295833
1 0.909766 0.670139 0.132031 0.279167
1 0.751953 0.429167 0.096094 0.280556
1 0.620703 0.222222 0.113281 0.197222