0 0.544922 0.736806 0.027344 0.034722
0 0.829688 0.964583 0.020313 0.037500
0 0.501953 0.784722 0.022656 0.038889
0 0.079297 0.211806 0.021094 0.031944
0 0.419141 0.064583 0.014844 0.037500
0 0.493750 0.190972 0.021875 0.048611
0 0.274609 0.494444 0.024219 0.050000
0 0.785156 0.457639 0.026562 0.043056
0 0.025391 0.626389 0.017969 0.041667
0 0.895312 0.066667 0.015625 0.033333
0 0.883984 0.924306 0.022656 0.029167
0 0.530469 0.197917 0.020313 0.037500
0 0.589063 0.248611 0.014063 0.041667
0 0.557422 0.300000 0.019531 0.036111
0 0.186328 0.079861 0.024219 0.034722
0 0.735156 0.477778 0.021875 0.044444
0 0.558984 0.533333 0.019531 0.036111
0 0.491016 0.061806 0.024219 0.037500
0 0.121875 0.093750 0.023438 0.045833
0 0.461719 0.117361 0.017188 0.048611
0 0.833984 0.070139 0.022656 0.045833
0 0.217578 0.472917 0.024219 0.043056
0 0.120703 0.347222 0.017969 0.041667
0 0.462500 0.403472 0.017188 0.034722
0 0.336328 0.654861 0.022656 0.034722
0 0.873047 0.165972 0.017969 0.026389
0 0.112891 0.041667 0.019531 0.041667
0 0.811328 0.472222 0.014844 0.036111
0 0.040625 0.038889 0.021875 0.036111
0 0.069531 0.946528 0.020313 0.048611
0 0.726562 0.054167 0.025000 0.050000
0 0.981250 0.349306 0.015625 0.048611
0 0.753125 0.906250 0.025000 0.043056
0 0.151953 0.427778 0.014844 0.027778
0 0.777344 0.798611 0.023438 0.036111
0 0.303906 0.690972 0.026562 0.048611
0 0.908594 0.223611 0.025000 0.044444
0 0.791406 0.086111 0.021875 0.050000
0 0.467969 0.754167 0.025000 0.033333
0 0.155469 0.177083 0.017188 0.043056
0 0.267578 0.717361 0.021094 0.026389
0 0.057813 0.474306 0.025000 0.045833
0 0.493750 0.245833 0.025000 0.036111
0 0.438672 0.415278 0.016406 0.047222
0 0.552344 0.350694 0.025000 0.048611
0 0.883594 0.218750 0.018750 0.045833
0 0.375781 0.122917 0.021875 0.031944
0 0.100391 0.259028 0.014844 0.034722
0 0.398828 0.740278 0.014844 0.025000
0 0.237500 0.753472 0.018750 0.031944
0 0.065625 0.261111 0.026562 0.044444
0 0.263281 0.941667 0.017188 0.050000
0 0.969141 0.140972 0.017969 0.031944
0 0.588672 0.785417 0.024219 0.040278
0 0.969141 0.822917 0.025781 0.037500
0 0.961719 0.936111 0.017188 0.025000
0 0.693750 0.523611 0.025000 0.036111
0 0.220703 0.611111 0.014844 0.038889
0 0.497656 0.859028 0.017188 0.043056
0 0.595313 0.111111 0.026562 0.036111
0 0.593750 0.568750 0.014063 0.045833
0 0.924219 0.158333 0.025000 0.041667
0 0.542969 0.038889 0.020313 0.027778
0 0.964844 0.874306 0.028125 0.040278
0 0.673828 0.124306 0.024219 0.034722
0 0.574219 0.577778 0.018750 0.041667
0 0.119141 0.491667 0.027344 0.047222
0 0.657813 0.486111 0.020313 0.027778
0 0.397266 0.418750 0.014844 0.026389
0 0.930078 0.940278 0.021094 0.047222
0 0.269922 0.560417 0.024219 0.048611
0 0.626563 0.491667 0.021875 0.047222
0 0.045312 0.934722 0.014063 0.033333
0 0.613281 0.909722 0.021875 0.041667
0 0.671094 0.924306 0.025000 0.043056
0 0.469922 0.709722 0.016406 0.038889
0 0.963281 0.231944 0.017188 0.041667
0 0.214844 0.961111 0.028125 0.025000
0 0.098437 0.961806 0.018750 0.043056
0 0.534375 0.843056 0.015625 0.033333
0 0.542578 0.146528 0.017969 0.029167
0 0.271875 0.841667 0.014063 0.036111
0 0.761328 0.569444 0.022656 0.027778
0 0.823438 0.149306 0.023438 0.029167
0 0.462500 0.059028 0.014063 0.037500
0 0.570703 0.456250 0.016406 0.026389
0 0.243359 0.855556 0.016406 0.027778
0 0.511719 0.439583 0.018750 0.029167
0 0.312109 0.497222 0.014844 0.038889
0 0.070703 0.136111 0.021094 0.044444
0 0.377734 0.693056 0.014844 0.050000
0 0.319531 0.584028 0.015625 0.026389
0 0.325391 0.618056 0.027344 0.027778
0 0.776172 0.515278 0.024219 0.044444
0 0.036328 0.341667 0.025781 0.030556
0 0.032422 0.487500 0.019531 0.047222
0 0.426953 0.708333 0.025781 0.044444
1 0.875781 0.712500 0.150000 0.241667
1 0.385156 0.860417 0.115625 0.176389
1 0.133203 0.818056 0.167969 0.172222
1 0.697266 0.329167 0.121094 0.213889
1 0.252734 0.296528 0.136719 0.279167
1 0.677734 0.709722 0.133594 0.294444
1 0.125000 0.615972 0.165625 0.179167
1 0.453125 0.556944 0.168750 0.188889
1 0.898438 0.400694 0.121875 0.276389