0 0.701172 0.563889 0.014844 0.036111
0 0.912891 0.552083 0.019531 0.048611
0 0.942969 0.341667 0.020313 0.044444
0 0.410938 0.103472 0.025000 0.040278
0 0.666797 0.066667 0.014844 0.050000
0 0.966406 0.058333 0.017188 0.027778
0 0.618750 0.186111 0.028125 0.027778
0 0.590625 0.152083 0.020313 0.026389
0 0.962109 0.506944 0.027344 0.033333
0 0.457422 0.076389 0.017969 0.033333
0 0.578906 0.072917 0.017188 0.029167
0 0.350781 0.470139 0.021875 0.031944
0 0.852734 0.329167 0.021094 0.050000
0 0.666797 0.443056 0.017969 0.044444
0 0.611328 0.222917 0.025781 0.029167
0 0.031250 0.719444 0.021875 0.036111
0 0.559375 0.409722 0.026562 0.025000
0 0.237109 0.871528 0.017969 0.031944
0 0.767969 0.538194 0.025000 0.045833
0 0.299219 0.593750 0.021875 0.026389
0 0.977344 0.678472 0.023438 0.037500
0 0.366406 0.100000 0.023438 0.036111
0 0.786719 0.118750 0.025000 0.029167
0 0.830859 0.043056 0.016406 0.033333
0 0.322656 0.486111 0.026562 0.044444
0 0.725781 0.106944 0.020313 0.041667
0 0.759766 0.101389 0.016406 0.044444
0 0.525000 0.115278 0.018750 0.036111
0 0.253906 0.760417 0.020313 0.029167
0 0.075000 0.913889 0.015625 0.047222
0 0.097266 0.358333 0.027344 0.050000
0 0.912500 0.351389 0.015625 0.050000
0 0.291406 0.127083 0.026562 0.026389
0 0.426172 0.554167 0.027344 0.050000
0 0.460156 0.470139 0.015625 0.031944
0 0.592187 0.268750 0.026562 0.048611
0 0.880859 0.374306 0.019531 0.037500
0 0.116016 0.859722 0.019531 0.033333
0 0.286719 0.825694 0.028125 0.031944
0 0.258984 0.662500 0.019531 0.025000
0 0.900781 0.488194 0.017188 0.034722
0 0.290625 0.772917 0.014063 0.034722
0 0.178125 0.345833 0.028125 0.041667
0 0.791016 0.158333 0.017969 0.027778
0 0.891016 0.147222 0.022656 0.047222
0 0.216406 0.955556 0.015625 0.033333
0 0.037109 0.354861 0.014844 0.045833
0 0.025781 0.883333 0.015625 0.027778
0 0.599219 0.068056 0.014063 0.041667
0 0.020313 0.186111 0.017188 0.047222
0 0.075391 0.830556 0.024219 0.044444
0 0.485938 0.318750 0.018750 0.048611
0 0.460547 0.635417 0.022656 0.029167
0 0.977344 0.857639 0.020313 0.040278
0 0.969141 0.934028 0.024219 0.031944
0 0.907031 0.912500 0.015625 0.030556
0 0.027734 0.929861 0.019531 0.031944
0 0.037500 0.581944 0.017188 0.027778
0 0.530859 0.343750 0.021094 0.037500
0 0.455469 0.230556 0.020313 0.025000
0 0.924219 0.212500 0.014063 0.044444
0 0.855469 0.440278 0.028125 0.041667
0 0.623047 0.108333 0.016406 0.030556
0 0.393750 0.463889 0.021875 0.030556
0 0.494531 0.641667 0.025000 0.025000
0 0.395313 0.059028 0.023438 0.031944
0 0.973828 0.431944 0.022656 0.047222
0 0.539844 0.243750 0.023438 0.040278
0 0.657422 0.304861 0.019531 0.026389
0 0.596094 0.369444 0.020313 0.036111
0 0.037500 0.493056 0.014063 0.036111
0 0.956641 0.804167 0.022656 0.038889
0 0.246094 0.940972 0.018750 0.031944
0 0.622656 0.148611 0.021875 0.033333
0 0.554688 0.150000 0.021875 0.044444
0 0.281250 0.921528 0.015625 0.048611
0 0.551562 0.059028 0.023438 0.040278
0 0.880078 0.256944 0.027344 0.025000
0 0.976562 0.345833 0.014063 0.044444
0 0.266406 0.447222 0.026562 0.025000
0 0.621484 0.289583 0.024219 0.037500
0 0.033594 0.672222 0.026562 0.033333
0 0.480078 0.596528 0.021094 0.029167
0 0.182422 0.931944 0.027344 0.050000
0 0.727344 0.195833 0.026562 0.036111
0 0.936328 0.439583 0.024219 0.034722
0 0.627344 0.040972 0.020313 0.026389
0 0.664453 0.549306 0.017969 0.043056
0 0.858984 0.182639 0.022656 0.048611
0 0.635547 0.604861 0.022656 0.040278
0 0.854297 0.505556 0.017969 0.044444
0 0.478516 0.962500 0.019531 0.027778
0 0.056250 0.358333 0.015625 0.050000
0 0.526953 0.177083 0.017969 0.048611
0 0.569531 0.334028 0.017188 0.048611
0 0.960156 0.127778 0.017188 0.038889
0 0.397656 0.551389 0.020313 0.038889
0 0.881250 0.304167 0.023438 0.038889
0 0.967187 0.179167 0.025000 0.047222
0 0.467187 0.679167 0.025000 0.033333
0 0.878125 0.562500 0.017188 0.027778
0 0.124609 0.930556 0.024219 0.025000
0 0.147266 0.880556 0.021094 0.047222
0 0.079297 0.422222 0.017969 0.033333
0 0.972266 0.757639 0.019531 0.043056
0 0.837109 0.935417 0.027344 0.043056
1 0.759766 0.364583 0.153906 0.279167
1 0.182031 0.522917 0.123438 0.251389
1 0.564453 0.539583 0.100781 0.204167
1 0.365625 0.774306 0.114062 0.293056
1 0.763281 0.791667 0.100000 0.291667
1 0.366406 0.298611 0.148438 0.213889
1 0.886328 0.725000 0.107031 0.266667
1 0.636719 0.799306 0.120313 0.226389
1 0.500781 0.820139 0.118750 0.179167