0 0.638672 0.870833 0.022656 0.033333
0 0.639453 0.947222 0.022656 0.027778
0 0.731250 0.905556 0.020313 0.036111
0 0.391406 0.068056 0.018750 0.050000
0 0.700000 0.609722 0.026562 0.050000
0 0.871875 0.956944 0.025000 0.025000
0 0.160938 0.895139 0.026562 0.045833
0 0.069141 0.581944 0.016406 0.030556
0 0.914844 0.454861 0.015625 0.040278
0 0.917969 0.141667 0.015625 0.027778
0 0.071484 0.461111 0.025781 0.041667
0 0.231250 0.070139 0.028125 0.048611
0 0.179688 0.515972 0.026562 0.029167
0 0.484766 0.549306 0.024219 0.045833
0 0.585156 0.474306 0.025000 0.045833
0 0.288672 0.843750 0.017969 0.031944
0 0.107813 0.596528 0.018750 0.048611
0 0.222266 0.628472 0.014844 0.040278
0 0.208984 0.832639 0.014844 0.034722
0 0.067578 0.405556 0.017969 0.047222
0 0.336328 0.738889 0.022656 0.041667
0 0.475781 0.926389 0.026562 0.036111
0 0.034375 0.077778 0.026562 0.027778
0 0.625391 0.515972 0.014844 0.037500
0 0.222266 0.952778 0.016406 0.047222
0 0.452344 0.426389 0.021875 0.027778
0 0.489844 0.365278 0.026562 0.036111
0 0.644531 0.045833 0.017188 0.044444
0 0.372266 0.749306 0.017969 0.029167
0 0.976562 0.195833 0.014063 0.033333
0 0.469141 0.118056 0.025781 0.041667
0 0.973828 0.331944 0.024219 0.047222
0 0.817187 0.118750 0.020313 0.043056
0 0.269141 0.768056 0.022656 0.044444
0 0.234375 0.129861 0.014063 0.029167
0 0.122656 0.062500 0.026562 0.041667
0 0.744141 0.279167 0.019531 0.027778
0 0.500391 0.126389 0.017969 0.038889
0 0.234766 0.745833 0.019531 0.050000
0 0.410156 0.417361 0.017188 0.043056
0 0.450781 0.720833 0.020313 0.030556
0 0.396484 0.855556 0.022656 0.033333
0 0.455859 0.480556 0.022656 0.030556
0 0.111719 0.877778 0.018750 0.033333
0 0.778516 0.125000 0.024219 0.041667
0 0.665625 0.623611 0.025000 0.025000
0 0.533594 0.188194 0.023438 0.040278
0 0.958594 0.938889 0.017188 0.027778
0 0.517188 0.442361 0.020313 0.043056
0 0.124219 0.546528 0.023438 0.037500
0 0.371875 0.816667 0.017188 0.033333
0 0.307812 0.959028 0.015625 0.040278
0 0.800391 0.061806 0.024219 0.037500
0 0.633984 0.468056 0.014844 0.030556
0 0.942969 0.452083 0.014063 0.026389
0 0.695312 0.919444 0.026562 0.038889
0 0.704688 0.745139 0.023438 0.026389
0 0.413672 0.334028 0.025781 0.048611
0 0.859766 0.070139 0.016406 0.026389
0 0.269141 0.931250 0.017969 0.048611
0 0.374219 0.937500 0.028125 0.047222
0 0.925391 0.090972 0.021094 0.029167
0 0.414844 0.798611 0.023438 0.033333
0 0.708984 0.516667 0.014844 0.047222
0 0.428125 0.951389 0.014063 0.030556
0 0.496875 0.068056 0.021875 0.025000
0 0.456250 0.348611 0.020313 0.036111
0 0.431250 0.126389 0.026562 0.025000
0 0.194531 0.962500 0.025000 0.041667
0 0.663281 0.673611 0.026562 0.025000
0 0.965625 0.501389 0.028125 0.050000
0 0.596484 0.632639 0.014844 0.043056
0 0.816797 0.952778 0.014844 0.033333
0 0.092578 0.501389 0.021094 0.025000
0 0.737500 0.460417 0.028125 0.029167
0 0.933984 0.361806 0.027344 0.048611
0 0.058594 0.111111 0.025000 0.027778
0 0.587109 0.541667 0.021094 0.027778
0 0.221094 0.679861 0.020313 0.045833
0 0.524609 0.258333 0.024219 0.050000
0 0.951562 0.166667 0.025000 0.033333
0 0.050000 0.638194 0.014063 0.040278
0 0.530859 0.373611 0.024219 0.044444
0 0.729297 0.801389 0.014844 0.041667
0 0.680859 0.715278 0.017969 0.033333
0 0.442188 0.631944 0.018750 0.027778
0 0.828906 0.488889 0.020313 0.047222
0 0.135547 0.484028 0.021094 0.029167
0 0.955859 0.049306 0.025781 0.026389
0 0.453125 0.546528 0.020313 0.040278
0 0.484766 0.422917 0.024219 0.029167
0 0.020313 0.036806 0.014063 0.040278
0 0.306250 0.795833 0.028125 0.044444
0 0.139063 0.593750 0.020313 0.031944
0 0.342969 0.813889 0.017188 0.044444
0 0.795703 0.498611 0.024219 0.030556
0 0.463672 0.311806 0.024219 0.026389
0 0.430078 0.181944 0.027344 0.033333
1 0.896094 0.776389 0.140625 0.236111
1 0.641406 0.255556 0.171875 0.305556
1 0.841016 0.306250 0.138281 0.229167
1 0.119531 0.251389 0.104688 0.175000
1 0.537109 0.773611 0.133594 0.213889
1 0.315234 0.253472 0.125781 0.301389
1 0.332813 0.581250 0.160938 0.234722
1 0.129688 0.725000 0.131250 0.183333