0 0.443359 0.075694 0.014844 0.034722
0 0.073047 0.802083 0.022656 0.048611
0 0.097266 0.741667 0.025781 0.047222
0 0.401172 0.399306 0.022656 0.034722
0 0.351562 0.322917 0.014063 0.037500
0 0.470703 0.266667 0.019531 0.038889
0 0.047266 0.122222 0.017969 0.047222
0 0.658984 0.318056 0.024219 0.030556
0 0.936328 0.145139 0.016406 0.048611
0 0.582422 0.843750 0.024219 0.029167
0 0.548438 0.636111 0.021875 0.033333
0 0.136719 0.897917 0.025000 0.045833
0 0.574219 0.720139 0.026562 0.026389
0 0.494531 0.173611 0.023438 0.027778
0 0.492188 0.790972 0.018750 0.031944
0 0.085156 0.913194 0.026562 0.048611
0 0.031641 0.312500 0.017969 0.041667
0 0.625391 0.040972 0.022656 0.048611
0 0.526953 0.188194 0.027344 0.026389
0 0.197656 0.511806 0.020313 0.045833
0 0.961719 0.565972 0.026562 0.043056
0 0.913672 0.297917 0.019531 0.040278
0 0.690625 0.217361 0.017188 0.026389
0 0.043359 0.736111 0.027344 0.050000
0 0.319922 0.054861 0.022656 0.029167
0 0.686719 0.406250 0.014063 0.034722
0 0.730469 0.833333 0.025000 0.041667
0 0.520703 0.700000 0.017969 0.050000
0 0.917188 0.493056 0.023438 0.047222
0 0.715625 0.361111 0.023438 0.041667
0 0.354687 0.930556 0.023438 0.033333
0 0.597656 0.083333 0.026562 0.036111
0 0.235937 0.065278 0.025000 0.025000
0 0.941016 0.270833 0.016406 0.036111
0 0.705859 0.758333 0.024219 0.036111
0 0.387891 0.034722 0.024219 0.025000
0 0.941797 0.202083 0.019531 0.034722
0 0.664062 0.192361 0.015625 0.040278
0 0.646875 0.826389 0.014063 0.036111
0 0.886719 0.108333 0.015625 0.027778
0 0.080469 0.281944 0.026562 0.033333
0 0.195312 0.663194 0.021875 0.043056
0 0.727734 0.680556 0.017969 0.041667
0 0.345703 0.116667 0.016406 0.047222
0 0.414453 0.154167 0.017969 0.047222
0 0.742188 0.770833 0.015625 0.033333
0 0.941406 0.470833 0.015625 0.047222
0 0.257422 0.645833 0.016406 0.027778
0 0.369922 0.227083 0.022656 0.037500
0 0.512891 0.265278 0.027344 0.047222
0 0.658984 0.041667 0.025781 0.050000
0 0.519922 0.906944 0.021094 0.038889
0 0.174609 0.085417 0.014844 0.029167
0 0.733984 0.607639 0.024219 0.029167
0 0.596875 0.237500 0.023438 0.041667
0 0.439453 0.237500 0.027344 0.030556
0 0.605078 0.179861 0.016406 0.043056
0 0.572266 0.295833 0.017969 0.027778
0 0.417969 0.441667 0.014063 0.038889
0 0.109375 0.958333 0.028125 0.027778
0 0.468750 0.170833 0.017188 0.033333
0 0.421875 0.059028 0.018750 0.031944
0 0.204297 0.622222 0.017969 0.025000
0 0.222656 0.586806 0.015625 0.026389
0 0.750781 0.040278 0.018750 0.036111
0 0.473828 0.727778 0.021094 0.050000
0 0.591016 0.784028 0.025781 0.029167
0 0.407031 0.293056 0.017188 0.030556
0 0.736719 0.463889 0.026562 0.033333
0 0.553125 0.181944 0.017188 0.047222
0 0.050781 0.170833 0.018750 0.038889
0 0.714063 0.043056 0.028125 0.050000
0 0.388672 0.933333 0.014844 0.025000
0 0.432031 0.602083 0.021875 0.031944
0 0.976562 0.413194 0.014063 0.045833
0 0.017969 0.806250 0.017188 0.048611
0 0.678125 0.100000 0.026562 0.047222
0 0.423438 0.901389 0.017188 0.047222
0 0.418750 0.945833 0.014063 0.027778
0 0.580469 0.672917 0.028125 0.029167
0 0.496875 0.123611 0.028125 0.030556
0 0.687109 0.906250 0.022656 0.029167
0 0.128125 0.093056 0.025000 0.038889
0 0.914453 0.160417 0.014844 0.034722
0 0.040234 0.965972 0.022656 0.031944
0 0.883984 0.047917 0.016406 0.045833
0 0.726562 0.924306 0.020313 0.034722
0 0.930859 0.570833 0.027344 0.044444
0 0.663672 0.374306 0.016406 0.037500
0 0.321094 0.792361 0.014063 0.040278
0 0.972266 0.113194 0.025781 0.043056
0 0.682422 0.682639 0.022656 0.037500
0 0.403125 0.104167 0.021875 0.030556
0 0.964453 0.037500 0.021094 0.033333
0 0.391406 0.893056 0.021875 0.025000
0 0.558203 0.924306 0.022656 0.048611
0 0.488281 0.647917 0.028125 0.040278
0 0.447266 0.934028 0.019531 0.040278
0 0.043359 0.071528 0.014844 0.029167
0 0.655859 0.914583 0.014844 0.043056
0 0.126562 0.747917 0.014063 0.031944
0 0.021875 0.911806 0.020313 0.043056
0 0.977344 0.915278 0.026562 0.044444
0 0.533203 0.858333 0.016406 0.038889
0 0.674609 0.824306 0.016406 0.026389
0 0.286328 0.676389 0.025781 0.025000
1 0.823047 0.547917 0.136719 0.184722
1 0.526172 0.464583 0.127344 0.256944
1 0.100391 0.534722 0.125781 0.291667
1 0.239453 0.827778 0.117969 0.222222
1 0.396875 0.753472 0.115625 0.220833
1 0.762500 0.200000 0.103125 0.230556
1 0.817578 0.847222 0.102344 0.213889
1 0.276172 0.219444 0.113281 0.225000
1 0.305078 0.477083 0.116406 0.234722
1 0.667578 0.558333 0.099219 0.177778