0 0.512109 0.904861 0.016406 0.026389
0 0.470313 0.895139 0.023438 0.043056
0 0.805078 0.695833 0.014844 0.025000
0 0.080078 0.900000 0.021094 0.041667
0 0.913672 0.137500 0.014844 0.038889
0 0.767578 0.504167 0.022656 0.030556
0 0.717187 0.152083 0.021875 0.040278
0 0.874219 0.769444 0.020313 0.027778
0 0.960547 0.697222 0.022656 0.025000
0 0.733203 0.947917 0.016406 0.031944
0 0.098047 0.501389 0.024219 0.041667
0 0.491406 0.118056 0.025000 0.025000
0 0.808203 0.642361 0.017969 0.043056
0 0.606250 0.056944 0.025000 0.027778
0 0.232813 0.705556 0.020313 0.038889
0 0.084375 0.072917 0.026562 0.045833
0 0.594922 0.129861 0.021094 0.048611
0 0.161719 0.204167 0.015625 0.047222
0 0.710156 0.358333 0.014063 0.050000
0 0.217188 0.449306 0.014063 0.040278
0 0.111719 0.565972 0.015625 0.029167
0 0.560937 0.561806 0.017188 0.029167
0 0.422266 0.401389 0.014844 0.044444
0 0.600000 0.909722 0.023438 0.033333
0 0.353906 0.875000 0.014063 0.050000
0 0.440234 0.336806 0.019531 0.043056
0 0.172266 0.709028 0.017969 0.037500
0 0.143750 0.264583 0.026562 0.037500
0 0.945312 0.188889 0.020313 0.038889
0 0.199219 0.140278 0.020313 0.050000
0 0.750391 0.852083 0.025781 0.026389
0 0.059375 0.440972 0.020313 0.037500
0 0.218359 0.907639 0.017969 0.034722
0 0.557813 0.778472 0.020313 0.045833
0 0.704688 0.963889 0.014063 0.030556
0 0.032422 0.920833 0.014844 0.036111
0 0.480859 0.065278 0.024219 0.036111
0 0.343750 0.778472 0.014063 0.034722
0 0.381641 0.656250 0.022656 0.026389
0 0.770703 0.672917 0.024219 0.048611
0 0.217578 0.406944 0.017969 0.030556
0 0.258984 0.833333 0.025781 0.038889
0 0.034375 0.240972 0.018750 0.029167
0 0.427344 0.192361 0.028125 0.037500
0 0.645703 0.945139 0.021094 0.034722
0 0.686719 0.854861 0.026562 0.031944
0 0.979297 0.279167 0.019531 0.041667
0 0.188281 0.583333 0.026562 0.044444
0 0.552344 0.105556 0.023438 0.041667
0 0.720703 0.819444 0.016406 0.044444
0 0.085156 0.433333 0.021875 0.041667
0 0.164453 0.953472 0.014844 0.029167
0 0.973437 0.809722 0.020313 0.047222
0 0.439453 0.879861 0.017969 0.048611
0 0.079297 0.381944 0.027344 0.033333
0 0.468750 0.328472 0.017188 0.048611
0 0.201953 0.227083 0.017969 0.029167
0 0.274219 0.783333 0.028125 0.047222
0 0.471094 0.446528 0.015625 0.043056
0 0.209375 0.638194 0.020313 0.045833
0 0.864453 0.699306 0.024219 0.048611
0 0.510938 0.387500 0.014063 0.044444
0 0.643750 0.865278 0.021875 0.036111
0 0.108984 0.951389 0.019531 0.041667
0 0.490234 0.522222 0.024219 0.033333
0 0.829297 0.961806 0.024219 0.040278
0 0.966406 0.862500 0.020313 0.033333
0 0.557813 0.915972 0.014063 0.031944
0 0.214844 0.050000 0.015625 0.030556
0 0.128906 0.367361 0.023438 0.037500
0 0.074609 0.136111 0.019531 0.025000
0 0.812109 0.892361 0.025781 0.034722
1 0.316016 0.539583 0.096094 0.295833
1 0.328125 0.211111 0.156250 0.291667
1 0.090234 0.768056 0.099219 0.194444
1 0.807813 0.280556 0.145313 0.202778
1 0.469531 0.678472 0.093750 0.206944
1 0.582031 0.291667 0.109375 0.194444
1 0.660547 0.622222 0.167969 0.277778