0 0.691797 0.100000 0.027344 0.025000
0 0.533203 0.314583 0.025781 0.029167
0 0.942969 0.892361 0.018750 0.045833
0 0.164062 0.556250 0.021875 0.034722
0 0.387109 0.840972 0.027344 0.037500
0 0.915234 0.036111 0.019531 0.036111
0 0.905469 0.353472 0.020313 0.034722
0 0.916016 0.293750 0.027344 0.029167
0 0.887500 0.861111 0.026562 0.050000
0 0.544922 0.941667 0.027344 0.050000
0 0.363281 0.915972 0.028125 0.045833
0 0.802734 0.401389 0.024219 0.041667
0 0.480859 0.907639 0.016406 0.029167
0 0.527734 0.865972 0.022656 0.040278
0 0.207031 0.247222 0.014063 0.033333
0 0.204687 0.286111 0.014063 0.033333
0 0.948047 0.952778 0.019531 0.047222
0 0.882812 0.296528 0.028125 0.037500
0 0.937109 0.389583 0.016406 0.040278
0 0.747656 0.959722 0.023438 0.025000
0 0.049609 0.948611 0.027344 0.025000
0 0.288672 0.774306 0.017969 0.029167
0 0.275391 0.727778 0.017969 0.033333
0 0.579688 0.926389 0.028125 0.038889
0 0.313672 0.729167 0.017969 0.025000
0 0.877734 0.747917 0.019531 0.037500
0 0.027734 0.082639 0.014844 0.037500
0 0.963281 0.827778 0.014063 0.033333
0 0.638281 0.715278 0.028125 0.025000
0 0.174609 0.820833 0.027344 0.025000
0 0.847266 0.793750 0.014844 0.029167
0 0.838672 0.204861 0.019531 0.031944
0 0.777344 0.046528 0.023438 0.026389
0 0.657422 0.124306 0.027344 0.040278
0 0.312891 0.914583 0.025781 0.040278
0 0.580469 0.675000 0.020313 0.025000
0 0.882422 0.084028 0.024219 0.045833
0 0.027734 0.293056 0.016406 0.027778
0 0.263672 0.380556 0.027344 0.025000
0 0.947266 0.113194 0.014844 0.037500
0 0.580078 0.836806 0.025781 0.026389
0 0.482031 0.963194 0.015625 0.029167
0 0.367188 0.719444 0.015625 0.025000
0 0.943359 0.798611 0.016406 0.038889
0 0.461719 0.411111 0.017188 0.030556
0 0.189844 0.697917 0.017188 0.037500
0 0.972266 0.946528 0.017969 0.043056
0 0.219922 0.396528 0.024219 0.026389
0 0.167578 0.058333 0.019531 0.036111
0 0.832031 0.954167 0.026562 0.050000
0 0.562500 0.883333 0.028125 0.025000
0 0.182031 0.770139 0.017188 0.034722
0 0.789844 0.083333 0.020313 0.025000
0 0.797266 0.932639 0.027344 0.037500
0 0.579688 0.039583 0.014063 0.037500
0 0.239844 0.254167 0.021875 0.025000
0 0.852734 0.092361 0.027344 0.045833
0 0.789453 0.893750 0.025781 0.029167
0 0.829297 0.331250 0.021094 0.037500
0 0.837500 0.487500 0.021875 0.027778
0 0.925000 0.106944 0.020313 0.036111
0 0.213281 0.903472 0.021875 0.031944
0 0.475391 0.464583 0.022656 0.026389
0 0.836328 0.876389 0.024219 0.041667
0 0.879297 0.595833 0.027344 0.050000
0 0.864453 0.207639 0.022656 0.031944
0 0.550000 0.040972 0.014063 0.031944
0 0.330078 0.866667 0.019531 0.027778
0 0.495703 0.861806 0.016406 0.037500
0 0.627344 0.928472 0.014063 0.045833
0 0.145313 0.456250 0.023438 0.048611
0 0.060547 0.546528 0.024219 0.034722
0 0.672656 0.056250 0.028125 0.048611
0 0.031641 0.336806 0.024219 0.029167
0 0.852734 0.272222 0.025781 0.041667
0 0.202344 0.054861 0.018750 0.048611
0 0.930469 0.702083 0.014063 0.029167
0 0.301172 0.337500 0.019531 0.041667
0 0.266797 0.293750 0.014844 0.029167
0 0.238281 0.905556 0.018750 0.030556
0 0.917578 0.611806 0.021094 0.045833
0 0.364844 0.366667 0.028125 0.025000
0 0.268359 0.673611 0.024219 0.047222
0 0.660156 0.854861 0.020313 0.034722
0 0.980469 0.202083 0.020313 0.045833
0 0.222656 0.656944 0.028125 0.038889
0 0.095312 0.607639 0.023438 0.045833
0 0.076953 0.937500 0.019531 0.036111
0 0.867188 0.440278 0.017188 0.036111
0 0.120703 0.607639 0.017969 0.026389
0 0.062500 0.490278 0.015625 0.033333
0 0.047266 0.054167 0.016406 0.025000
0 0.467187 0.043056 0.017188 0.027778
0 0.394141 0.954861 0.021094 0.048611
0 0.335547 0.831944 0.019531 0.027778
0 0.216016 0.331944 0.027344 0.038889
0 0.610547 0.670833 0.021094 0.044444
0 0.342969 0.672222 0.025000 0.030556
0 0.030078 0.443056 0.027344 0.038889
0 0.089844 0.479167 0.020313 0.038889
0 0.026562 0.518056 0.025000 0.027778
0 0.978906 0.052778 0.017188 0.047222
0 0.591016 0.789583 0.022656 0.037500
0 0.535156 0.109722 0.014063 0.044444
0 0.711719 0.956250 0.017188 0.026389
0 0.910937 0.788194 0.023438 0.040278
1 0.258203 0.522917 0.127344 0.209722
1 0.737891 0.719444 0.103906 0.286111
1 0.462500 0.640278 0.154688 0.297222
1 0.605469 0.245833 0.106250 0.180556
1 0.746484 0.215278 0.121094 0.186111
1 0.089063 0.815278 0.120313 0.186111
1 0.463281 0.240278 0.096875 0.294444
1 0.339062 0.174306 0.106250 0.262500
1 0.109766 0.245139 0.122656 0.301389