0 0.056641 0.825694 0.021094 0.034722
0 0.537109 0.486111 0.025781 0.047222
0 0.158984 0.038889 0.016406 0.027778
0 0.332031 0.845139 0.017188 0.029167
0 0.828516 0.076389 0.014844 0.050000
0 0.453125 0.388194 0.026562 0.037500
0 0.258594 0.250694 0.026562 0.026389
0 0.519141 0.141667 0.027344 0.038889
0 0.203516 0.845139 0.022656 0.026389
0 0.295703 0.824306 0.019531 0.045833
0 0.898828 0.823611 0.016406 0.044444
0 0.275391 0.771528 0.017969 0.040278
0 0.225781 0.840972 0.015625 0.029167
0 0.131250 0.815278 0.017188 0.030556
0 0.864844 0.175000 0.026562 0.050000
0 0.229687 0.924306 0.017188 0.029167
0 0.248438 0.853472 0.017188 0.029167
0 0.562109 0.093056 0.025781 0.033333
0 0.211719 0.647917 0.021875 0.045833
0 0.121094 0.404861 0.028125 0.034722
0 0.198047 0.936806 0.016406 0.043056
0 0.323828 0.430556 0.021094 0.044444
0 0.783984 0.508333 0.021094 0.030556
0 0.463281 0.675000 0.015625 0.041667
0 0.415625 0.476389 0.023438 0.027778
0 0.726172 0.441667 0.017969 0.044444
0 0.923828 0.436806 0.024219 0.029167
0 0.199219 0.514583 0.023438 0.031944
0 0.476172 0.095833 0.017969 0.025000
0 0.533984 0.277083 0.016406 0.029167
0 0.180078 0.361111 0.022656 0.027778
0 0.887109 0.511111 0.021094 0.033333
0 0.146875 0.873611 0.021875 0.044444
0 0.462109 0.949306 0.019531 0.034722
0 0.469531 0.499306 0.025000 0.029167
0 0.953906 0.893056 0.021875 0.047222
0 0.512109 0.951389 0.016406 0.050000
0 0.070312 0.095833 0.018750 0.038889
0 0.278125 0.070833 0.018750 0.038889
0 0.670703 0.952778 0.017969 0.038889
0 0.233594 0.245139 0.014063 0.040278
0 0.656250 0.550694 0.028125 0.029167
0 0.175000 0.850694 0.025000 0.034722
0 0.207031 0.087500 0.018750 0.025000
0 0.712891 0.946528 0.021094 0.029167
0 0.641797 0.398611 0.016406 0.050000
0 0.317578 0.684722 0.014844 0.025000
0 0.834375 0.156250 0.014063 0.043056
0 0.226953 0.502778 0.014844 0.050000
0 0.476562 0.809028 0.014063 0.037500
0 0.779297 0.413889 0.024219 0.044444
0 0.035156 0.508333 0.017188 0.027778
0 0.150000 0.106944 0.014063 0.038889
0 0.803125 0.158333 0.014063 0.027778
0 0.054297 0.395833 0.024219 0.036111
0 0.281250 0.175000 0.026562 0.025000
0 0.068750 0.766667 0.017188 0.047222
0 0.799609 0.946528 0.017969 0.048611
0 0.494531 0.306250 0.017188 0.048611
0 0.692969 0.424306 0.017188 0.026389
0 0.267969 0.694444 0.018750 0.025000
0 0.834766 0.929167 0.027344 0.047222
0 0.916797 0.164583 0.016406 0.029167
0 0.396094 0.042361 0.018750 0.029167
0 0.047266 0.954861 0.017969 0.043056
0 0.287109 0.904167 0.016406 0.027778
0 0.964063 0.284722 0.018750 0.041667
0 0.024219 0.266667 0.017188 0.050000
0 0.237500 0.615972 0.023438 0.034722
0 0.575781 0.917361 0.023438 0.043056
0 0.201563 0.792361 0.028125 0.029167
0 0.623437 0.903472 0.014063 0.040278
0 0.022266 0.898611 0.025781 0.047222
0 0.224219 0.053472 0.017188 0.031944
0 0.968750 0.463194 0.025000 0.040278
0 0.153906 0.756250 0.028125 0.040278
0 0.415234 0.933333 0.016406 0.025000
0 0.189844 0.706944 0.020313 0.027778
0 0.572266 0.320139 0.022656 0.031944
0 0.309766 0.747917 0.017969 0.034722
0 0.426172 0.035417 0.021094 0.026389
0 0.591797 0.435417 0.021094 0.040278
1 0.398047 0.672917 0.100781 0.295833
1 0.854688 0.328472 0.103125 0.220833
1 0.121094 0.239583 0.167187 0.187500
1 0.769531 0.781250 0.125000 0.209722
1 0.623437 0.701389 0.135937 0.180556
1 0.116406 0.581944 0.104688 0.238889
1 0.387891 0.210417 0.138281 0.284722
1 0.914453 0.647222 0.111719 0.213889
1 0.667578 0.191667 0.121094 0.200000