0 0.627734 0.448611 0.014844 0.027778
0 0.598437 0.162500 0.020313 0.036111
0 0.288281 0.916667 0.023438 0.038889
0 0.691016 0.285417 0.021094 0.031944
0 0.058594 0.431944 0.028125 0.047222
0 0.334375 0.759722 0.021875 0.044444
0 0.513281 0.138194 0.028125 0.048611
0 0.822656 0.794444 0.014063 0.038889
0 0.431250 0.093750 0.023438 0.026389
0 0.288672 0.722222 0.024219 0.027778
0 0.698438 0.232639 0.023438 0.043056
0 0.915625 0.395139 0.014063 0.040278
0 0.845703 0.745833 0.022656 0.025000
0 0.159375 0.867361 0.017188 0.031944
0 0.037109 0.040278 0.017969 0.030556
0 0.029687 0.422222 0.018750 0.041667
0 0.533984 0.846528 0.022656 0.045833
0 0.975781 0.097222 0.015625 0.038889
0 0.623437 0.142361 0.018750 0.043056
0 0.842969 0.647917 0.025000 0.045833
0 0.260156 0.925694 0.018750 0.045833
0 0.699219 0.126389 0.023438 0.041667
0 0.874609 0.287500 0.022656 0.033333
0 0.112109 0.486111 0.024219 0.047222
0 0.922266 0.854861 0.021094 0.026389
0 0.485156 0.644444 0.014063 0.038889
0 0.426172 0.245139 0.024219 0.040278
0 0.941016 0.219444 0.017969 0.047222
0 0.205859 0.881944 0.024219 0.025000
0 0.094531 0.840972 0.014063 0.045833
0 0.982422 0.865278 0.016406 0.047222
0 0.932813 0.325694 0.025000 0.026389
0 0.409375 0.189583 0.017188 0.048611
0 0.769531 0.220139 0.028125 0.048611
0 0.330859 0.818750 0.014844 0.026389
0 0.935937 0.050694 0.021875 0.048611
0 0.735156 0.202778 0.020313 0.047222
0 0.811328 0.915278 0.025781 0.038889
0 0.891797 0.642361 0.024219 0.034722
0 0.751563 0.944444 0.020313 0.025000
0 0.942187 0.682639 0.020313 0.031944
0 0.628516 0.285417 0.019531 0.037500
0 0.582812 0.964583 0.018750 0.026389
0 0.915234 0.531250 0.022656 0.034722
0 0.412891 0.875694 0.017969 0.029167
0 0.403906 0.043750 0.020313 0.040278
0 0.300000 0.062500 0.026562 0.025000
0 0.202734 0.961111 0.027344 0.025000
0 0.546484 0.146528 0.022656 0.048611
0 0.925391 0.600694 0.016406 0.029167
0 0.198828 0.156250 0.022656 0.045833
0 0.914844 0.816667 0.021875 0.036111
0 0.234766 0.611806 0.019531 0.031944
0 0.943750 0.507639 0.026562 0.031944
0 0.806250 0.727083 0.023438 0.048611
0 0.882812 0.461111 0.018750 0.041667
0 0.552344 0.059722 0.014063 0.044444
0 0.787109 0.858333 0.025781 0.033333
0 0.239844 0.056944 0.028125 0.036111
0 0.376172 0.886111 0.027344 0.027778
0 0.799219 0.070139 0.018750 0.029167
0 0.871094 0.125000 0.018750 0.033333
0 0.277344 0.786806 0.028125 0.045833
0 0.350391 0.886111 0.016406 0.027778
0 0.421875 0.364583 0.021875 0.043056
0 0.760547 0.739583 0.019531 0.040278
0 0.517578 0.033333 0.027344 0.033333
0 0.586328 0.547222 0.019531 0.036111
0 0.219922 0.525000 0.021094 0.047222
0 0.932031 0.729861 0.021875 0.037500
0 0.512500 0.650000 0.014063 0.044444
0 0.207813 0.468750 0.020313 0.026389
0 0.380469 0.372222 0.020313 0.025000
0 0.031641 0.540278 0.027344 0.025000
0 0.508984 0.200694 0.014844 0.026389
0 0.899609 0.119444 0.021094 0.025000
0 0.664062 0.509722 0.018750 0.050000
0 0.134375 0.909028 0.028125 0.031944
0 0.857422 0.488194 0.025781 0.037500
0 0.601562 0.323611 0.025000 0.047222
0 0.519531 0.750000 0.028125 0.036111
0 0.475781 0.872222 0.028125 0.038889
0 0.933203 0.466667 0.024219 0.030556
0 0.886328 0.524306 0.016406 0.031944
0 0.164453 0.541667 0.024219 0.038889
0 0.021875 0.925000 0.015625 0.036111
0 0.837109 0.072222 0.021094 0.044444
0 0.755078 0.277778 0.025781 0.033333
0 0.662891 0.345833 0.014844 0.025000
0 0.822266 0.316667 0.027344 0.027778
0 0.871875 0.049306 0.020313 0.026389
1 0.340234 0.536806 0.142969 0.270833
1 0.339453 0.240972 0.097656 0.215278
1 0.760547 0.468056 0.149219 0.252778
1 0.510547 0.375000 0.135156 0.291667
1 0.114062 0.678472 0.164062 0.218056
1 0.622266 0.794444 0.144531 0.277778
1 0.153125 0.286806 0.121875 0.184722