0 0.899414 0.941406 0.037109 0.031250
0 0.565430 0.733398 0.037109 0.048828
0 0.216797 0.373047 0.050781 0.031250
0 0.752930 0.868164 0.048828 0.056641
0 0.102539 0.440430 0.048828 0.037109
0 0.658203 0.153320 0.039062 0.052734
0 0.660156 0.736328 0.035156 0.042969
0 0.603516 0.103516 0.046875 0.058594
0 0.938477 0.373047 0.044922 0.035156
0 0.135742 0.804688 0.041016 0.058594
0 0.838867 0.312500 0.056641 0.042969
0 0.763672 0.319336 0.058594 0.052734
0 0.832031 0.529297 0.050781 0.058594
0 0.220703 0.609375 0.046875 0.042969
0 0.053711 0.837891 0.052734 0.054688
0 0.148438 0.741211 0.054688 0.041016
0 0.488281 0.860352 0.046875 0.033203
0 0.877930 0.823242 0.033203 0.037109
0 0.803711 0.213867 0.048828 0.044922
0 0.835938 0.865234 0.035156 0.058594
0 0.461914 0.119141 0.048828 0.058594
0 0.951172 0.957031 0.046875 0.050781
0 0.304688 0.919922 0.046875 0.039062
0 0.928711 0.186523 0.033203 0.044922
0 0.044922 0.666992 0.046875 0.037109
0 0.546875 0.885742 0.054688 0.033203
0 0.430664 0.760742 0.052734 0.056641
0 0.923828 0.106445 0.039062 0.044922
0 0.119141 0.637695 0.042969 0.044922
0 0.563477 0.209961 0.037109 0.037109
0 0.754883 0.456055 0.037109 0.037109
0 0.482422 0.211914 0.031250 0.044922
0 0.483398 0.950195 0.044922 0.033203
0 0.272461 0.862305 0.052734 0.052734
1 0.290039 0.148438 0.228516 0.242188
1 0.615234 0.375000 0.179688 0.148438
1 0.624023 0.608398 0.166016 0.166016
1 0.874023 0.713867 0.169922 0.146484
1 0.291016 0.724609 0.195312 0.148438
1 0.376953 0.501953 0.164062 0.246094