0 0.927734 0.700195 0.031250 0.056641
0 0.549805 0.640625 0.037109 0.035156
0 0.051758 0.816406 0.056641 0.042969
0 0.937500 0.592773 0.042969 0.048828
0 0.940430 0.433594 0.052734 0.046875
0 0.531250 0.378906 0.050781 0.046875
0 0.088867 0.058594 0.048828 0.035156
0 0.430664 0.048828 0.056641 0.058594
0 0.456055 0.388672 0.044922 0.035156
0 0.648438 0.789062 0.058594 0.058594
0 0.462891 0.821289 0.031250 0.041016
0 0.719727 0.791016 0.044922 0.035156
0 0.553711 0.855469 0.033203 0.031250
0 0.130859 0.471680 0.050781 0.056641
0 0.044922 0.434570 0.035156 0.037109
0 0.613281 0.927734 0.058594 0.035156
0 0.352539 0.265625 0.033203 0.039062
0 0.054688 0.696289 0.054688 0.044922
0 0.875977 0.379883 0.037109 0.048828
0 0.361328 0.635742 0.054688 0.037109
0 0.774414 0.948242 0.033203 0.044922
0 0.431641 0.603516 0.039062 0.054688
0 0.392578 0.754883 0.042969 0.052734
0 0.779297 0.650391 0.050781 0.039062
0 0.072266 0.618164 0.039062 0.044922
0 0.847656 0.303711 0.046875 0.056641
0 0.213867 0.661133 0.052734 0.041016
0 0.721680 0.121094 0.041016 0.054688
0 0.758789 0.201172 0.041016 0.035156
0 0.941406 0.951172 0.054688 0.031250
0 0.520508 0.556641 0.048828 0.046875
0 0.847656 0.580078 0.039062 0.039062
0 0.826172 0.946289 0.042969 0.033203
1 0.660156 0.582031 0.167969 0.265625
1 0.491211 0.225586 0.173828 0.228516
1 0.171875 0.250000 0.218750 0.238281
1 0.877930 0.829102 0.154297 0.177734
1 0.246094 0.838867 0.230469 0.263672
1 0.292969 0.497070 0.199219 0.185547
1 0.882812 0.123047 0.140625 0.175781
1 0.708008 0.341797 0.181641 0.160156