0 0.540234 0.462500 0.014844 0.044444
0 0.088281 0.640278 0.018750 0.033333
0 0.921875 0.633333 0.014063 0.036111
0 0.413672 0.797222 0.025781 0.044444
0 0.650391 0.811111 0.021094 0.041667
0 0.654687 0.768056 0.025000 0.025000
0 0.127344 0.898611 0.018750 0.041667
0 0.592187 0.840278 0.023438 0.041667
0 0.607422 0.399306 0.016406 0.040278
0 0.934375 0.545139 0.017188 0.043056
0 0.483984 0.756250 0.021094 0.031944
0 0.057422 0.381944 0.024219 0.036111
0 0.488281 0.349306 0.020313 0.040278
0 0.035547 0.716667 0.022656 0.044444
0 0.716016 0.863194 0.024219 0.040278
0 0.742969 0.346528 0.017188 0.048611
0 0.096094 0.046528 0.028125 0.026389
0 0.597656 0.916667 0.021875 0.038889
0 0.305859 0.056944 0.014844 0.044444
0 0.813672 0.522917 0.016406 0.037500
0 0.296875 0.879861 0.023438 0.048611
0 0.922656 0.038889 0.026562 0.038889
0 0.109375 0.555556 0.018750 0.036111
0 0.831641 0.751389 0.017969 0.030556
0 0.651953 0.890972 0.025781 0.045833
0 0.669531 0.641667 0.014063 0.033333
0 0.876563 0.121528 0.028125 0.040278
0 0.975781 0.141667 0.018750 0.036111
0 0.149219 0.466667 0.023438 0.025000
0 0.341016 0.852778 0.022656 0.030556
0 0.301953 0.924306 0.027344 0.029167
0 0.683594 0.852778 0.014063 0.041667
0 0.493750 0.814583 0.021875 0.040278
0 0.658984 0.499306 0.017969 0.029167
0 0.769922 0.377083 0.019531 0.037500
0 0.574609 0.054167 0.017969 0.038889
0 0.377734 0.357639 0.022656 0.031944
0 0.880078 0.643750 0.017969 0.043056
0 0.326953 0.408333 0.016406 0.044444
0 0.311719 0.818750 0.023438 0.029167
0 0.235156 0.470139 0.020313 0.026389
0 0.882422 0.162500 0.027344 0.027778
0 0.482031 0.044444 0.018750 0.050000
0 0.921875 0.131944 0.025000 0.047222
0 0.258203 0.223611 0.021094 0.044444
0 0.076172 0.922222 0.022656 0.033333
0 0.423438 0.947222 0.017188 0.038889
0 0.275000 0.473611 0.015625 0.041667
0 0.830078 0.071528 0.019531 0.026389
0 0.904687 0.570139 0.023438 0.037500
0 0.666016 0.434722 0.022656 0.041667
0 0.128906 0.325694 0.020313 0.031944
0 0.249219 0.286806 0.028125 0.029167
0 0.127734 0.408333 0.017969 0.036111
0 0.801562 0.308333 0.020313 0.027778
0 0.521484 0.417361 0.016406 0.037500
0 0.069531 0.489583 0.018750 0.026389
0 0.252344 0.386111 0.020313 0.038889
0 0.457813 0.327083 0.021875 0.034722
0 0.054688 0.865278 0.023438 0.038889
0 0.776172 0.950000 0.022656 0.050000
0 0.068750 0.551389 0.018750 0.036111
0 0.091016 0.425694 0.024219 0.040278
0 0.856250 0.697222 0.025000 0.041667
0 0.368750 0.911806 0.017188 0.040278
0 0.049219 0.784722 0.021875 0.041667
0 0.074219 0.740278 0.020313 0.033333
0 0.030078 0.620833 0.024219 0.047222
0 0.237500 0.902083 0.021875 0.029167
0 0.021875 0.844444 0.021875 0.047222
0 0.747266 0.954861 0.024219 0.043056
0 0.033203 0.320139 0.022656 0.045833
0 0.532422 0.066667 0.019531 0.036111
0 0.891016 0.050694 0.017969 0.043056
0 0.023047 0.409028 0.016406 0.048611
0 0.214844 0.043750 0.021875 0.043056
0 0.486328 0.165278 0.027344 0.027778
0 0.702344 0.915972 0.025000 0.026389
0 0.425000 0.901389 0.021875 0.041667
0 0.693359 0.320833 0.021094 0.041667
0 0.703906 0.390278 0.014063 0.047222
1 0.584375 0.635417 0.126562 0.201389
1 0.109375 0.200000 0.170313 0.169444
1 0.734375 0.635417 0.103125 0.293056
1 0.223828 0.658333 0.142969 0.300000
1 0.360156 0.220833 0.146875 0.200000
1 0.391797 0.611111 0.103906 0.272222
1 0.903125 0.845139 0.101562 0.190278
1 0.580859 0.229861 0.152344 0.251389
1 0.902734 0.351389 0.146094 0.280556