0 0.229492 0.687500 0.037109 0.039062
0 0.306641 0.315430 0.042969 0.044922
0 0.769531 0.781250 0.042969 0.035156
0 0.597656 0.671875 0.035156 0.050781
0 0.858398 0.422852 0.037109 0.041016
0 0.679688 0.377930 0.054688 0.037109
0 0.237305 0.291016 0.052734 0.050781
0 0.488281 0.172852 0.031250 0.052734
0 0.219727 0.074219 0.033203 0.035156
0 0.947266 0.308594 0.031250 0.035156
0 0.148438 0.051758 0.042969 0.056641
0 0.063477 0.332031 0.048828 0.046875
0 0.096680 0.453125 0.033203 0.031250
0 0.800781 0.408203 0.035156 0.035156
0 0.127930 0.193359 0.044922 0.042969
0 0.092773 0.818359 0.033203 0.046875
0 0.185547 0.790039 0.031250 0.037109
0 0.543945 0.127930 0.052734 0.041016
0 0.625000 0.177734 0.039062 0.050781
0 0.155273 0.901367 0.033203 0.052734
0 0.608398 0.523438 0.037109 0.058594
0 0.360352 0.047852 0.048828 0.041016
0 0.519531 0.247070 0.042969 0.052734
0 0.200195 0.485352 0.041016 0.044922
0 0.934570 0.450195 0.056641 0.041016
0 0.186523 0.371094 0.048828 0.050781
0 0.317383 0.427734 0.052734 0.050781
0 0.296875 0.373047 0.058594 0.042969
0 0.910156 0.377930 0.039062 0.044922
0 0.631836 0.780273 0.048828 0.033203
0 0.048828 0.231445 0.054688 0.048828
0 0.067383 0.131836 0.033203 0.037109
0 0.652344 0.548828 0.035156 0.046875
0 0.647461 0.275391 0.037109 0.050781
0 0.096680 0.957031 0.044922 0.035156
0 0.789062 0.037109 0.035156 0.031250
0 0.835938 0.349609 0.039062 0.058594
0 0.738281 0.375000 0.042969 0.031250
0 0.551758 0.638672 0.041016 0.035156
0 0.842773 0.047852 0.037109 0.044922
0 0.873047 0.175781 0.031250 0.035156
0 0.575195 0.225586 0.033203 0.033203
0 0.157227 0.956055 0.041016 0.041016
1 0.449219 0.379883 0.179688 0.193359
1 0.385742 0.641602 0.240234 0.240234
1 0.354492 0.892578 0.189453 0.156250
1 0.812500 0.615234 0.265625 0.234375
1 0.598633 0.876953 0.240234 0.144531
1 0.746094 0.174805 0.136719 0.185547
1 0.295898 0.179688 0.248047 0.144531
1 0.856445 0.883789 0.220703 0.154297
1 0.109375 0.652344 0.136719 0.210938