0 0.619141 0.043945 0.054688 0.056641
0 0.213867 0.554688 0.041016 0.031250
0 0.496094 0.430664 0.046875 0.037109
0 0.375977 0.513672 0.052734 0.035156
0 0.813477 0.083008 0.037109 0.041016
0 0.481445 0.377930 0.056641 0.044922
0 0.175781 0.890625 0.050781 0.058594
0 0.874023 0.390625 0.033203 0.035156
0 0.851562 0.268555 0.050781 0.056641
0 0.853516 0.711914 0.031250 0.044922
0 0.795898 0.652344 0.052734 0.035156
0 0.299805 0.845703 0.041016 0.042969
0 0.928711 0.479492 0.052734 0.044922
0 0.491211 0.937500 0.037109 0.054688
0 0.657227 0.396484 0.052734 0.054688
0 0.960938 0.426758 0.035156 0.037109
0 0.620117 0.937500 0.052734 0.039062
0 0.075195 0.499023 0.048828 0.037109
0 0.956055 0.083008 0.048828 0.052734
0 0.314453 0.092773 0.054688 0.052734
0 0.626953 0.879883 0.035156 0.033203
0 0.931641 0.371094 0.042969 0.046875
0 0.556641 0.946289 0.035156 0.037109
0 0.511719 0.852539 0.046875 0.044922
0 0.899414 0.634766 0.056641 0.042969
0 0.362305 0.695312 0.044922 0.039062
0 0.288086 0.482422 0.037109 0.042969
0 0.265625 0.909180 0.031250 0.041016
0 0.207031 0.489258 0.046875 0.044922
0 0.399414 0.628906 0.037109 0.046875
0 0.083984 0.559570 0.058594 0.033203
0 0.502930 0.786133 0.044922 0.033203
0 0.122070 0.962891 0.048828 0.039062
0 0.329102 0.567383 0.044922 0.037109
0 0.207031 0.371094 0.046875 0.058594
0 0.641602 0.277344 0.033203 0.031250
0 0.953125 0.189453 0.042969 0.046875
0 0.437500 0.831055 0.042969 0.056641
0 0.737305 0.943359 0.052734 0.058594
0 0.726562 0.318359 0.058594 0.042969
0 0.380859 0.041016 0.046875 0.050781
0 0.411133 0.887695 0.048828 0.041016
0 0.080078 0.762695 0.031250 0.048828
0 0.041992 0.641602 0.052734 0.033203
0 0.387695 0.966797 0.048828 0.031250
0 0.095703 0.833984 0.054688 0.058594
0 0.418945 0.369141 0.048828 0.035156
0 0.200195 0.962891 0.044922 0.039062
1 0.205078 0.698242 0.199219 0.177734
1 0.186523 0.214844 0.166016 0.222656
1 0.634766 0.585938 0.253906 0.242188
1 0.378906 0.232422 0.171875 0.210938
1 0.646484 0.168945 0.261719 0.169922
1 0.827148 0.818359 0.205078 0.152344