0 0.058594 0.308594 0.050781 0.046875
0 0.837891 0.139648 0.046875 0.056641
0 0.550781 0.599609 0.054688 0.035156
0 0.231445 0.607422 0.048828 0.046875
0 0.875000 0.385742 0.058594 0.037109
0 0.539062 0.040039 0.031250 0.044922
0 0.871094 0.668945 0.039062 0.048828
0 0.095703 0.633789 0.058594 0.033203
0 0.871094 0.518555 0.039062 0.037109
0 0.443359 0.711914 0.042969 0.044922
0 0.513672 0.372070 0.054688 0.041016
0 0.238281 0.695312 0.058594 0.046875
0 0.586914 0.047852 0.041016 0.052734
0 0.219727 0.945312 0.048828 0.039062
0 0.569336 0.391602 0.041016 0.056641
0 0.121094 0.297852 0.050781 0.056641
0 0.568359 0.130859 0.042969 0.031250
0 0.394531 0.627930 0.050781 0.056641
0 0.111328 0.946289 0.031250 0.037109
0 0.115234 0.105469 0.058594 0.035156
0 0.056641 0.211914 0.058594 0.048828
0 0.119141 0.375977 0.058594 0.044922
0 0.174805 0.697266 0.041016 0.031250
0 0.876953 0.582031 0.035156 0.031250
0 0.332031 0.686523 0.042969 0.052734
0 0.296875 0.624023 0.031250 0.033203
0 0.666016 0.123047 0.046875 0.039062
0 0.917969 0.058594 0.054688 0.054688
0 0.169922 0.640625 0.058594 0.058594
0 0.150391 0.204102 0.042969 0.033203
0 0.954102 0.639648 0.048828 0.052734
0 0.880859 0.208984 0.042969 0.039062
0 0.195312 0.064453 0.050781 0.050781
0 0.513672 0.646484 0.054688 0.042969
0 0.041992 0.667969 0.033203 0.039062
0 0.560547 0.300781 0.035156 0.031250
0 0.665039 0.042969 0.048828 0.042969
0 0.572266 0.243164 0.058594 0.041016
1 0.703125 0.541016 0.210938 0.214844
1 0.124023 0.483398 0.154297 0.154297
1 0.432617 0.859375 0.205078 0.195312
1 0.372070 0.409180 0.189453 0.248047
1 0.145508 0.825195 0.220703 0.158203
1 0.352539 0.159180 0.236328 0.150391
1 0.706055 0.250977 0.189453 0.189453
1 0.668945 0.851562 0.146484 0.246094
1 0.872070 0.836914 0.181641 0.251953