0 0.391016 0.064583 0.014844 0.045833
0 0.732031 0.810417 0.014063 0.045833
0 0.331250 0.665278 0.025000 0.050000
0 0.350000 0.578472 0.025000 0.029167
0 0.272656 0.876389 0.025000 0.033333
0 0.947266 0.177778 0.017969 0.047222
0 0.275781 0.337500 0.028125 0.033333
0 0.275000 0.172917 0.025000 0.029167
0 0.600391 0.079861 0.024219 0.040278
0 0.906250 0.747917 0.025000 0.031944
0 0.563672 0.627083 0.024219 0.043056
0 0.033984 0.651389 0.022656 0.041667
0 0.880859 0.282639 0.014844 0.031944
0 0.103125 0.813194 0.020313 0.031944
0 0.472656 0.936111 0.026562 0.030556
0 0.308203 0.046528 0.014844 0.048611
0 0.289062 0.942361 0.023438 0.043056
0 0.882812 0.937500 0.014063 0.030556
0 0.524609 0.283333 0.027344 0.025000
0 0.653906 0.827778 0.017188 0.025000
0 0.054688 0.224306 0.023438 0.048611
0 0.952344 0.777083 0.014063 0.034722
0 0.055469 0.776389 0.028125 0.030556
0 0.415625 0.066667 0.018750 0.027778
0 0.582812 0.234722 0.021875 0.044444
0 0.817969 0.788889 0.020313 0.033333
0 0.584375 0.461806 0.017188 0.034722
0 0.416797 0.955556 0.014844 0.027778
0 0.584375 0.871528 0.021875 0.040278
0 0.700781 0.930556 0.026562 0.038889
0 0.224609 0.954167 0.024219 0.038889
0 0.647266 0.741667 0.016406 0.025000
0 0.234375 0.038889 0.014063 0.030556
0 0.845703 0.668750 0.025781 0.031944
0 0.121484 0.099306 0.022656 0.048611
0 0.712109 0.073611 0.025781 0.047222
0 0.131641 0.941667 0.014844 0.027778
0 0.891797 0.869444 0.025781 0.041667
0 0.113281 0.950694 0.014063 0.040278
0 0.791797 0.038889 0.021094 0.025000
0 0.683203 0.222222 0.022656 0.047222
0 0.965625 0.062500 0.018750 0.038889
0 0.662891 0.787500 0.021094 0.033333
0 0.884766 0.239583 0.014844 0.029167
0 0.798438 0.683333 0.014063 0.047222
0 0.079297 0.040278 0.024219 0.027778
0 0.152734 0.056944 0.021094 0.044444
0 0.958203 0.322222 0.017969 0.047222
0 0.835938 0.096528 0.015625 0.026389
0 0.289062 0.232639 0.018750 0.040278
0 0.394141 0.595139 0.019531 0.037500
0 0.097656 0.675694 0.020313 0.029167
0 0.809766 0.880556 0.022656 0.041667
0 0.683984 0.297222 0.014844 0.025000
0 0.192188 0.219444 0.015625 0.050000
0 0.878125 0.168750 0.020313 0.043056
0 0.216797 0.247222 0.027344 0.025000
0 0.640234 0.303472 0.019531 0.043056
0 0.019531 0.033333 0.014063 0.027778
0 0.494922 0.111806 0.014844 0.048611
0 0.790234 0.750694 0.021094 0.031944
0 0.857812 0.054167 0.025000 0.038889
0 0.573828 0.318750 0.027344 0.037500
0 0.040625 0.850694 0.015625 0.031944
0 0.332422 0.868750 0.025781 0.040278
0 0.589844 0.579861 0.020313 0.034722
0 0.967187 0.726389 0.025000 0.044444
0 0.186719 0.136111 0.026562 0.025000
0 0.446094 0.584028 0.017188 0.026389
0 0.484766 0.611806 0.027344 0.031944
0 0.051172 0.043056 0.024219 0.041667
0 0.756250 0.890278 0.020313 0.041667
0 0.610547 0.885417 0.014844 0.048611
0 0.948438 0.821528 0.014063 0.029167
0 0.780469 0.346528 0.017188 0.040278
0 0.930469 0.286806 0.014063 0.037500
0 0.076563 0.148611 0.014063 0.041667
0 0.966016 0.540278 0.017969 0.027778
0 0.258984 0.068750 0.024219 0.031944
0 0.857812 0.891667 0.020313 0.041667
0 0.549609 0.104167 0.016406 0.033333
0 0.947266 0.668750 0.022656 0.029167
0 0.034375 0.354861 0.014063 0.034722
0 0.287109 0.804861 0.014844 0.045833
0 0.071094 0.629167 0.018750 0.044444
0 0.638281 0.870833 0.018750 0.027778
0 0.186328 0.958333 0.014844 0.027778
0 0.535547 0.229167 0.017969 0.025000
0 0.889062 0.089583 0.028125 0.040278
0 0.563672 0.033333 0.021094 0.025000
0 0.663672 0.920139 0.021094 0.040278
0 0.974219 0.450000 0.015625 0.036111
0 0.530078 0.656944 0.016406 0.041667
0 0.042188 0.143750 0.015625 0.045833
0 0.666797 0.146528 0.016406 0.029167
0 0.769922 0.103472 0.014844 0.026389
0 0.970313 0.229167 0.014063 0.047222
0 0.377344 0.493750 0.028125 0.037500
0 0.527734 0.804167 0.022656 0.025000
0 0.684375 0.050000 0.015625 0.044444
0 0.032422 0.554167 0.016406 0.036111
0 0.551172 0.895139 0.025781 0.026389
0 0.767578 0.723611 0.014844 0.041667
0 0.909766 0.191667 0.019531 0.047222
0 0.973828 0.788889 0.019531 0.033333
0 0.914844 0.945833 0.017188 0.027778
0 0.382031 0.936806 0.028125 0.045833
0 0.356641 0.140278 0.022656 0.027778
0 0.600781 0.148611 0.025000 0.050000
1 0.204687 0.734722 0.095312 0.236111
1 0.477734 0.441667 0.144531 0.216667
1 0.666406 0.526389 0.114062 0.283333
1 0.860156 0.529861 0.164062 0.198611
1 0.112891 0.406944 0.128906 0.272222
1 0.420703 0.762500 0.141406 0.205556
1 0.793750 0.221528 0.123438 0.193056