0 0.376953 0.529167 0.027344 0.050000
0 0.505469 0.563889 0.025000 0.033333
0 0.463672 0.579167 0.019531 0.044444
0 0.778906 0.158333 0.015625 0.036111
0 0.175000 0.684028 0.023438 0.048611
0 0.485156 0.142361 0.026562 0.040278
0 0.975391 0.849306 0.019531 0.048611
0 0.219141 0.209722 0.024219 0.036111
0 0.367969 0.472917 0.017188 0.034722
0 0.968359 0.493056 0.016406 0.033333
0 0.473828 0.629861 0.016406 0.034722
0 0.451172 0.512500 0.027344 0.047222
0 0.671484 0.659722 0.014844 0.044444
0 0.195703 0.324306 0.014844 0.037500
0 0.270703 0.188194 0.024219 0.034722
0 0.076563 0.045833 0.026562 0.041667
0 0.080469 0.683333 0.023438 0.025000
0 0.951562 0.229167 0.018750 0.041667
0 0.360938 0.368056 0.026562 0.025000
0 0.587109 0.570833 0.017969 0.041667
0 0.603125 0.825000 0.023438 0.025000
0 0.493750 0.086806 0.015625 0.026389
0 0.515234 0.240278 0.019531 0.044444
0 0.931641 0.764583 0.014844 0.031944
0 0.323047 0.061806 0.019531 0.029167
0 0.053125 0.843750 0.028125 0.045833
0 0.667969 0.855556 0.017188 0.050000
0 0.312109 0.720139 0.019531 0.040278
0 0.564063 0.058333 0.018750 0.044444
0 0.635938 0.837500 0.023438 0.030556
0 0.831641 0.773611 0.014844 0.036111
0 0.680469 0.800000 0.023438 0.033333
0 0.704688 0.847222 0.023438 0.033333
0 0.798828 0.797222 0.022656 0.044444
0 0.920312 0.832639 0.028125 0.043056
0 0.545312 0.477083 0.023438 0.045833
0 0.896484 0.326389 0.021094 0.030556
0 0.843750 0.165972 0.017188 0.037500
0 0.771484 0.327083 0.016406 0.048611
0 0.316016 0.659722 0.025781 0.047222
0 0.357422 0.884722 0.014844 0.047222
0 0.464453 0.395833 0.021094 0.027778
0 0.924219 0.057639 0.018750 0.029167
0 0.802344 0.230556 0.025000 0.027778
0 0.633594 0.729167 0.014063 0.041667
0 0.846094 0.376389 0.023438 0.025000
0 0.255078 0.697222 0.017969 0.025000
0 0.774219 0.938194 0.021875 0.029167
0 0.789844 0.079167 0.015625 0.050000
0 0.437109 0.432639 0.027344 0.031944
0 0.742578 0.711111 0.016406 0.038889
0 0.029687 0.206944 0.017188 0.033333
0 0.833594 0.098611 0.028125 0.041667
0 0.524219 0.138194 0.017188 0.040278
0 0.230859 0.041667 0.024219 0.036111
0 0.860938 0.274306 0.015625 0.045833
0 0.114844 0.750694 0.021875 0.045833
0 0.604297 0.920139 0.022656 0.048611
0 0.790625 0.563889 0.028125 0.047222
0 0.101172 0.950000 0.021094 0.038889
0 0.572266 0.842361 0.024219 0.031944
0 0.539453 0.205556 0.019531 0.036111
0 0.930859 0.391667 0.017969 0.030556
0 0.039453 0.345833 0.014844 0.027778
0 0.175391 0.345139 0.016406 0.031944
0 0.089453 0.813889 0.027344 0.047222
0 0.964063 0.363194 0.018750 0.043056
0 0.589063 0.637500 0.023438 0.033333
0 0.795312 0.755556 0.020313 0.025000
0 0.594531 0.406944 0.021875 0.044444
0 0.126172 0.054861 0.016406 0.040278
0 0.549219 0.115278 0.020313 0.044444
0 0.105859 0.357639 0.017969 0.034722
0 0.972266 0.574306 0.024219 0.040278
0 0.603125 0.712500 0.028125 0.027778
0 0.493750 0.354167 0.025000 0.050000
0 0.558203 0.710417 0.016406 0.040278
0 0.184375 0.272222 0.020313 0.044444
0 0.458203 0.264583 0.014844 0.034722
0 0.371875 0.243750 0.014063 0.048611
0 0.040625 0.900694 0.025000 0.029167
0 0.450781 0.342361 0.028125 0.031944
0 0.235937 0.128472 0.021875 0.043056
0 0.440234 0.211806 0.022656 0.043056
0 0.765625 0.806250 0.021875 0.029167
0 0.886328 0.129861 0.027344 0.048611
0 0.371875 0.195139 0.014063 0.031944
0 0.534375 0.592361 0.017188 0.040278
0 0.398828 0.114583 0.024219 0.026389
0 0.546875 0.904167 0.021875 0.030556
0 0.545312 0.787500 0.023438 0.025000
0 0.878906 0.897222 0.014063 0.044444
0 0.070703 0.758333 0.025781 0.030556
1 0.701172 0.505556 0.117969 0.230556
1 0.449609 0.811111 0.155469 0.291667
1 0.216016 0.858333 0.138281 0.177778
1 0.103125 0.203472 0.118750 0.237500
1 0.283203 0.477083 0.119531 0.226389
1 0.650781 0.205556 0.121875 0.300000
1 0.873437 0.599306 0.118750 0.256944