0 0.619141 0.356445 0.035156 0.041016
0 0.197266 0.431641 0.035156 0.046875
0 0.367188 0.798828 0.031250 0.050781
0 0.408203 0.066406 0.058594 0.035156
0 0.700195 0.122070 0.052734 0.033203
0 0.082031 0.310547 0.031250 0.046875
0 0.332031 0.110352 0.039062 0.033203
0 0.339844 0.391602 0.039062 0.052734
0 0.351562 0.949219 0.050781 0.042969
0 0.737305 0.509766 0.052734 0.039062
0 0.633789 0.616211 0.033203 0.044922
0 0.188477 0.558594 0.033203 0.054688
0 0.893555 0.705078 0.052734 0.042969
0 0.838867 0.794922 0.052734 0.058594
0 0.359375 0.294922 0.042969 0.039062
0 0.265625 0.501953 0.042969 0.054688
0 0.144531 0.049805 0.039062 0.048828
0 0.255859 0.429688 0.031250 0.046875
0 0.295898 0.600586 0.033203 0.048828
0 0.946289 0.833984 0.044922 0.042969
0 0.166992 0.370117 0.056641 0.044922
0 0.489258 0.118164 0.048828 0.048828
0 0.956055 0.713867 0.037109 0.052734
0 0.577148 0.685547 0.033203 0.035156
0 0.499023 0.054688 0.041016 0.058594
0 0.762695 0.040039 0.052734 0.048828
0 0.752930 0.656250 0.041016 0.054688
0 0.575195 0.078125 0.041016 0.046875
0 0.090820 0.914062 0.044922 0.039062
0 0.858398 0.883789 0.056641 0.041016
0 0.750977 0.888672 0.037109 0.058594
0 0.375977 0.198242 0.056641 0.056641
0 0.065430 0.380859 0.041016 0.039062
0 0.209961 0.958008 0.037109 0.044922
0 0.769531 0.260742 0.054688 0.048828
0 0.631836 0.673828 0.052734 0.042969
0 0.791992 0.709961 0.056641 0.037109
0 0.083984 0.463867 0.058594 0.048828
0 0.446289 0.274414 0.037109 0.048828
0 0.377930 0.723633 0.048828 0.048828
0 0.755859 0.411133 0.058594 0.037109
0 0.338867 0.451172 0.037109 0.046875
0 0.218750 0.054688 0.042969 0.050781
0 0.317383 0.732422 0.033203 0.039062
0 0.622070 0.533203 0.044922 0.031250
0 0.443359 0.953125 0.042969 0.031250
1 0.203125 0.221680 0.195312 0.197266
1 0.145508 0.736328 0.251953 0.250000
1 0.608398 0.849609 0.212891 0.246094
1 0.585938 0.238281 0.214844 0.167969
1 0.877930 0.446289 0.162109 0.271484
1 0.900391 0.171875 0.160156 0.203125
1 0.486328 0.524414 0.207031 0.255859