0 0.280273 0.333008 0.056641 0.048828
0 0.053711 0.235352 0.037109 0.037109
0 0.427734 0.606445 0.054688 0.037109
0 0.286133 0.696289 0.044922 0.056641
0 0.458008 0.867188 0.048828 0.046875
0 0.261719 0.620117 0.054688 0.052734
0 0.630859 0.695312 0.035156 0.031250
0 0.099609 0.765625 0.054688 0.050781
0 0.340820 0.166992 0.048828 0.056641
0 0.583008 0.046875 0.044922 0.046875
0 0.548828 0.585938 0.042969 0.031250
0 0.736328 0.900391 0.042969 0.031250
0 0.781250 0.086914 0.042969 0.044922
0 0.212891 0.066406 0.058594 0.050781
0 0.171875 0.669922 0.035156 0.046875
0 0.289062 0.478516 0.046875 0.058594
0 0.877930 0.350586 0.048828 0.033203
0 0.208008 0.790039 0.056641 0.033203
0 0.167969 0.149414 0.050781 0.052734
0 0.374023 0.257812 0.044922 0.050781
0 0.942383 0.410156 0.037109 0.058594
0 0.523438 0.828125 0.050781 0.058594
0 0.773438 0.959961 0.046875 0.033203
0 0.627930 0.463867 0.041016 0.056641
0 0.394531 0.160156 0.042969 0.035156
0 0.666016 0.057617 0.054688 0.044922
0 0.947266 0.520508 0.031250 0.056641
0 0.083984 0.632812 0.042969 0.042969
0 0.381836 0.933594 0.037109 0.058594
0 0.039062 0.421875 0.039062 0.039062
0 0.326172 0.921875 0.058594 0.042969
0 0.245117 0.189453 0.052734 0.035156
0 0.606445 0.606445 0.033203 0.056641
0 0.134766 0.231445 0.050781 0.041016
0 0.636719 0.546875 0.058594 0.031250
1 0.804688 0.778320 0.230469 0.146484
1 0.161133 0.416016 0.162109 0.246094
1 0.622070 0.234375 0.271484 0.187500
1 0.410156 0.755859 0.156250 0.160156
1 0.470703 0.458984 0.257812 0.195312
1 0.781250 0.518555 0.210938 0.267578
1 0.899414 0.200195 0.169922 0.220703
1 0.171875 0.898438 0.203125 0.160156