0 0.553906 0.063889 0.028125 0.041667
0 0.313281 0.812500 0.023438 0.047222
0 0.309766 0.477083 0.025781 0.040278
0 0.440625 0.593056 0.028125 0.044444
0 0.099219 0.197917 0.025000 0.048611
0 0.081250 0.256250 0.023438 0.048611
0 0.131250 0.800000 0.018750 0.038889
0 0.815234 0.193056 0.016406 0.025000
0 0.701172 0.177083 0.022656 0.040278
0 0.121484 0.089583 0.014844 0.031944
0 0.593750 0.147222 0.014063 0.038889
0 0.809766 0.040972 0.019531 0.031944
0 0.901953 0.184722 0.024219 0.025000
0 0.585156 0.214583 0.017188 0.029167
0 0.559375 0.815972 0.020313 0.026389
0 0.213281 0.352778 0.015625 0.033333
0 0.946875 0.231944 0.014063 0.027778
0 0.817187 0.095139 0.020313 0.034722
0 0.431641 0.918750 0.025781 0.031944
0 0.298047 0.341667 0.014844 0.025000
0 0.401953 0.064583 0.017969 0.034722
0 0.882422 0.283333 0.017969 0.044444
0 0.723437 0.099306 0.015625 0.026389
0 0.078906 0.503472 0.025000 0.034722
0 0.224219 0.429167 0.023438 0.027778
0 0.971484 0.892361 0.017969 0.040278
0 0.648828 0.284722 0.016406 0.027778
0 0.380078 0.037500 0.016406 0.036111
0 0.366406 0.113889 0.028125 0.025000
0 0.852344 0.275694 0.025000 0.045833
0 0.537109 0.419444 0.019531 0.044444
0 0.826953 0.623611 0.022656 0.030556
0 0.021484 0.813889 0.021094 0.044444
0 0.953906 0.302778 0.014063 0.050000
0 0.594141 0.350694 0.027344 0.048611
0 0.101172 0.366667 0.019531 0.050000
0 0.480469 0.595139 0.028125 0.026389
0 0.274219 0.643750 0.018750 0.034722
0 0.521875 0.512500 0.020313 0.038889
0 0.576562 0.572222 0.014063 0.038889
0 0.743359 0.927778 0.019531 0.033333
0 0.064453 0.324306 0.021094 0.037500
0 0.076953 0.942361 0.027344 0.026389
0 0.796094 0.281944 0.015625 0.027778
0 0.132812 0.287500 0.014063 0.033333
0 0.357031 0.789583 0.020313 0.034722
0 0.839453 0.215278 0.025781 0.027778
0 0.577344 0.679167 0.026562 0.038889
0 0.572266 0.937500 0.014844 0.050000
0 0.948438 0.088194 0.026562 0.040278
0 0.298438 0.952083 0.017188 0.029167
0 0.327734 0.672222 0.016406 0.033333
0 0.088672 0.462500 0.024219 0.030556
0 0.564063 0.414583 0.025000 0.031944
0 0.301172 0.761806 0.022656 0.029167
0 0.940234 0.045833 0.014844 0.027778
0 0.819922 0.151389 0.022656 0.038889
0 0.683594 0.090972 0.020313 0.048611
0 0.126562 0.939583 0.023438 0.045833
0 0.145313 0.851389 0.020313 0.050000
0 0.656641 0.934722 0.017969 0.038889
0 0.398828 0.572917 0.016406 0.045833
0 0.030859 0.537500 0.016406 0.025000
0 0.955469 0.629167 0.021875 0.030556
0 0.482812 0.545833 0.028125 0.041667
0 0.333203 0.929861 0.019531 0.037500
0 0.715625 0.944444 0.026562 0.036111
0 0.667578 0.183333 0.017969 0.041667
0 0.183984 0.370139 0.014844 0.037500
0 0.752344 0.252778 0.020313 0.044444
0 0.604688 0.689583 0.014063 0.026389
0 0.679297 0.234722 0.027344 0.025000
0 0.576172 0.763889 0.022656 0.033333
0 0.470703 0.045833 0.021094 0.030556
0 0.312891 0.383333 0.024219 0.041667
0 0.461328 0.895833 0.022656 0.036111
0 0.029297 0.114583 0.024219 0.048611
0 0.055859 0.256250 0.019531 0.034722
0 0.587500 0.277778 0.026562 0.027778
0 0.880469 0.692361 0.015625 0.031944
0 0.972656 0.830556 0.014063 0.033333
0 0.610547 0.771528 0.027344 0.029167
0 0.746094 0.091667 0.021875 0.041667
0 0.320312 0.056250 0.015625 0.029167
0 0.417187 0.514583 0.023438 0.043056
0 0.597656 0.611111 0.014063 0.030556
0 0.318359 0.584028 0.022656 0.043056
0 0.503125 0.093056 0.020313 0.033333
0 0.025781 0.426389 0.018750 0.030556
0 0.128906 0.462500 0.020313 0.030556
0 0.039062 0.168056 0.023438 0.036111
0 0.354297 0.555556 0.027344 0.025000
0 0.307812 0.638194 0.014063 0.029167
0 0.063672 0.631944 0.016406 0.033333
0 0.619531 0.915972 0.017188 0.026389
0 0.468359 0.138194 0.024219 0.048611
1 0.720703 0.747222 0.169531 0.275000
1 0.440234 0.332639 0.160156 0.301389
1 0.225391 0.815972 0.102344 0.223611
1 0.693359 0.442361 0.133594 0.262500
1 0.201172 0.570833 0.114844 0.166667
1 0.215625 0.175694 0.135937 0.215278
1 0.477734 0.774306 0.114844 0.190278