0 0.098437 0.198611 0.018750 0.050000
0 0.367969 0.152778 0.014063 0.044444
0 0.864062 0.350000 0.015625 0.025000
0 0.923438 0.479167 0.020313 0.050000
0 0.937891 0.178472 0.024219 0.037500
0 0.530859 0.900000 0.022656 0.038889
0 0.493750 0.264583 0.025000 0.048611
0 0.578516 0.905556 0.016406 0.050000
0 0.321875 0.815278 0.028125 0.030556
0 0.289453 0.834722 0.024219 0.036111
0 0.311328 0.208333 0.019531 0.025000
0 0.018359 0.377778 0.017969 0.050000
0 0.113281 0.699306 0.023438 0.040278
0 0.063672 0.682639 0.022656 0.045833
0 0.515625 0.713889 0.015625 0.025000
0 0.971094 0.699306 0.021875 0.048611
0 0.343750 0.889583 0.023438 0.040278
0 0.188672 0.255556 0.021094 0.044444
0 0.087891 0.569444 0.021094 0.038889
0 0.334375 0.720833 0.018750 0.030556
0 0.588281 0.835417 0.018750 0.045833
0 0.172656 0.132639 0.020313 0.029167
0 0.103125 0.086111 0.025000 0.025000
0 0.139063 0.061111 0.028125 0.038889
0 0.874219 0.496528 0.025000 0.029167
0 0.404687 0.634028 0.017188 0.045833
0 0.662109 0.046528 0.024219 0.040278
0 0.713281 0.593056 0.023438 0.047222
0 0.458984 0.871528 0.021094 0.040278
0 0.472266 0.200000 0.022656 0.036111
0 0.054297 0.773611 0.016406 0.027778
0 0.392969 0.127083 0.026562 0.031944
0 0.919141 0.418056 0.022656 0.038889
0 0.972266 0.220833 0.014844 0.030556
0 0.503906 0.316667 0.023438 0.036111
0 0.198828 0.044444 0.016406 0.027778
0 0.589063 0.077778 0.020313 0.050000
0 0.617578 0.818056 0.021094 0.036111
0 0.958594 0.849306 0.018750 0.043056
0 0.775781 0.431944 0.021875 0.050000
0 0.911719 0.081944 0.026562 0.044444
0 0.773438 0.654167 0.028125 0.038889
0 0.962109 0.593750 0.019531 0.026389
0 0.265234 0.599306 0.019531 0.026389
0 0.849219 0.945833 0.025000 0.044444
0 0.805078 0.815278 0.014844 0.050000
0 0.289844 0.950000 0.028125 0.044444
0 0.269141 0.127778 0.024219 0.033333
0 0.375781 0.928472 0.023438 0.026389
0 0.403906 0.086111 0.020313 0.036111
0 0.722656 0.960417 0.026562 0.034722
0 0.238281 0.254167 0.025000 0.030556
0 0.439453 0.245139 0.021094 0.040278
0 0.266016 0.517361 0.017969 0.048611
0 0.405469 0.792361 0.015625 0.026389
0 0.187891 0.084722 0.017969 0.025000
0 0.284375 0.044444 0.020313 0.044444
0 0.941016 0.611806 0.016406 0.034722
0 0.032422 0.661111 0.027344 0.025000
0 0.119922 0.329167 0.014844 0.047222
0 0.608594 0.920139 0.021875 0.034722
0 0.361719 0.829861 0.028125 0.043056
0 0.216406 0.204861 0.020313 0.048611
0 0.880078 0.206944 0.014844 0.030556
0 0.341797 0.184028 0.027344 0.048611
0 0.966406 0.455556 0.025000 0.030556
0 0.431250 0.916667 0.014063 0.033333
0 0.414844 0.685417 0.023438 0.045833
0 0.654687 0.133333 0.014063 0.033333
0 0.809766 0.359028 0.014844 0.037500
0 0.553125 0.815972 0.021875 0.029167
0 0.750000 0.578472 0.017188 0.029167
0 0.166406 0.328472 0.017188 0.029167
0 0.819531 0.451389 0.023438 0.027778
0 0.850781 0.609028 0.014063 0.043056
0 0.576562 0.195833 0.028125 0.038889
0 0.336719 0.620139 0.026562 0.043056
0 0.961328 0.952778 0.017969 0.044444
0 0.625391 0.094444 0.025781 0.047222
0 0.906641 0.531944 0.024219 0.025000
0 0.546094 0.132639 0.023438 0.031944
0 0.486719 0.668056 0.017188 0.025000
0 0.108984 0.469444 0.014844 0.030556
0 0.856641 0.397917 0.021094 0.045833
1 0.361719 0.372917 0.093750 0.168056
1 0.189844 0.734722 0.115625 0.277778
1 0.648047 0.345139 0.099219 0.262500
1 0.878906 0.757639 0.106250 0.198611
1 0.794922 0.203472 0.124219 0.204167
1 0.189453 0.471528 0.103906 0.179167
1 0.712500 0.795833 0.159375 0.186111