0 0.462109 0.190278 0.014844 0.033333
0 0.132812 0.554861 0.025000 0.043056
0 0.299219 0.738889 0.026562 0.041667
0 0.527344 0.834028 0.021875 0.048611
0 0.915625 0.402778 0.028125 0.041667
0 0.304688 0.138194 0.021875 0.045833
0 0.075000 0.863889 0.021875 0.036111
0 0.641797 0.649306 0.019531 0.034722
0 0.933594 0.812500 0.014063 0.041667
0 0.632031 0.567361 0.023438 0.034722
0 0.819141 0.913194 0.027344 0.031944
0 0.961719 0.495833 0.028125 0.041667
0 0.315625 0.225000 0.017188 0.025000
0 0.944531 0.123611 0.020313 0.038889
0 0.163281 0.059722 0.021875 0.033333
0 0.823438 0.450000 0.018750 0.038889
0 0.305078 0.827083 0.024219 0.037500
0 0.711719 0.619444 0.020313 0.036111
0 0.073828 0.415972 0.014844 0.040278
0 0.499219 0.788889 0.025000 0.027778
0 0.414844 0.367361 0.018750 0.043056
0 0.969922 0.705556 0.014844 0.050000
0 0.533594 0.140278 0.017188 0.025000
0 0.329688 0.425000 0.021875 0.030556
0 0.624219 0.936806 0.025000 0.048611
0 0.668750 0.760417 0.018750 0.040278
0 0.245312 0.334722 0.025000 0.027778
0 0.082422 0.504861 0.022656 0.026389
0 0.866016 0.883333 0.021094 0.027778
0 0.115625 0.490972 0.028125 0.040278
0 0.494531 0.897222 0.023438 0.030556
0 0.942969 0.870139 0.025000 0.031944
0 0.594141 0.134722 0.019531 0.041667
0 0.616797 0.829861 0.021094 0.031944
0 0.105469 0.065278 0.021875 0.030556
0 0.923047 0.720139 0.025781 0.026389
0 0.059375 0.590278 0.018750 0.041667
0 0.580859 0.871528 0.016406 0.045833
0 0.130859 0.646528 0.027344 0.048611
0 0.460547 0.083333 0.017969 0.036111
0 0.026562 0.604861 0.025000 0.026389
0 0.673438 0.845833 0.025000 0.030556
0 0.833203 0.646528 0.024219 0.029167
0 0.428125 0.738194 0.025000 0.040278
0 0.590625 0.744444 0.025000 0.025000
0 0.451172 0.626389 0.021094 0.030556
0 0.875781 0.559722 0.021875 0.027778
0 0.414453 0.947917 0.019531 0.031944
0 0.561719 0.788889 0.020313 0.044444
0 0.704297 0.872222 0.021094 0.041667
0 0.566016 0.068056 0.016406 0.036111
0 0.928906 0.637500 0.015625 0.033333
0 0.778516 0.888889 0.027344 0.038889
0 0.220312 0.065278 0.020313 0.025000
0 0.834375 0.518056 0.023438 0.033333
0 0.512109 0.039583 0.025781 0.031944
0 0.050000 0.653472 0.021875 0.040278
0 0.384375 0.777778 0.015625 0.027778
0 0.058594 0.077083 0.025000 0.048611
0 0.458203 0.040278 0.017969 0.025000
0 0.285156 0.240278 0.025000 0.038889
0 0.653125 0.714583 0.025000 0.034722
0 0.839453 0.606944 0.025781 0.025000
0 0.460547 0.797222 0.016406 0.033333
0 0.977344 0.277083 0.015625 0.040278
0 0.421875 0.493056 0.017188 0.036111
0 0.960547 0.934722 0.021094 0.041667
0 0.948438 0.337500 0.028125 0.027778
0 0.042188 0.468750 0.026562 0.026389
0 0.096484 0.120139 0.017969 0.031944
0 0.334375 0.945139 0.017188 0.037500
0 0.588281 0.805556 0.014063 0.027778
0 0.782031 0.428472 0.025000 0.029167
0 0.904297 0.945139 0.027344 0.037500
0 0.032813 0.136111 0.025000 0.041667
0 0.375781 0.953472 0.015625 0.026389
0 0.483203 0.200694 0.021094 0.048611
0 0.291016 0.404861 0.022656 0.040278
0 0.750391 0.599306 0.021094 0.034722
0 0.891016 0.892361 0.017969 0.043056
0 0.921484 0.145139 0.017969 0.031944
0 0.401562 0.434028 0.015625 0.045833
0 0.971094 0.636111 0.017188 0.025000
0 0.289062 0.032639 0.028125 0.031944
0 0.431250 0.865278 0.028125 0.038889
0 0.245703 0.154167 0.024219 0.027778
0 0.419922 0.911111 0.021094 0.030556
0 0.307812 0.291667 0.018750 0.050000
0 0.367188 0.831250 0.023438 0.034722
0 0.317188 0.870139 0.014063 0.026389
0 0.245703 0.284028 0.024219 0.040278
0 0.784375 0.070833 0.026562 0.030556
0 0.257422 0.386111 0.024219 0.025000
0 0.710156 0.676389 0.020313 0.025000
0 0.716406 0.819444 0.017188 0.050000
0 0.703516 0.952083 0.022656 0.026389
1 0.838281 0.290278 0.110937 0.225000
1 0.541406 0.559028 0.145313 0.254167
1 0.137109 0.275000 0.171094 0.197222
1 0.696094 0.422917 0.135937 0.231944
1 0.341016 0.619444 0.094531 0.172222
1 0.210938 0.589583 0.104688 0.248611
1 0.825000 0.755556 0.156250 0.169444
1 0.380859 0.180556 0.097656 0.247222
1 0.688672 0.179861 0.135156 0.187500