0 0.214844 0.444444 0.021875 0.030556
0 0.085547 0.425000 0.022656 0.044444
0 0.167187 0.045833 0.015625 0.050000
0 0.344141 0.206250 0.025781 0.026389
0 0.915234 0.372222 0.016406 0.044444
0 0.346875 0.093750 0.023438 0.029167
0 0.930078 0.615278 0.022656 0.030556
0 0.927734 0.095833 0.014844 0.050000
0 0.134375 0.659722 0.021875 0.050000
0 0.947656 0.206250 0.020313 0.040278
0 0.623828 0.913889 0.017969 0.047222
0 0.026172 0.606944 0.019531 0.050000
0 0.696094 0.952083 0.023438 0.031944
0 0.358984 0.597222 0.022656 0.025000
0 0.242578 0.051389 0.022656 0.038889
0 0.329297 0.597917 0.025781 0.043056
0 0.548828 0.647917 0.021094 0.031944
0 0.729688 0.427083 0.023438 0.037500
0 0.383203 0.092361 0.021094 0.034722
0 0.063281 0.547222 0.023438 0.027778
0 0.396484 0.347917 0.019531 0.029167
0 0.653125 0.369444 0.015625 0.025000
0 0.413672 0.129167 0.019531 0.030556
0 0.511328 0.903472 0.025781 0.034722
0 0.258984 0.901389 0.025781 0.044444
0 0.118359 0.438194 0.016406 0.048611
0 0.641797 0.802778 0.024219 0.030556
0 0.035937 0.737500 0.028125 0.050000
0 0.183594 0.398611 0.028125 0.030556
0 0.448047 0.173611 0.022656 0.050000
0 0.296484 0.479167 0.017969 0.027778
0 0.441406 0.892361 0.018750 0.029167
0 0.040625 0.803472 0.028125 0.026389
0 0.654687 0.417361 0.025000 0.043056
0 0.392578 0.843750 0.014844 0.031944
0 0.296094 0.536806 0.025000 0.040278
0 0.310547 0.306944 0.016406 0.050000
0 0.275391 0.602083 0.022656 0.029167
0 0.646484 0.097222 0.016406 0.041667
0 0.217188 0.351389 0.025000 0.047222
0 0.249219 0.306944 0.025000 0.050000
0 0.935937 0.318056 0.028125 0.036111
0 0.364844 0.561111 0.014063 0.025000
0 0.232422 0.127083 0.014844 0.040278
0 0.596875 0.596528 0.020313 0.031944
0 0.035937 0.906944 0.023438 0.033333
0 0.255859 0.958333 0.025781 0.041667
0 0.976953 0.675694 0.014844 0.043056
0 0.356250 0.929861 0.026562 0.045833
0 0.171484 0.945833 0.016406 0.044444
0 0.595313 0.888889 0.015625 0.050000
0 0.318359 0.884028 0.016406 0.029167
0 0.617578 0.720833 0.019531 0.044444
0 0.101953 0.534722 0.016406 0.047222
0 0.317969 0.162500 0.023438 0.038889
0 0.660547 0.186111 0.021094 0.041667
0 0.350781 0.361111 0.020313 0.041667
0 0.166016 0.481944 0.024219 0.038889
0 0.358984 0.261806 0.016406 0.026389
0 0.295703 0.035417 0.017969 0.034722
0 0.023438 0.444444 0.017188 0.033333
0 0.347266 0.700694 0.024219 0.029167
0 0.046484 0.084028 0.016406 0.037500
0 0.060156 0.403472 0.021875 0.034722
0 0.321094 0.257639 0.017188 0.029167
0 0.921484 0.464583 0.025781 0.040278
0 0.189844 0.882639 0.018750 0.029167
0 0.448437 0.311806 0.018750 0.034722
0 0.593750 0.766667 0.020313 0.041667
0 0.890234 0.523611 0.017969 0.036111
0 0.210156 0.272222 0.017188 0.025000
0 0.949219 0.152778 0.017188 0.047222
0 0.442578 0.038889 0.024219 0.033333
0 0.550391 0.561111 0.017969 0.044444
0 0.614844 0.465278 0.028125 0.047222
0 0.065234 0.670833 0.017969 0.038889
0 0.235156 0.498611 0.025000 0.030556
0 0.376563 0.683333 0.015625 0.050000
0 0.060937 0.455556 0.014063 0.050000
0 0.497656 0.441667 0.021875 0.047222
0 0.263672 0.250000 0.024219 0.041667
0 0.412891 0.231250 0.025781 0.037500
0 0.265234 0.140278 0.024219 0.038889
0 0.391016 0.052083 0.016406 0.034722
0 0.367188 0.461111 0.020313 0.025000
0 0.765234 0.381250 0.019531 0.043056
0 0.978125 0.157639 0.021875 0.026389
0 0.726953 0.948611 0.027344 0.050000
0 0.339453 0.307639 0.014844 0.040278
0 0.333984 0.763889 0.017969 0.025000
0 0.204297 0.121528 0.016406 0.034722
0 0.146484 0.792361 0.017969 0.045833
0 0.978516 0.930556 0.021094 0.036111
0 0.917188 0.711111 0.023438 0.025000
0 0.241016 0.555556 0.022656 0.047222
0 0.123828 0.588889 0.016406 0.041667
0 0.834766 0.561806 0.014844 0.037500
0 0.868750 0.043056 0.017188 0.033333
0 0.265234 0.559722 0.016406 0.036111
0 0.179297 0.254167 0.024219 0.027778
0 0.975391 0.533333 0.027344 0.047222
0 0.332422 0.484722 0.014844 0.025000
0 0.278125 0.308333 0.018750 0.025000
0 0.851562 0.484722 0.015625 0.038889
0 0.952734 0.375694 0.019531 0.045833
0 0.549609 0.790278 0.027344 0.044444
1 0.711719 0.574306 0.153125 0.190278
1 0.087109 0.244444 0.121094 0.211111
1 0.464062 0.629167 0.132812 0.302778
1 0.553516 0.210417 0.152344 0.304167
1 0.242578 0.740972 0.127344 0.231944
1 0.831250 0.843750 0.162500 0.209722
1 0.751563 0.184722 0.098437 0.272222