0 0.075000 0.113194 0.020313 0.045833
0 0.128516 0.740972 0.024219 0.040278
0 0.876172 0.837500 0.021094 0.027778
0 0.897656 0.193750 0.023438 0.037500
0 0.028516 0.906250 0.024219 0.043056
0 0.180469 0.861806 0.017188 0.040278
0 0.894141 0.402083 0.017969 0.031944
0 0.121484 0.336806 0.024219 0.045833
0 0.701562 0.071528 0.026562 0.040278
0 0.233203 0.840278 0.025781 0.038889
0 0.210156 0.148611 0.014063 0.030556
0 0.451953 0.613889 0.027344 0.027778
0 0.898828 0.058333 0.022656 0.047222
0 0.756250 0.838889 0.021875 0.030556
0 0.157031 0.248611 0.017188 0.050000
0 0.956250 0.062500 0.023438 0.050000
0 0.456250 0.695833 0.017188 0.047222
0 0.742188 0.915972 0.017188 0.048611
0 0.294141 0.495139 0.024219 0.045833
0 0.969531 0.222222 0.015625 0.030556
0 0.218750 0.913889 0.021875 0.025000
0 0.594141 0.102778 0.025781 0.033333
0 0.607031 0.586111 0.026562 0.025000
0 0.191797 0.593750 0.014844 0.043056
0 0.021875 0.229167 0.023438 0.041667
0 0.154688 0.869444 0.020313 0.044444
0 0.505078 0.511111 0.022656 0.030556
0 0.445703 0.087500 0.021094 0.041667
0 0.908203 0.306944 0.014844 0.030556
0 0.077344 0.948611 0.021875 0.038889
0 0.882422 0.442361 0.017969 0.031944
0 0.233594 0.454167 0.017188 0.033333
0 0.915625 0.773611 0.018750 0.038889
0 0.764844 0.137500 0.017188 0.047222
0 0.772266 0.052778 0.027344 0.036111
0 0.852344 0.040278 0.018750 0.033333
0 0.191797 0.452778 0.017969 0.033333
0 0.777344 0.911806 0.014063 0.048611
0 0.324219 0.418750 0.028125 0.043056
0 0.533594 0.095833 0.018750 0.025000
0 0.851172 0.951389 0.016406 0.036111
0 0.669141 0.886111 0.027344 0.025000
0 0.026562 0.690972 0.017188 0.026389
0 0.087500 0.321528 0.017188 0.048611
0 0.556641 0.481250 0.017969 0.029167
0 0.746875 0.460417 0.026562 0.026389
0 0.908203 0.956944 0.027344 0.041667
0 0.807031 0.430556 0.025000 0.036111
0 0.223828 0.780556 0.016406 0.027778
0 0.624609 0.264583 0.027344 0.043056
0 0.728906 0.301389 0.020313 0.036111
0 0.960547 0.516667 0.016406 0.047222
0 0.106250 0.956250 0.017188 0.031944
0 0.960938 0.423611 0.017188 0.033333
0 0.976953 0.597917 0.025781 0.037500
0 0.683984 0.319444 0.027344 0.047222
0 0.882422 0.359722 0.025781 0.033333
0 0.099609 0.238889 0.014844 0.041667
0 0.877344 0.259722 0.021875 0.041667
0 0.469922 0.031944 0.014844 0.030556
0 0.653906 0.211111 0.025000 0.038889
0 0.802734 0.900000 0.027344 0.036111
0 0.030469 0.806944 0.014063 0.050000
0 0.850000 0.445833 0.026562 0.030556
0 0.908203 0.863889 0.019531 0.036111
0 0.448828 0.497222 0.019531 0.044444
0 0.183203 0.156944 0.017969 0.044444
0 0.717969 0.401389 0.025000 0.036111
0 0.492188 0.911806 0.014063 0.040278
0 0.562109 0.551389 0.019531 0.038889
0 0.647266 0.932639 0.019531 0.048611
0 0.423047 0.643750 0.022656 0.037500
0 0.681250 0.225000 0.023438 0.050000
0 0.026172 0.422222 0.021094 0.041667
0 0.953516 0.881250 0.021094 0.031944
0 0.715234 0.212500 0.024219 0.044444
0 0.945312 0.321528 0.028125 0.048611
0 0.476953 0.525694 0.019531 0.040278
0 0.062891 0.729167 0.019531 0.050000
0 0.392188 0.627778 0.021875 0.025000
0 0.128125 0.895139 0.021875 0.048611
0 0.104688 0.068056 0.020313 0.041667
0 0.543359 0.049306 0.024219 0.031944
0 0.687500 0.163889 0.021875 0.036111
0 0.718750 0.855556 0.023438 0.050000
0 0.221875 0.055556 0.014063 0.044444
1 0.571094 0.737500 0.137500 0.255556
1 0.866406 0.609028 0.135937 0.212500
1 0.273828 0.643056 0.132031 0.194444
1 0.287500 0.187500 0.101562 0.288889
1 0.801562 0.258333 0.110937 0.175000
1 0.528516 0.306250 0.149219 0.276389
1 0.112500 0.536111 0.125000 0.305556
1 0.709766 0.630556 0.103906 0.244444