0 0.728516 0.468750 0.050781 0.031250
0 0.903320 0.569336 0.037109 0.056641
0 0.529297 0.250977 0.046875 0.044922
0 0.121094 0.046875 0.050781 0.039062
0 0.477539 0.742188 0.033203 0.031250
0 0.522461 0.810547 0.041016 0.035156
0 0.283203 0.408203 0.054688 0.035156
0 0.312500 0.127930 0.039062 0.037109
0 0.668945 0.886719 0.052734 0.039062
0 0.514648 0.316406 0.033203 0.058594
0 0.602539 0.892578 0.041016 0.050781
0 0.801758 0.042969 0.044922 0.035156
0 0.427734 0.791016 0.031250 0.058594
0 0.430664 0.106445 0.033203 0.056641
0 0.364258 0.842773 0.056641 0.037109
0 0.684570 0.319336 0.041016 0.041016
0 0.811523 0.674805 0.052734 0.033203
0 0.958984 0.632812 0.042969 0.058594
0 0.652344 0.463867 0.058594 0.037109
0 0.945312 0.900391 0.050781 0.031250
0 0.041016 0.585938 0.046875 0.046875
0 0.833008 0.949219 0.044922 0.050781
0 0.049805 0.134766 0.044922 0.042969
0 0.088867 0.650391 0.041016 0.054688
0 0.600586 0.079102 0.044922 0.033203
0 0.893555 0.668945 0.037109 0.041016
0 0.183594 0.060547 0.050781 0.046875
0 0.608398 0.181641 0.052734 0.035156
0 0.251953 0.041016 0.035156 0.039062
0 0.535156 0.870117 0.039062 0.037109
0 0.489258 0.039062 0.033203 0.046875
0 0.460938 0.364258 0.031250 0.052734
0 0.629883 0.263672 0.041016 0.054688
0 0.168945 0.444336 0.033203 0.044922
0 0.751953 0.948242 0.039062 0.044922
0 0.125977 0.958008 0.037109 0.044922
0 0.305664 0.036133 0.048828 0.041016
0 0.883789 0.864258 0.033203 0.056641
0 0.118164 0.426758 0.033203 0.056641
0 0.744141 0.888672 0.039062 0.031250
0 0.062500 0.526367 0.031250 0.052734
0 0.396484 0.926758 0.050781 0.033203
0 0.916016 0.791992 0.058594 0.044922
0 0.311523 0.900391 0.056641 0.035156
0 0.322266 0.699219 0.031250 0.035156
0 0.302734 0.960938 0.042969 0.039062
1 0.378906 0.248047 0.214844 0.152344
1 0.457031 0.560547 0.214844 0.273438
1 0.228516 0.559570 0.179688 0.154297
1 0.203125 0.803711 0.140625 0.240234
1 0.858398 0.369141 0.177734 0.191406
1 0.171875 0.236328 0.152344 0.238281
1 0.699219 0.770508 0.222656 0.142578
1 0.774414 0.160156 0.232422 0.167969
1 0.719727 0.576172 0.248047 0.144531