0 0.973828 0.340972 0.022656 0.029167
0 0.820703 0.944444 0.016406 0.041667
0 0.028125 0.549306 0.015625 0.045833
0 0.732812 0.322222 0.017188 0.030556
0 0.208984 0.308333 0.014844 0.041667
0 0.698438 0.384722 0.015625 0.025000
0 0.897656 0.778472 0.026562 0.048611
0 0.406250 0.205556 0.021875 0.038889
0 0.211328 0.433333 0.022656 0.041667
0 0.183594 0.044444 0.018750 0.036111
0 0.783984 0.274306 0.017969 0.031944
0 0.548438 0.275000 0.017188 0.044444
0 0.796875 0.082639 0.015625 0.026389
0 0.348438 0.567361 0.021875 0.029167
0 0.259375 0.946528 0.017188 0.043056
0 0.902734 0.348611 0.016406 0.025000
0 0.868359 0.489583 0.017969 0.045833
0 0.324219 0.693750 0.014063 0.048611
0 0.405469 0.314583 0.023438 0.037500
0 0.957812 0.161111 0.028125 0.027778
0 0.633203 0.104861 0.022656 0.037500
0 0.578516 0.888194 0.017969 0.031944
0 0.144531 0.124306 0.014063 0.026389
0 0.925391 0.623611 0.027344 0.041667
0 0.526172 0.898611 0.019531 0.033333
0 0.958984 0.118056 0.027344 0.047222
0 0.722266 0.164583 0.014844 0.029167
0 0.711328 0.877778 0.019531 0.050000
0 0.323828 0.639583 0.019531 0.037500
0 0.038672 0.179861 0.022656 0.037500
0 0.635938 0.320139 0.021875 0.048611
0 0.032813 0.076389 0.020313 0.041667
0 0.890625 0.831250 0.028125 0.034722
0 0.842187 0.518750 0.021875 0.040278
0 0.733594 0.068750 0.026562 0.048611
0 0.254297 0.115972 0.016406 0.031944
0 0.892188 0.713194 0.018750 0.045833
0 0.362891 0.367361 0.019531 0.045833
0 0.171484 0.508333 0.025781 0.033333
0 0.516016 0.122222 0.016406 0.027778
0 0.565234 0.627083 0.014844 0.037500
0 0.126172 0.864583 0.016406 0.037500
0 0.555078 0.809722 0.019531 0.036111
0 0.875781 0.218750 0.017188 0.029167
0 0.316797 0.526389 0.021094 0.038889
0 0.049609 0.875000 0.025781 0.033333
0 0.946484 0.335417 0.019531 0.043056
0 0.459375 0.921528 0.017188 0.034722
0 0.335938 0.849306 0.028125 0.037500
0 0.784375 0.503472 0.014063 0.045833
0 0.713672 0.813889 0.014844 0.044444
0 0.672266 0.870139 0.017969 0.048611
0 0.761719 0.325694 0.025000 0.048611
0 0.921094 0.094444 0.021875 0.044444
0 0.255859 0.666667 0.016406 0.033333
0 0.719141 0.242361 0.021094 0.045833
0 0.797656 0.215972 0.025000 0.029167
0 0.585938 0.234722 0.015625 0.044444
0 0.637891 0.843750 0.022656 0.048611
0 0.928125 0.161111 0.015625 0.033333
0 0.330469 0.936111 0.025000 0.050000
0 0.098828 0.915972 0.016406 0.031944
0 0.023047 0.819444 0.024219 0.030556
0 0.635547 0.513889 0.024219 0.025000
0 0.612500 0.427083 0.017188 0.045833
0 0.099219 0.138194 0.017188 0.026389
0 0.362109 0.165278 0.027344 0.027778
0 0.744922 0.542361 0.014844 0.029167
0 0.820312 0.381250 0.014063 0.031944
0 0.567187 0.731944 0.018750 0.033333
0 0.833594 0.147222 0.014063 0.030556
0 0.854688 0.923611 0.028125 0.044444
0 0.846094 0.396528 0.025000 0.029167
0 0.842969 0.876389 0.026562 0.025000
0 0.815234 0.452083 0.014844 0.026389
0 0.623047 0.367361 0.021094 0.034722
0 0.067969 0.786806 0.018750 0.040278
0 0.759375 0.455556 0.026562 0.044444
0 0.078906 0.145833 0.014063 0.038889
0 0.694531 0.302083 0.023438 0.034722
0 0.133984 0.277083 0.024219 0.031944
0 0.655469 0.242361 0.021875 0.037500
0 0.133203 0.511806 0.027344 0.029167
0 0.225781 0.500694 0.026562 0.048611
0 0.652734 0.928472 0.022656 0.026389
0 0.528125 0.603472 0.014063 0.031944
0 0.779687 0.926389 0.020313 0.033333
0 0.267188 0.559722 0.014063 0.027778
0 0.973437 0.545139 0.018750 0.040278
0 0.243359 0.606944 0.021094 0.025000
0 0.944922 0.934722 0.022656 0.033333
0 0.223047 0.250000 0.021094 0.050000
0 0.451172 0.129167 0.016406 0.038889
0 0.922656 0.804167 0.015625 0.027778
0 0.598828 0.286806 0.022656 0.037500
0 0.906641 0.934722 0.021094 0.038889
0 0.712109 0.495139 0.025781 0.031944
0 0.917969 0.220833 0.025000 0.036111
0 0.357812 0.239583 0.014063 0.037500
0 0.566797 0.047222 0.024219 0.027778
0 0.025391 0.690278 0.016406 0.030556
1 0.420703 0.697917 0.160156 0.204167
1 0.108203 0.389583 0.110156 0.176389
1 0.643359 0.700000 0.108594 0.219444
1 0.784375 0.704167 0.103125 0.197222
1 0.505078 0.438194 0.135156 0.262500
1 0.287109 0.299306 0.094531 0.231944
1 0.246484 0.790972 0.094531 0.179167