0 0.140625 0.870139 0.023438 0.040278
0 0.943750 0.281250 0.026562 0.048611
0 0.701562 0.275694 0.017188 0.034722
0 0.184375 0.845833 0.014063 0.050000
0 0.777344 0.663194 0.023438 0.037500
0 0.278125 0.631944 0.025000 0.030556
0 0.771484 0.156944 0.014844 0.041667
0 0.064453 0.720139 0.022656 0.043056
0 0.174609 0.943750 0.017969 0.031944
0 0.658594 0.242361 0.025000 0.037500
0 0.675781 0.717361 0.026562 0.031944
0 0.724609 0.875000 0.021094 0.025000
0 0.616406 0.154167 0.014063 0.044444
0 0.359375 0.853472 0.014063 0.037500
0 0.257031 0.731944 0.023438 0.025000
0 0.905859 0.363889 0.025781 0.030556
0 0.977344 0.327083 0.020313 0.040278
0 0.575000 0.069444 0.014063 0.036111
0 0.048438 0.592361 0.025000 0.037500
0 0.723828 0.709028 0.019531 0.029167
0 0.934375 0.101389 0.021875 0.038889
0 0.040625 0.172917 0.015625 0.045833
0 0.971875 0.246528 0.020313 0.037500
0 0.372266 0.105556 0.025781 0.036111
0 0.338672 0.079167 0.024219 0.050000
0 0.537891 0.685417 0.025781 0.045833
0 0.812500 0.097917 0.014063 0.043056
0 0.964063 0.088889 0.028125 0.027778
0 0.023438 0.758333 0.025000 0.027778
0 0.305469 0.613889 0.018750 0.047222
0 0.293359 0.053472 0.017969 0.048611
0 0.283203 0.581250 0.014844 0.048611
0 0.865625 0.047222 0.020313 0.044444
0 0.510938 0.048611 0.021875 0.036111
0 0.849609 0.247222 0.024219 0.047222
0 0.739062 0.226389 0.018750 0.050000
0 0.475391 0.866667 0.024219 0.025000
0 0.091406 0.665278 0.014063 0.047222
0 0.174609 0.083333 0.016406 0.050000
0 0.285938 0.753472 0.028125 0.026389
0 0.922656 0.193056 0.023438 0.025000
0 0.558203 0.165972 0.027344 0.026389
0 0.563281 0.214583 0.023438 0.043056
0 0.148828 0.146528 0.019531 0.043056
0 0.716016 0.187500 0.014844 0.030556
0 0.559375 0.766667 0.017188 0.050000
0 0.823047 0.957639 0.019531 0.034722
0 0.735938 0.154167 0.015625 0.047222
0 0.519141 0.105556 0.024219 0.038889
0 0.201953 0.090278 0.019531 0.041667
0 0.721094 0.618750 0.017188 0.029167
0 0.407031 0.106944 0.023438 0.047222
0 0.107031 0.602083 0.017188 0.034722
0 0.803125 0.274306 0.025000 0.045833
0 0.037500 0.384722 0.014063 0.038889
0 0.847266 0.367361 0.027344 0.029167
0 0.567187 0.653472 0.020313 0.045833
0 0.635938 0.664583 0.018750 0.048611
0 0.834375 0.084028 0.015625 0.031944
0 0.030469 0.843056 0.025000 0.033333
0 0.696875 0.634028 0.014063 0.037500
0 0.390234 0.435417 0.019531 0.040278
0 0.452734 0.951389 0.021094 0.033333
0 0.405859 0.961806 0.025781 0.037500
0 0.757422 0.827778 0.017969 0.027778
0 0.651172 0.053472 0.017969 0.040278
0 0.306250 0.710417 0.021875 0.026389
0 0.158203 0.798611 0.019531 0.025000
0 0.291016 0.890278 0.016406 0.025000
0 0.316797 0.809028 0.014844 0.029167
0 0.702344 0.073611 0.028125 0.030556
0 0.105469 0.543056 0.014063 0.025000
0 0.536719 0.911806 0.020313 0.040278
0 0.027734 0.508333 0.024219 0.033333
0 0.133594 0.818750 0.021875 0.026389
0 0.324219 0.534028 0.025000 0.037500
0 0.538281 0.038889 0.025000 0.030556
0 0.427344 0.030556 0.020313 0.025000
0 0.449219 0.130556 0.028125 0.041667
0 0.782422 0.096528 0.016406 0.045833
0 0.057813 0.102083 0.025000 0.043056
0 0.204687 0.134028 0.021875 0.031944
0 0.058203 0.663194 0.025781 0.037500
0 0.193750 0.779167 0.028125 0.044444
0 0.353906 0.936806 0.014063 0.043056
0 0.843750 0.187500 0.018750 0.041667
0 0.906641 0.144444 0.019531 0.027778
0 0.656250 0.188889 0.014063 0.033333
0 0.560937 0.593056 0.014063 0.030556
0 0.036719 0.436111 0.018750 0.036111
0 0.938281 0.399306 0.028125 0.040278
0 0.431641 0.883333 0.017969 0.050000
0 0.703516 0.675694 0.021094 0.026389
0 0.237500 0.122222 0.014063 0.047222
0 0.627734 0.045833 0.017969 0.038889
0 0.028125 0.653472 0.017188 0.029167
0 0.505078 0.910417 0.027344 0.043056
0 0.897266 0.243056 0.027344 0.038889
0 0.019531 0.190972 0.018750 0.037500
0 0.564453 0.870139 0.021094 0.043056
0 0.094531 0.179861 0.028125 0.034722
0 0.908203 0.047222 0.019531 0.036111
1 0.266406 0.332639 0.153125 0.293056
1 0.180078 0.659722 0.114844 0.177778
1 0.733984 0.450694 0.121094 0.276389
1 0.421094 0.687500 0.148438 0.275000
1 0.891797 0.536806 0.144531 0.195833
1 0.883594 0.805556 0.165625 0.225000
1 0.476953 0.393056 0.142969 0.258333
1 0.101953 0.373611 0.096094 0.269444
1 0.652344 0.852083 0.100000 0.206944