0 0.563477 0.199219 0.044922 0.042969
0 0.677734 0.803711 0.054688 0.052734
0 0.458984 0.408203 0.058594 0.050781
0 0.459961 0.103516 0.044922 0.039062
0 0.197266 0.701172 0.035156 0.039062
0 0.661133 0.876953 0.044922 0.035156
0 0.170898 0.078125 0.044922 0.050781
0 0.294922 0.431641 0.058594 0.035156
0 0.838867 0.589844 0.037109 0.042969
0 0.929688 0.316406 0.054688 0.054688
0 0.474609 0.483398 0.050781 0.044922
0 0.956055 0.593750 0.033203 0.058594
0 0.451172 0.933594 0.058594 0.046875
0 0.936523 0.526367 0.056641 0.044922
0 0.643555 0.095703 0.033203 0.035156
0 0.333984 0.098633 0.058594 0.048828
0 0.694336 0.125977 0.033203 0.041016
0 0.534180 0.905273 0.041016 0.037109
0 0.466797 0.831055 0.050781 0.037109
0 0.700195 0.664062 0.041016 0.058594
0 0.599609 0.835938 0.042969 0.046875
0 0.765625 0.694336 0.046875 0.033203
0 0.082031 0.736328 0.031250 0.050781
0 0.069336 0.103516 0.041016 0.042969
0 0.905273 0.633789 0.041016 0.056641
0 0.037109 0.601562 0.031250 0.054688
0 0.925781 0.208984 0.050781 0.039062
0 0.754883 0.196289 0.044922 0.044922
0 0.558594 0.489258 0.035156 0.033203
0 0.954102 0.388672 0.056641 0.046875
0 0.043945 0.515625 0.041016 0.050781
0 0.757812 0.136719 0.042969 0.050781
0 0.871094 0.308594 0.035156 0.046875
0 0.859375 0.428711 0.031250 0.037109
0 0.864258 0.158203 0.052734 0.050781
0 0.668945 0.571289 0.041016 0.037109
0 0.394531 0.436523 0.046875 0.048828
0 0.870117 0.522461 0.041016 0.048828
0 0.420898 0.603516 0.037109 0.035156
0 0.300781 0.690430 0.031250 0.052734
0 0.077148 0.947266 0.048828 0.031250
0 0.781250 0.549805 0.039062 0.041016
1 0.703125 0.390625 0.203125 0.238281
1 0.555664 0.675781 0.162109 0.246094
1 0.308594 0.856445 0.195312 0.248047
1 0.123047 0.295898 0.187500 0.263672
1 0.233398 0.560547 0.255859 0.140625
1 0.390625 0.259766 0.207031 0.214844
1 0.822266 0.843750 0.187500 0.226562