0 0.714844 0.084028 0.025000 0.034722
0 0.935156 0.729861 0.018750 0.045833
0 0.335547 0.783333 0.019531 0.030556
0 0.904687 0.325694 0.020313 0.040278
0 0.838281 0.950694 0.023438 0.043056
0 0.042188 0.496528 0.026562 0.034722
0 0.398828 0.197917 0.019531 0.031944
0 0.352734 0.834028 0.017969 0.029167
0 0.571484 0.940972 0.021094 0.037500
0 0.035547 0.963889 0.021094 0.025000
0 0.821875 0.550000 0.020313 0.041667
0 0.541406 0.637500 0.025000 0.044444
0 0.347266 0.156250 0.019531 0.026389
0 0.737500 0.905556 0.021875 0.033333
0 0.861719 0.738889 0.015625 0.036111
0 0.261328 0.918056 0.025781 0.044444
0 0.380469 0.739583 0.025000 0.045833
0 0.317578 0.885417 0.016406 0.043056
0 0.229687 0.337500 0.014063 0.044444
0 0.753516 0.032639 0.024219 0.031944
0 0.600781 0.242361 0.028125 0.026389
0 0.051172 0.654167 0.017969 0.038889
0 0.047266 0.376389 0.016406 0.050000
0 0.907031 0.047222 0.023438 0.044444
0 0.942969 0.277778 0.014063 0.030556
0 0.904687 0.455556 0.023438 0.050000
0 0.927344 0.909722 0.025000 0.044444
0 0.688281 0.285417 0.023438 0.031944
0 0.697656 0.934722 0.023438 0.036111
0 0.646484 0.861111 0.017969 0.041667
0 0.656641 0.693750 0.021094 0.045833
0 0.598047 0.097222 0.021094 0.033333
0 0.565625 0.686806 0.014063 0.034722
0 0.383203 0.888194 0.022656 0.031944
0 0.883203 0.170833 0.019531 0.050000
0 0.757422 0.518056 0.016406 0.050000
0 0.494531 0.941667 0.026562 0.033333
0 0.030859 0.669444 0.016406 0.050000
0 0.063281 0.868056 0.023438 0.041667
0 0.282031 0.820139 0.020313 0.043056
0 0.930859 0.687500 0.024219 0.025000
0 0.973047 0.307639 0.019531 0.048611
0 0.436719 0.039583 0.020313 0.026389
0 0.949609 0.429861 0.027344 0.048611
0 0.239063 0.045833 0.018750 0.025000
0 0.378906 0.093056 0.015625 0.038889
0 0.853125 0.629861 0.014063 0.037500
0 0.058594 0.589583 0.028125 0.037500
0 0.912891 0.183333 0.016406 0.038889
0 0.638672 0.745833 0.019531 0.047222
0 0.853516 0.058333 0.014844 0.030556
0 0.948828 0.366667 0.027344 0.050000
0 0.267188 0.359028 0.021875 0.026389
0 0.166406 0.375694 0.014063 0.031944
0 0.531250 0.143056 0.015625 0.041667
0 0.943359 0.158333 0.019531 0.047222
0 0.319531 0.045833 0.025000 0.038889
0 0.897656 0.272917 0.025000 0.045833
0 0.166406 0.102083 0.020313 0.029167
0 0.277344 0.060417 0.028125 0.037500
0 0.304688 0.429861 0.018750 0.031944
0 0.301172 0.688889 0.019531 0.047222
0 0.681641 0.689583 0.022656 0.043056
0 0.968359 0.729861 0.025781 0.045833
0 0.758984 0.094444 0.027344 0.044444
0 0.928906 0.838889 0.020313 0.036111
0 0.360156 0.372917 0.026562 0.040278
0 0.491797 0.145833 0.016406 0.036111
0 0.651172 0.073611 0.019531 0.027778
0 0.128125 0.336806 0.025000 0.029167
0 0.407031 0.836111 0.025000 0.025000
0 0.054297 0.807639 0.017969 0.037500
0 0.915625 0.547917 0.017188 0.034722
0 0.894141 0.595833 0.025781 0.050000
0 0.071094 0.534028 0.015625 0.031944
0 0.585938 0.043750 0.021875 0.037500
0 0.885156 0.677778 0.026562 0.036111
0 0.866797 0.529167 0.027344 0.044444
0 0.576172 0.197222 0.019531 0.047222
0 0.458594 0.138889 0.028125 0.027778
0 0.637109 0.301389 0.025781 0.027778
0 0.026953 0.441667 0.024219 0.044444
0 0.811719 0.911111 0.023438 0.025000
0 0.644922 0.145139 0.027344 0.031944
0 0.623437 0.665972 0.021875 0.048611
0 0.101953 0.320139 0.019531 0.048611
0 0.972266 0.252778 0.024219 0.041667
0 0.604297 0.603472 0.025781 0.029167
0 0.071484 0.697917 0.016406 0.034722
0 0.554688 0.180556 0.017188 0.033333
0 0.595313 0.716667 0.017188 0.030556
0 0.916797 0.383333 0.022656 0.038889
0 0.443359 0.941667 0.022656 0.030556
0 0.957812 0.603472 0.014063 0.040278
0 0.357422 0.243056 0.027344 0.033333
0 0.432031 0.095139 0.021875 0.045833
0 0.024219 0.908333 0.018750 0.050000
0 0.101172 0.931250 0.025781 0.029167
0 0.078906 0.352083 0.017188 0.031944
0 0.375391 0.812500 0.014844 0.050000
0 0.162891 0.178472 0.014844 0.037500
0 0.797656 0.547917 0.021875 0.048611
0 0.865625 0.918750 0.020313 0.043056
0 0.799609 0.068750 0.025781 0.040278
0 0.615234 0.168750 0.021094 0.048611
0 0.898828 0.101389 0.016406 0.025000
0 0.974609 0.809722 0.019531 0.030556
0 0.582812 0.284722 0.028125 0.025000
1 0.496484 0.798611 0.144531 0.166667
1 0.796094 0.260417 0.143750 0.268056
1 0.502734 0.319444 0.116406 0.183333
1 0.183984 0.541667 0.161719 0.261111
1 0.086719 0.174306 0.112500 0.212500
1 0.373047 0.558333 0.153906 0.197222
1 0.243359 0.197917 0.124219 0.168056
1 0.764453 0.727778 0.133594 0.238889