0 0.539062 0.077148 0.035156 0.041016
0 0.113281 0.586914 0.035156 0.033203
0 0.385742 0.355469 0.041016 0.050781
0 0.941406 0.050781 0.054688 0.035156
0 0.113281 0.205078 0.031250 0.046875
0 0.635742 0.884766 0.048828 0.050781
0 0.921875 0.570312 0.031250 0.050781
0 0.950195 0.828125 0.041016 0.054688
0 0.744141 0.954102 0.042969 0.037109
0 0.038086 0.438477 0.041016 0.033203
0 0.037109 0.116211 0.042969 0.033203
0 0.141602 0.931641 0.033203 0.035156
0 0.488281 0.489258 0.050781 0.041016
0 0.233398 0.610352 0.056641 0.048828
0 0.903320 0.484375 0.033203 0.042969
0 0.903320 0.942383 0.048828 0.048828
0 0.044922 0.770508 0.058594 0.048828
0 0.747070 0.354492 0.037109 0.037109
0 0.378906 0.481445 0.046875 0.048828
0 0.614258 0.108398 0.033203 0.037109
0 0.051758 0.588867 0.041016 0.056641
0 0.953125 0.661133 0.042969 0.052734
0 0.104492 0.096680 0.037109 0.044922
0 0.299805 0.576172 0.048828 0.058594
0 0.673828 0.958984 0.046875 0.035156
0 0.064453 0.395508 0.042969 0.037109
0 0.673828 0.076172 0.054688 0.031250
0 0.442383 0.355469 0.044922 0.058594
0 0.710938 0.129883 0.054688 0.052734
0 0.341797 0.925781 0.039062 0.039062
0 0.054688 0.176758 0.039062 0.044922
0 0.778320 0.049805 0.037109 0.052734
0 0.501953 0.186523 0.035156 0.033203
0 0.722656 0.291016 0.042969 0.039062
1 0.873047 0.263672 0.183594 0.265625
1 0.333984 0.164062 0.273438 0.242188
1 0.495117 0.657227 0.212891 0.267578
1 0.227539 0.783203 0.251953 0.230469
1 0.798828 0.774414 0.246094 0.248047
1 0.604492 0.274414 0.138672 0.267578
1 0.226562 0.426758 0.230469 0.193359
1 0.750977 0.517578 0.224609 0.148438
1 0.491211 0.891602 0.166016 0.154297