0 0.622070 0.448242 0.052734 0.044922
0 0.340820 0.383789 0.033203 0.041016
0 0.684570 0.102539 0.048828 0.041016
0 0.373047 0.291992 0.035156 0.052734
0 0.616211 0.044922 0.056641 0.050781
0 0.837891 0.904297 0.054688 0.031250
0 0.628906 0.814453 0.050781 0.054688
0 0.513672 0.902344 0.039062 0.039062
0 0.574219 0.933594 0.058594 0.031250
0 0.398438 0.596680 0.050781 0.048828
0 0.112305 0.523438 0.052734 0.054688
0 0.359375 0.853516 0.042969 0.058594
0 0.159180 0.191406 0.033203 0.035156
0 0.754883 0.454102 0.041016 0.044922
0 0.507812 0.152344 0.054688 0.054688
0 0.258789 0.358398 0.048828 0.044922
0 0.764648 0.932617 0.037109 0.041016
0 0.755859 0.116211 0.054688 0.037109
0 0.756836 0.843750 0.033203 0.035156
0 0.423828 0.884766 0.058594 0.039062
0 0.917969 0.651367 0.031250 0.052734
0 0.811523 0.842773 0.037109 0.052734
0 0.162109 0.708008 0.035156 0.033203
0 0.939453 0.529297 0.039062 0.058594
0 0.943359 0.595703 0.031250 0.042969
0 0.062500 0.613281 0.042969 0.042969
0 0.218750 0.221680 0.042969 0.056641
0 0.275391 0.415039 0.042969 0.037109
0 0.126953 0.099609 0.042969 0.058594
0 0.604492 0.102539 0.041016 0.041016
0 0.865234 0.512695 0.042969 0.033203
1 0.722656 0.654297 0.261719 0.207031
1 0.353516 0.131836 0.191406 0.189453
1 0.461914 0.442383 0.169922 0.208984
1 0.272461 0.542969 0.158203 0.179688
1 0.146484 0.832031 0.218750 0.195312
1 0.655273 0.248047 0.154297 0.167969
1 0.441406 0.745117 0.253906 0.138672
1 0.877930 0.305664 0.146484 0.248047
1 0.137695 0.346680 0.158203 0.158203