0 0.451172 0.862305 0.046875 0.052734
0 0.108398 0.172852 0.044922 0.037109
0 0.828125 0.619141 0.039062 0.035156
0 0.502930 0.568359 0.033203 0.058594
0 0.203125 0.906250 0.054688 0.042969
0 0.922852 0.744141 0.033203 0.050781
0 0.166016 0.454102 0.035156 0.056641
0 0.096680 0.441406 0.048828 0.058594
0 0.516602 0.452148 0.048828 0.037109
0 0.090820 0.370117 0.052734 0.037109
0 0.177734 0.356445 0.046875 0.056641
0 0.718750 0.641602 0.035156 0.044922
0 0.375000 0.345703 0.031250 0.058594
0 0.913086 0.616211 0.056641 0.037109
0 0.233398 0.121094 0.033203 0.035156
0 0.661133 0.679688 0.033203 0.039062
0 0.165039 0.545898 0.037109 0.033203
0 0.207031 0.171875 0.050781 0.039062
0 0.611328 0.504883 0.039062 0.044922
0 0.588867 0.336914 0.056641 0.037109
0 0.584961 0.941406 0.033203 0.039062
0 0.322266 0.887695 0.035156 0.033203
0 0.155273 0.059570 0.044922 0.044922
0 0.556641 0.520508 0.050781 0.048828
0 0.622070 0.413086 0.056641 0.037109
0 0.323242 0.299805 0.056641 0.037109
0 0.421875 0.922852 0.042969 0.052734
0 0.964844 0.863281 0.035156 0.035156
0 0.098633 0.118164 0.048828 0.041016
0 0.680664 0.276367 0.056641 0.041016
0 0.520508 0.297852 0.041016 0.048828
0 0.949219 0.908203 0.058594 0.039062
0 0.172852 0.852539 0.033203 0.044922
0 0.223633 0.285156 0.033203 0.031250
0 0.657227 0.332031 0.041016 0.031250
0 0.066406 0.256836 0.058594 0.044922
1 0.316406 0.717773 0.199219 0.189453
1 0.618164 0.138672 0.259766 0.218750
1 0.771484 0.840820 0.246094 0.193359
1 0.359375 0.464844 0.234375 0.164062
1 0.864258 0.163086 0.138672 0.248047
1 0.858398 0.462891 0.251953 0.242188
1 0.108398 0.679688 0.142578 0.191406
1 0.544922 0.702148 0.152344 0.138672
1 0.363281 0.176758 0.148438 0.193359