0 0.046875 0.113194 0.025000 0.040278
0 0.150000 0.853472 0.021875 0.045833
0 0.331641 0.447222 0.016406 0.038889
0 0.864062 0.366667 0.018750 0.038889
0 0.420312 0.864583 0.025000 0.026389
0 0.546875 0.068056 0.017188 0.041667
0 0.889453 0.475000 0.025781 0.047222
0 0.385156 0.267361 0.025000 0.043056
0 0.203906 0.533333 0.025000 0.027778
0 0.185156 0.419444 0.014063 0.027778
0 0.577734 0.272917 0.014844 0.026389
0 0.962109 0.956250 0.017969 0.045833
0 0.205469 0.954861 0.018750 0.026389
0 0.051172 0.193750 0.024219 0.029167
0 0.505469 0.033333 0.018750 0.033333
0 0.880078 0.186111 0.019531 0.047222
0 0.658594 0.511111 0.015625 0.050000
0 0.079687 0.904861 0.014063 0.045833
0 0.288281 0.526389 0.014063 0.047222
0 0.743750 0.501389 0.023438 0.030556
0 0.952344 0.231944 0.025000 0.025000
0 0.138281 0.968750 0.021875 0.026389
0 0.847266 0.043750 0.021094 0.031944
0 0.852344 0.277778 0.015625 0.038889
0 0.022656 0.208333 0.023438 0.027778
0 0.462891 0.110417 0.027344 0.026389
0 0.344141 0.956944 0.024219 0.033333
0 0.420312 0.787500 0.018750 0.033333
0 0.583984 0.519444 0.014844 0.038889
0 0.835156 0.472222 0.021875 0.041667
0 0.853125 0.537500 0.021875 0.047222
0 0.240234 0.512500 0.014844 0.027778
0 0.058594 0.427778 0.020313 0.047222
0 0.950000 0.040278 0.015625 0.025000
0 0.752734 0.070139 0.014844 0.045833
0 0.259375 0.356250 0.021875 0.031944
0 0.480469 0.213194 0.020313 0.026389
0 0.055469 0.872917 0.026562 0.031944
0 0.926953 0.956944 0.027344 0.036111
0 0.828516 0.088194 0.025781 0.026389
0 0.276172 0.125694 0.016406 0.048611
0 0.889062 0.091667 0.018750 0.027778
0 0.120313 0.821528 0.015625 0.037500
0 0.302344 0.444444 0.021875 0.047222
0 0.298828 0.356250 0.021094 0.034722
0 0.197266 0.740972 0.027344 0.043056
0 0.155078 0.925694 0.019531 0.026389
0 0.348438 0.835417 0.020313 0.043056
0 0.511719 0.118056 0.028125 0.030556
0 0.027344 0.927778 0.026562 0.041667
0 0.635547 0.292361 0.017969 0.031944
0 0.236719 0.852778 0.017188 0.033333
0 0.368359 0.887500 0.021094 0.030556
0 0.918750 0.629167 0.018750 0.036111
0 0.587109 0.068750 0.016406 0.045833
0 0.579688 0.337500 0.017188 0.030556
0 0.364844 0.413889 0.020313 0.030556
0 0.923438 0.407639 0.025000 0.040278
0 0.951562 0.133333 0.023438 0.033333
0 0.954688 0.768056 0.026562 0.041667
0 0.979688 0.445833 0.015625 0.025000
0 0.954297 0.414583 0.016406 0.043056
0 0.269141 0.904861 0.025781 0.048611
0 0.726172 0.050694 0.017969 0.037500
0 0.928516 0.688889 0.025781 0.030556
0 0.448828 0.185417 0.024219 0.043056
0 0.912891 0.128472 0.022656 0.034722
0 0.632031 0.447222 0.018750 0.044444
0 0.396094 0.458333 0.028125 0.041667
0 0.854688 0.198611 0.023438 0.047222
0 0.308594 0.072222 0.026562 0.047222
0 0.364844 0.614583 0.018750 0.026389
0 0.396875 0.315278 0.028125 0.025000
0 0.403125 0.832639 0.021875 0.026389
1 0.378516 0.143750 0.099219 0.184722
1 0.751172 0.266667 0.157031 0.288889
1 0.269922 0.695833 0.102344 0.255556
1 0.512891 0.831250 0.147656 0.195833
1 0.480859 0.429167 0.116406 0.286111
1 0.158984 0.223611 0.167969 0.263889
1 0.834375 0.804861 0.115625 0.298611
1 0.099219 0.631250 0.150000 0.301389
1 0.683203 0.789583 0.144531 0.237500