0 0.885742 0.034180 0.041016 0.033203
0 0.586914 0.111328 0.056641 0.035156
0 0.484375 0.853516 0.046875 0.046875
0 0.669922 0.240234 0.039062 0.035156
0 0.303711 0.507812 0.037109 0.031250
0 0.793945 0.968750 0.044922 0.031250
0 0.307617 0.186523 0.041016 0.041016
0 0.739258 0.210938 0.056641 0.054688
0 0.204102 0.929688 0.033203 0.042969
0 0.826172 0.554688 0.046875 0.042969
0 0.299805 0.917969 0.044922 0.035156
0 0.036133 0.552734 0.033203 0.058594
0 0.655273 0.526367 0.037109 0.037109
0 0.048828 0.955078 0.042969 0.031250
0 0.075195 0.707031 0.048828 0.046875
0 0.356445 0.922852 0.033203 0.041016
0 0.725586 0.540039 0.044922 0.041016
0 0.569336 0.958984 0.056641 0.035156
0 0.369141 0.611328 0.042969 0.058594
0 0.936523 0.889648 0.056641 0.048828
0 0.352539 0.758789 0.041016 0.048828
0 0.934570 0.584961 0.033203 0.044922
0 0.402344 0.541992 0.042969 0.041016
0 0.956055 0.762695 0.033203 0.033203
0 0.531250 0.178711 0.039062 0.041016
0 0.577148 0.352539 0.056641 0.052734
0 0.249023 0.722656 0.044922 0.035156
0 0.933594 0.487305 0.058594 0.052734
0 0.050781 0.341797 0.039062 0.031250
0 0.379883 0.821289 0.052734 0.052734
0 0.392578 0.106445 0.039062 0.041016
0 0.598633 0.507812 0.044922 0.031250
0 0.400391 0.955078 0.031250 0.031250
0 0.414062 0.905273 0.031250 0.044922
0 0.043945 0.152344 0.048828 0.035156
0 0.956055 0.357422 0.041016 0.046875
0 0.743164 0.614258 0.037109 0.041016
0 0.482422 0.058594 0.035156 0.050781
0 0.543945 0.891602 0.044922 0.056641
0 0.303711 0.863281 0.044922 0.039062
1 0.860352 0.189453 0.158203 0.234375
1 0.562500 0.692383 0.265625 0.236328
1 0.464844 0.340820 0.136719 0.197266
1 0.109375 0.825195 0.152344 0.142578
1 0.150391 0.589844 0.164062 0.152344
1 0.212891 0.367188 0.253906 0.222656
1 0.838867 0.748047 0.154297 0.195312
1 0.772461 0.405273 0.224609 0.150391
1 0.198242 0.135742 0.142578 0.150391