0 0.894531 0.588867 0.058594 0.056641
0 0.181641 0.681641 0.039062 0.042969
0 0.357422 0.383789 0.035156 0.044922
0 0.958984 0.749023 0.035156 0.041016
0 0.131836 0.687500 0.033203 0.042969
0 0.181641 0.875000 0.058594 0.031250
0 0.802734 0.913086 0.039062 0.037109
0 0.668945 0.584961 0.052734 0.056641
0 0.119141 0.382812 0.058594 0.039062
0 0.298828 0.325195 0.031250 0.033203
0 0.660156 0.650391 0.039062 0.039062
0 0.425781 0.948242 0.058594 0.037109
0 0.200195 0.810547 0.041016 0.035156
0 0.864258 0.943359 0.056641 0.058594
0 0.039062 0.821289 0.035156 0.052734
0 0.067383 0.667969 0.033203 0.050781
0 0.546875 0.734375 0.046875 0.046875
0 0.190430 0.756836 0.041016 0.056641
0 0.177734 0.353516 0.039062 0.054688
0 0.587891 0.577148 0.046875 0.056641
0 0.232422 0.621094 0.058594 0.039062
0 0.128906 0.791992 0.054688 0.037109
0 0.334961 0.946289 0.052734 0.048828
0 0.457031 0.280273 0.054688 0.048828
0 0.148438 0.537109 0.035156 0.039062
0 0.500977 0.599609 0.033203 0.046875
0 0.600586 0.695312 0.041016 0.042969
0 0.104492 0.863281 0.052734 0.031250
0 0.071289 0.554688 0.052734 0.058594
0 0.547852 0.256836 0.037109 0.044922
0 0.055664 0.160156 0.044922 0.031250
0 0.795898 0.565430 0.052734 0.037109
1 0.499023 0.427734 0.205078 0.222656
1 0.375000 0.789062 0.265625 0.230469
1 0.806641 0.748047 0.226562 0.218750
1 0.164062 0.181641 0.136719 0.226562
1 0.576172 0.119141 0.257812 0.167969
1 0.263672 0.496094 0.156250 0.156250
1 0.847656 0.122070 0.167969 0.212891
1 0.813477 0.378906 0.220703 0.242188
1 0.337891 0.159180 0.152344 0.267578