0 0.164844 0.822222 0.015625 0.044444
0 0.402734 0.284028 0.019531 0.043056
0 0.608594 0.427778 0.020313 0.050000
0 0.511328 0.797917 0.024219 0.026389
0 0.557813 0.528472 0.026562 0.040278
0 0.039062 0.935417 0.026562 0.026389
0 0.788281 0.323611 0.021875 0.033333
0 0.201563 0.307639 0.018750 0.043056
0 0.266406 0.879861 0.020313 0.043056
0 0.172656 0.469444 0.021875 0.030556
0 0.467969 0.777083 0.021875 0.031944
0 0.132812 0.664583 0.015625 0.040278
0 0.933203 0.072222 0.021094 0.030556
0 0.040234 0.863194 0.027344 0.048611
0 0.238672 0.255556 0.027344 0.044444
0 0.503125 0.896528 0.017188 0.040278
0 0.961719 0.954167 0.014063 0.025000
0 0.951562 0.595139 0.014063 0.043056
0 0.392969 0.831944 0.018750 0.047222
0 0.460938 0.593750 0.020313 0.045833
0 0.382812 0.093750 0.014063 0.026389
0 0.500781 0.720833 0.025000 0.041667
0 0.076563 0.704167 0.021875 0.041667
0 0.425391 0.759028 0.022656 0.029167
0 0.531250 0.075694 0.023438 0.029167
0 0.630859 0.954167 0.027344 0.041667
0 0.428516 0.113194 0.024219 0.040278
0 0.382422 0.752778 0.019531 0.041667
0 0.827734 0.962500 0.014844 0.025000
0 0.579688 0.111806 0.014063 0.034722
0 0.309766 0.037500 0.021094 0.038889
0 0.391016 0.604861 0.016406 0.031944
0 0.529297 0.937500 0.021094 0.027778
0 0.295703 0.140972 0.024219 0.037500
0 0.100000 0.555556 0.023438 0.044444
0 0.041406 0.695139 0.028125 0.045833
0 0.167187 0.120833 0.025000 0.038889
0 0.365625 0.190972 0.015625 0.031944
0 0.604688 0.147222 0.021875 0.047222
0 0.899609 0.513194 0.019531 0.045833
0 0.952344 0.474306 0.018750 0.040278
0 0.669141 0.331250 0.021094 0.048611
0 0.171875 0.946528 0.014063 0.045833
0 0.916016 0.621528 0.017969 0.048611
0 0.509375 0.842361 0.023438 0.026389
0 0.092188 0.116667 0.020313 0.044444
0 0.802734 0.077778 0.021094 0.030556
0 0.296484 0.943750 0.022656 0.048611
0 0.614062 0.536111 0.018750 0.025000
0 0.858203 0.401389 0.022656 0.033333
0 0.147656 0.531250 0.020313 0.026389
0 0.960547 0.075000 0.022656 0.047222
0 0.165625 0.284028 0.014063 0.026389
0 0.318750 0.876389 0.021875 0.033333
0 0.353125 0.834722 0.026562 0.036111
0 0.212500 0.938194 0.026562 0.043056
0 0.857031 0.042361 0.021875 0.045833
0 0.079687 0.901389 0.020313 0.033333
0 0.397656 0.426389 0.014063 0.027778
0 0.721094 0.101389 0.018750 0.038889
0 0.182812 0.890278 0.018750 0.033333
0 0.135156 0.058333 0.018750 0.050000
0 0.610156 0.360417 0.021875 0.040278
0 0.412891 0.048611 0.027344 0.041667
0 0.117969 0.613194 0.026562 0.043056
0 0.889062 0.936111 0.025000 0.027778
0 0.415234 0.936806 0.022656 0.026389
0 0.220703 0.200694 0.027344 0.026389
0 0.681641 0.229861 0.021094 0.048611
0 0.048047 0.627083 0.027344 0.031944
0 0.446484 0.508333 0.016406 0.036111
0 0.978906 0.813194 0.020313 0.043056
0 0.459375 0.922222 0.020313 0.050000
0 0.350391 0.635417 0.019531 0.045833
0 0.236328 0.151389 0.017969 0.050000
0 0.212109 0.070139 0.025781 0.037500
0 0.020313 0.547222 0.020313 0.038889
0 0.633594 0.411111 0.020313 0.038889
0 0.631250 0.063889 0.028125 0.030556
0 0.150781 0.916667 0.021875 0.041667
0 0.164062 0.650000 0.021875 0.033333
0 0.096875 0.049306 0.028125 0.031944
0 0.176172 0.716667 0.025781 0.027778
0 0.932813 0.436111 0.014063 0.036111
0 0.978516 0.595833 0.021094 0.041667
0 0.396094 0.347917 0.028125 0.040278
0 0.158203 0.241667 0.019531 0.047222
0 0.640234 0.214583 0.022656 0.048611
0 0.485156 0.814583 0.017188 0.029167
0 0.419922 0.847917 0.014844 0.037500
0 0.693359 0.063194 0.027344 0.048611
0 0.510547 0.566667 0.024219 0.050000
0 0.085547 0.818056 0.021094 0.038889
0 0.725000 0.185417 0.023438 0.037500
0 0.160547 0.608333 0.016406 0.036111
1 0.295312 0.427778 0.151562 0.263889
1 0.611719 0.775000 0.134375 0.266667
1 0.260937 0.710417 0.131250 0.240278
1 0.501172 0.324306 0.167969 0.293056
1 0.759766 0.531944 0.100781 0.183333
1 0.760156 0.804861 0.110937 0.190278
1 0.889844 0.245139 0.150000 0.251389