0 0.772656 0.193056 0.017188 0.041667
0 0.033594 0.369444 0.023438 0.030556
0 0.394141 0.368750 0.021094 0.029167
0 0.983594 0.436111 0.014063 0.047222
0 0.953516 0.109028 0.025781 0.040278
0 0.363281 0.217361 0.023438 0.026389
0 0.846484 0.093750 0.024219 0.034722
0 0.689844 0.372917 0.023438 0.040278
0 0.271875 0.050000 0.020313 0.044444
0 0.329688 0.380556 0.028125 0.036111
0 0.033984 0.800000 0.022656 0.050000
0 0.466016 0.948611 0.016406 0.041667
0 0.019531 0.072917 0.018750 0.034722
0 0.903516 0.165278 0.027344 0.044444
0 0.372266 0.277083 0.017969 0.037500
0 0.974219 0.220833 0.025000 0.027778
0 0.608984 0.077778 0.024219 0.033333
0 0.032422 0.230556 0.024219 0.041667
0 0.443359 0.181250 0.022656 0.026389
0 0.926953 0.643750 0.017969 0.026389
0 0.214453 0.070139 0.016406 0.031944
0 0.844531 0.557639 0.028125 0.048611
0 0.406641 0.293056 0.021094 0.038889
0 0.940234 0.184028 0.021094 0.043056
0 0.536328 0.952083 0.016406 0.031944
0 0.972266 0.788889 0.017969 0.027778
0 0.312109 0.310417 0.019531 0.029167
0 0.975781 0.852083 0.025000 0.040278
0 0.140234 0.052778 0.016406 0.038889
0 0.899219 0.937500 0.020313 0.025000
0 0.057422 0.881944 0.022656 0.041667
0 0.092188 0.077083 0.028125 0.029167
0 0.718359 0.269444 0.021094 0.050000
0 0.192578 0.181944 0.022656 0.027778
0 0.475000 0.047222 0.026562 0.036111
0 0.661719 0.063889 0.026562 0.033333
0 0.960156 0.504861 0.014063 0.045833
0 0.322656 0.581250 0.014063 0.031944
0 0.021484 0.850694 0.021094 0.029167
0 0.249219 0.579167 0.023438 0.038889
0 0.782031 0.963889 0.017188 0.036111
0 0.689844 0.120139 0.017188 0.026389
0 0.125781 0.543750 0.025000 0.040278
0 0.055469 0.085417 0.023438 0.034722
0 0.853516 0.952083 0.025781 0.045833
0 0.419922 0.831250 0.019531 0.031944
0 0.324219 0.087500 0.021875 0.044444
0 0.897656 0.404167 0.028125 0.047222
0 0.531641 0.036806 0.021094 0.029167
0 0.633984 0.385417 0.017969 0.037500
0 0.101953 0.518056 0.014844 0.050000
0 0.239063 0.042361 0.018750 0.037500
0 0.047656 0.752083 0.017188 0.034722
0 0.559375 0.036111 0.017188 0.030556
0 0.944531 0.232639 0.020313 0.040278
0 0.807031 0.956944 0.021875 0.027778
0 0.452344 0.900000 0.025000 0.044444
0 0.687109 0.207639 0.017969 0.043056
0 0.935547 0.928472 0.014844 0.040278
0 0.719922 0.355556 0.024219 0.038889
0 0.909766 0.300694 0.022656 0.040278
0 0.164453 0.126389 0.019531 0.025000
0 0.121875 0.822917 0.017188 0.029167
0 0.838672 0.192361 0.017969 0.043056
0 0.469531 0.686806 0.017188 0.034722
0 0.708203 0.061806 0.019531 0.037500
0 0.371875 0.131944 0.023438 0.047222
0 0.900781 0.105556 0.020313 0.047222
0 0.957422 0.927083 0.022656 0.040278
0 0.167187 0.539583 0.025000 0.037500
0 0.702344 0.480556 0.023438 0.044444
0 0.635547 0.076389 0.017969 0.025000
0 0.648047 0.318750 0.017969 0.040278
0 0.685937 0.413194 0.015625 0.029167
0 0.130859 0.886806 0.017969 0.043056
0 0.097656 0.943056 0.015625 0.038889
0 0.770312 0.127778 0.028125 0.027778
0 0.395313 0.452778 0.014063 0.038889
0 0.051562 0.330556 0.021875 0.030556
0 0.110547 0.162500 0.027344 0.033333
0 0.785156 0.879861 0.023438 0.034722
0 0.727734 0.108333 0.021094 0.044444
0 0.940625 0.295139 0.018750 0.031944
0 0.399609 0.868750 0.016406 0.029167
0 0.395313 0.501389 0.017188 0.038889
0 0.327344 0.954861 0.025000 0.048611
1 0.704688 0.796528 0.125000 0.259722
1 0.504687 0.485417 0.157812 0.220833
1 0.806250 0.359722 0.117188 0.263889
1 0.544531 0.208333 0.121875 0.205556
1 0.245703 0.396528 0.102344 0.284722
1 0.119531 0.330556 0.100000 0.255556
1 0.298828 0.776389 0.160156 0.275000
1 0.543750 0.795139 0.107813 0.259722
1 0.880078 0.774306 0.135156 0.212500
1 0.127734 0.684722 0.127344 0.188889