0 0.691406 0.554688 0.039062 0.046875
0 0.486328 0.952148 0.054688 0.037109
0 0.725586 0.253906 0.037109 0.058594
0 0.901367 0.771484 0.048828 0.054688
0 0.364258 0.147461 0.048828 0.048828
0 0.777344 0.708008 0.042969 0.041016
0 0.290039 0.875000 0.048828 0.035156
0 0.056641 0.393555 0.058594 0.037109
0 0.503906 0.901367 0.035156 0.044922
0 0.600586 0.441406 0.048828 0.042969
0 0.241211 0.101562 0.037109 0.054688
0 0.101562 0.106445 0.042969 0.056641
0 0.767578 0.140625 0.050781 0.031250
0 0.423828 0.491211 0.039062 0.048828
0 0.520508 0.446289 0.033203 0.052734
0 0.535156 0.561523 0.039062 0.056641
0 0.255859 0.444336 0.042969 0.041016
0 0.259766 0.958008 0.058594 0.033203
0 0.595703 0.607422 0.050781 0.046875
0 0.900391 0.885742 0.046875 0.056641
0 0.642578 0.295898 0.046875 0.056641
0 0.280273 0.329102 0.041016 0.037109
0 0.841797 0.146484 0.054688 0.031250
0 0.327148 0.442383 0.048828 0.056641
0 0.336914 0.350586 0.048828 0.044922
0 0.178711 0.055664 0.048828 0.037109
0 0.678711 0.447266 0.037109 0.046875
0 0.117188 0.527344 0.042969 0.039062
0 0.898438 0.201172 0.050781 0.042969
0 0.921875 0.306641 0.050781 0.054688
0 0.735352 0.044922 0.044922 0.058594
0 0.613281 0.519531 0.042969 0.058594
0 0.229492 0.377930 0.044922 0.048828
0 0.186523 0.504883 0.033203 0.048828
0 0.773438 0.833984 0.050781 0.046875
0 0.816406 0.937500 0.058594 0.035156
0 0.851562 0.066406 0.058594 0.031250
0 0.911133 0.639648 0.033203 0.037109
0 0.733398 0.640625 0.041016 0.042969
0 0.786133 0.256836 0.033203 0.044922
0 0.863281 0.583984 0.039062 0.039062
0 0.369141 0.524414 0.046875 0.033203
0 0.404297 0.879883 0.035156 0.033203
0 0.721680 0.181641 0.041016 0.035156
0 0.958008 0.379883 0.052734 0.033203
0 0.102539 0.908203 0.056641 0.046875
0 0.476562 0.538086 0.046875 0.041016
1 0.809570 0.384766 0.158203 0.183594
1 0.642578 0.800781 0.152344 0.257812
1 0.148438 0.231445 0.144531 0.162109
1 0.552734 0.113281 0.269531 0.140625
1 0.470703 0.279297 0.156250 0.136719
1 0.138672 0.736328 0.167969 0.226562
1 0.401367 0.669922 0.154297 0.183594