0 0.153906 0.188889 0.023438 0.047222
0 0.658594 0.047222 0.025000 0.030556
0 0.078125 0.359722 0.023438 0.027778
0 0.635156 0.381250 0.028125 0.045833
0 0.759375 0.543750 0.020313 0.045833
0 0.820703 0.141667 0.021094 0.030556
0 0.427734 0.874306 0.022656 0.040278
0 0.389844 0.045833 0.015625 0.027778
0 0.033984 0.208333 0.024219 0.047222
0 0.409766 0.822917 0.014844 0.048611
0 0.690625 0.054861 0.017188 0.029167
0 0.505469 0.736111 0.014063 0.041667
0 0.506250 0.785417 0.026562 0.037500
0 0.924219 0.184722 0.028125 0.036111
0 0.873437 0.079861 0.015625 0.029167
0 0.869922 0.922222 0.024219 0.033333
0 0.923438 0.309028 0.015625 0.048611
0 0.487891 0.686111 0.025781 0.030556
0 0.589063 0.948611 0.021875 0.033333
0 0.925000 0.032639 0.028125 0.026389
0 0.794141 0.152083 0.019531 0.040278
0 0.376953 0.958333 0.027344 0.036111
0 0.979297 0.389583 0.022656 0.034722
0 0.082812 0.231250 0.023438 0.045833
0 0.246875 0.290278 0.026562 0.030556
0 0.704688 0.514583 0.023438 0.040278
0 0.654297 0.586111 0.017969 0.036111
0 0.216406 0.148611 0.026562 0.038889
0 0.270703 0.952778 0.017969 0.050000
0 0.360156 0.257639 0.015625 0.037500
0 0.912500 0.945139 0.028125 0.031944
0 0.973047 0.933333 0.021094 0.050000
0 0.865234 0.194444 0.024219 0.025000
0 0.300781 0.137500 0.017188 0.044444
0 0.410938 0.614583 0.020313 0.045833
0 0.806250 0.233333 0.017188 0.030556
0 0.216797 0.051389 0.024219 0.027778
0 0.292578 0.259722 0.027344 0.033333
0 0.428906 0.420139 0.023438 0.048611
0 0.062891 0.780556 0.022656 0.041667
0 0.410547 0.668750 0.016406 0.031944
0 0.380078 0.322917 0.017969 0.043056
0 0.682422 0.640972 0.024219 0.043056
0 0.333203 0.036111 0.014844 0.033333
0 0.164453 0.929167 0.025781 0.027778
0 0.385156 0.422917 0.018750 0.048611
0 0.285938 0.186806 0.015625 0.026389
0 0.949609 0.200694 0.014844 0.029167
0 0.934375 0.753472 0.023438 0.048611
0 0.515234 0.863194 0.024219 0.045833
0 0.819141 0.323611 0.016406 0.038889
0 0.467187 0.581944 0.021875 0.044444
0 0.153125 0.243056 0.018750 0.033333
0 0.468750 0.938889 0.026562 0.038889
0 0.571875 0.349306 0.017188 0.040278
0 0.862500 0.764583 0.014063 0.034722
0 0.096484 0.103472 0.019531 0.029167
0 0.245703 0.953472 0.024219 0.029167
0 0.974219 0.725000 0.026562 0.038889
0 0.285547 0.315278 0.017969 0.047222
0 0.149609 0.295833 0.017969 0.044444
0 0.935156 0.092361 0.015625 0.034722
0 0.835547 0.718056 0.027344 0.044444
0 0.397656 0.275000 0.017188 0.025000
0 0.424219 0.951389 0.028125 0.041667
0 0.836328 0.896528 0.021094 0.045833
0 0.760938 0.038889 0.021875 0.027778
0 0.176563 0.070833 0.015625 0.044444
0 0.037500 0.312500 0.025000 0.044444
0 0.055859 0.126389 0.017969 0.050000
0 0.103906 0.951389 0.020313 0.047222
0 0.744531 0.478472 0.025000 0.029167
0 0.114453 0.324306 0.025781 0.043056
0 0.477344 0.422917 0.023438 0.026389
0 0.778125 0.743056 0.026562 0.047222
0 0.292187 0.046528 0.015625 0.026389
0 0.770312 0.191667 0.021875 0.044444
0 0.451953 0.056944 0.017969 0.038889
0 0.917578 0.138194 0.014844 0.037500
0 0.141016 0.041667 0.019531 0.036111
0 0.333203 0.929861 0.021094 0.048611
1 0.872656 0.518056 0.171875 0.283333
1 0.538672 0.557639 0.103906 0.193056
1 0.279687 0.512500 0.167187 0.225000
1 0.699219 0.216667 0.109375 0.238889
1 0.697266 0.813889 0.116406 0.258333
1 0.492969 0.265972 0.129688 0.170833
1 0.135937 0.784722 0.100000 0.225000
1 0.297656 0.780556 0.170313 0.180556