0 0.533203 0.053711 0.031250 0.048828
0 0.592773 0.622070 0.056641 0.052734
0 0.209961 0.055664 0.044922 0.048828
0 0.364258 0.670898 0.056641 0.056641
0 0.637695 0.263672 0.048828 0.054688
0 0.061523 0.621094 0.037109 0.042969
0 0.552734 0.230469 0.042969 0.035156
0 0.824219 0.960938 0.042969 0.031250
0 0.535156 0.626953 0.039062 0.039062
0 0.099609 0.571289 0.058594 0.041016
0 0.613281 0.933594 0.046875 0.046875
0 0.256836 0.735352 0.048828 0.044922
0 0.888672 0.893555 0.046875 0.037109
0 0.927734 0.695312 0.050781 0.035156
0 0.789062 0.705078 0.058594 0.042969
0 0.305664 0.122070 0.056641 0.041016
0 0.137695 0.625000 0.052734 0.031250
0 0.493164 0.121094 0.056641 0.046875
0 0.064453 0.423828 0.031250 0.046875
0 0.396484 0.070312 0.046875 0.042969
0 0.267578 0.810547 0.035156 0.042969
0 0.238281 0.543945 0.039062 0.033203
0 0.307617 0.596680 0.044922 0.056641
0 0.183594 0.186523 0.039062 0.041016
0 0.831055 0.069336 0.048828 0.056641
0 0.474609 0.691406 0.035156 0.039062
0 0.122070 0.355469 0.041016 0.042969
0 0.512695 0.915039 0.056641 0.041016
0 0.479492 0.271484 0.052734 0.039062
0 0.860352 0.688477 0.037109 0.056641
0 0.279297 0.487305 0.058594 0.037109
0 0.314453 0.218750 0.046875 0.031250
1 0.399414 0.795898 0.208984 0.142578
1 0.301758 0.335938 0.181641 0.187500
1 0.830078 0.416992 0.167969 0.251953
1 0.666992 0.818359 0.193359 0.152344
1 0.683594 0.125977 0.187500 0.158203
1 0.584961 0.472656 0.201172 0.203125
1 0.125977 0.809570 0.166016 0.177734