0 0.361328 0.268555 0.031250 0.056641
0 0.958008 0.505859 0.052734 0.039062
0 0.857422 0.588867 0.058594 0.056641
0 0.847656 0.419922 0.050781 0.046875
0 0.621094 0.434570 0.046875 0.041016
0 0.883789 0.694336 0.033203 0.044922
0 0.650391 0.183594 0.035156 0.039062
0 0.504883 0.494141 0.048828 0.054688
0 0.960938 0.377930 0.046875 0.044922
0 0.595703 0.734375 0.042969 0.050781
0 0.942383 0.147461 0.044922 0.044922
0 0.532227 0.951172 0.052734 0.054688
0 0.519531 0.103516 0.035156 0.031250
0 0.448242 0.482422 0.033203 0.058594
0 0.351562 0.341797 0.046875 0.039062
0 0.441406 0.883789 0.031250 0.044922
0 0.613281 0.248047 0.031250 0.046875
0 0.719727 0.393555 0.056641 0.037109
0 0.683594 0.118164 0.035156 0.033203
0 0.694336 0.319336 0.037109 0.056641
0 0.172852 0.946289 0.048828 0.044922
0 0.583984 0.086914 0.050781 0.048828
0 0.576172 0.810547 0.031250 0.050781
0 0.129883 0.105469 0.044922 0.031250
0 0.776367 0.390625 0.033203 0.058594
0 0.385742 0.800781 0.048828 0.050781
0 0.097656 0.167969 0.031250 0.054688
0 0.477539 0.789062 0.041016 0.050781
0 0.506836 0.433594 0.041016 0.050781
0 0.040039 0.711914 0.037109 0.052734
0 0.602539 0.927734 0.052734 0.035156
0 0.957031 0.745117 0.035156 0.056641
0 0.895508 0.501953 0.048828 0.042969
0 0.333984 0.950195 0.031250 0.052734
0 0.246094 0.951172 0.050781 0.039062
0 0.533203 0.859375 0.031250 0.031250
0 0.074219 0.333008 0.035156 0.041016
0 0.320312 0.579102 0.046875 0.056641
0 0.423828 0.085938 0.042969 0.046875
0 0.386719 0.492188 0.054688 0.058594
0 0.679688 0.069336 0.046875 0.048828
0 0.382812 0.920898 0.050781 0.037109
0 0.472656 0.947266 0.042969 0.039062
1 0.155273 0.512695 0.267578 0.181641
1 0.499023 0.245117 0.181641 0.216797
1 0.768555 0.852539 0.263672 0.185547
1 0.678711 0.582031 0.271484 0.222656
1 0.818359 0.219727 0.187500 0.255859
1 0.198242 0.766602 0.259766 0.271484
1 0.262695 0.094727 0.201172 0.142578
1 0.433594 0.628906 0.152344 0.195312
1 0.201172 0.287109 0.152344 0.195312