0 0.904297 0.203125 0.031250 0.039062
0 0.072266 0.429688 0.035156 0.050781
0 0.036133 0.929688 0.033203 0.058594
0 0.460938 0.494141 0.046875 0.042969
0 0.666016 0.270508 0.031250 0.041016
0 0.581055 0.420898 0.041016 0.052734
0 0.922852 0.296875 0.033203 0.031250
0 0.188477 0.081055 0.044922 0.044922
0 0.273438 0.041992 0.031250 0.044922
0 0.955078 0.780273 0.042969 0.048828
0 0.516602 0.871094 0.041016 0.031250
0 0.098633 0.368164 0.056641 0.037109
0 0.935547 0.344727 0.054688 0.044922
0 0.313477 0.548828 0.056641 0.046875
0 0.358398 0.958008 0.033203 0.033203
0 0.938477 0.873047 0.041016 0.054688
0 0.367188 0.190430 0.039062 0.033203
0 0.103516 0.737305 0.054688 0.056641
0 0.922852 0.569336 0.041016 0.056641
0 0.073242 0.195312 0.044922 0.042969
0 0.877930 0.050781 0.044922 0.054688
0 0.532227 0.931641 0.033203 0.035156
0 0.860352 0.496094 0.041016 0.039062
0 0.695312 0.628906 0.031250 0.039062
0 0.813477 0.601562 0.037109 0.046875
0 0.807617 0.933594 0.056641 0.039062
0 0.466797 0.949219 0.042969 0.058594
0 0.569336 0.882812 0.044922 0.042969
0 0.338867 0.385742 0.041016 0.033203
0 0.040039 0.305664 0.041016 0.041016
0 0.618164 0.949219 0.044922 0.046875
0 0.207031 0.749023 0.058594 0.044922
0 0.608398 0.591797 0.048828 0.054688
0 0.275391 0.721680 0.054688 0.048828
0 0.201172 0.374023 0.031250 0.052734
0 0.968750 0.215820 0.031250 0.037109
0 0.399414 0.541016 0.044922 0.042969
0 0.927734 0.664062 0.035156 0.042969
0 0.048828 0.092773 0.054688 0.044922
0 0.283203 0.484375 0.035156 0.031250
0 0.912109 0.112305 0.046875 0.033203
0 0.901367 0.724609 0.033203 0.039062
0 0.752930 0.622070 0.056641 0.056641
0 0.468750 0.838867 0.031250 0.052734
0 0.863281 0.609375 0.042969 0.050781
0 0.039062 0.761719 0.035156 0.039062
0 0.955078 0.939453 0.031250 0.050781
1 0.222656 0.226562 0.210938 0.214844
1 0.722656 0.464844 0.203125 0.171875
1 0.784180 0.220703 0.166016 0.210938
1 0.460938 0.354492 0.171875 0.197266
1 0.738281 0.774414 0.265625 0.208984
1 0.415039 0.686523 0.208984 0.212891
1 0.154297 0.588867 0.160156 0.201172
1 0.173828 0.900391 0.179688 0.144531
1 0.541016 0.125977 0.273438 0.146484