0 0.244531 0.259722 0.023438 0.047222
0 0.275781 0.870833 0.021875 0.033333
0 0.962891 0.683333 0.027344 0.033333
0 0.264844 0.035417 0.028125 0.029167
0 0.518359 0.447222 0.024219 0.044444
0 0.318359 0.932639 0.027344 0.031944
0 0.826562 0.613889 0.018750 0.044444
0 0.557422 0.245139 0.017969 0.034722
0 0.282422 0.135417 0.024219 0.045833
0 0.919922 0.673611 0.019531 0.044444
0 0.036328 0.071528 0.022656 0.031944
0 0.398438 0.436806 0.018750 0.043056
0 0.059375 0.695139 0.025000 0.034722
0 0.967187 0.966667 0.015625 0.025000
0 0.035547 0.825000 0.027344 0.025000
0 0.086328 0.800694 0.017969 0.029167
0 0.669922 0.455556 0.016406 0.038889
0 0.613281 0.784028 0.028125 0.031944
0 0.836328 0.150000 0.022656 0.033333
0 0.738672 0.335417 0.021094 0.031944
0 0.032422 0.212500 0.021094 0.038889
0 0.507031 0.809722 0.018750 0.047222
0 0.802734 0.672917 0.022656 0.031944
0 0.244141 0.202083 0.022656 0.026389
0 0.517578 0.327083 0.024219 0.048611
0 0.772266 0.250694 0.017969 0.034722
0 0.769531 0.115278 0.018750 0.033333
0 0.032031 0.900694 0.018750 0.031944
0 0.494141 0.086111 0.021094 0.027778
0 0.442188 0.292361 0.017188 0.031944
0 0.067969 0.851389 0.014063 0.041667
0 0.475781 0.452083 0.020313 0.026389
0 0.572656 0.837500 0.021875 0.050000
0 0.777734 0.907639 0.022656 0.037500
0 0.560937 0.395139 0.021875 0.048611
0 0.402734 0.510417 0.021094 0.040278
0 0.971094 0.593056 0.018750 0.041667
0 0.777344 0.417361 0.021875 0.034722
0 0.272266 0.800694 0.014844 0.037500
0 0.824219 0.092361 0.017188 0.029167
0 0.267188 0.923611 0.021875 0.050000
0 0.789844 0.807639 0.017188 0.037500
0 0.060547 0.927778 0.017969 0.044444
0 0.541016 0.878472 0.025781 0.037500
0 0.908203 0.079167 0.016406 0.030556
0 0.065625 0.072222 0.026562 0.036111
0 0.391797 0.156944 0.027344 0.027778
0 0.505469 0.045139 0.028125 0.043056
0 0.571875 0.135417 0.015625 0.031944
0 0.921094 0.605556 0.021875 0.050000
0 0.391797 0.204167 0.027344 0.038889
0 0.714453 0.418750 0.025781 0.031944
0 0.496094 0.140972 0.017188 0.037500
0 0.114453 0.800694 0.014844 0.026389
0 0.744922 0.952778 0.025781 0.041667
0 0.290234 0.202778 0.016406 0.041667
0 0.450000 0.378472 0.018750 0.034722
0 0.641016 0.925694 0.017969 0.048611
0 0.037891 0.268056 0.016406 0.038889
0 0.282813 0.741667 0.014063 0.044444
0 0.491797 0.862500 0.022656 0.027778
0 0.789844 0.558333 0.020313 0.027778
0 0.541406 0.079167 0.018750 0.025000
0 0.947266 0.180556 0.021094 0.036111
0 0.384375 0.104861 0.018750 0.048611
0 0.434375 0.488889 0.015625 0.036111
0 0.043359 0.649306 0.025781 0.026389
0 0.586328 0.923611 0.017969 0.036111
0 0.672266 0.885417 0.021094 0.040278
0 0.355469 0.143056 0.014063 0.025000
0 0.686328 0.817361 0.024219 0.048611
0 0.494141 0.263889 0.019531 0.036111
0 0.028516 0.509722 0.016406 0.044444
0 0.523438 0.929167 0.023438 0.047222
0 0.592187 0.253472 0.020313 0.029167
0 0.847266 0.559722 0.027344 0.027778
0 0.136719 0.905556 0.015625 0.041667
0 0.452734 0.247917 0.017969 0.031944
0 0.473828 0.191667 0.019531 0.027778
0 0.594922 0.400694 0.017969 0.048611
0 0.408203 0.077778 0.021094 0.036111
0 0.556641 0.297917 0.014844 0.034722
0 0.271484 0.631944 0.024219 0.030556
0 0.805859 0.184028 0.016406 0.029167
0 0.035547 0.763889 0.024219 0.041667
0 0.664453 0.745833 0.019531 0.033333
0 0.319922 0.090972 0.022656 0.031944
1 0.310156 0.334028 0.093750 0.173611
1 0.664453 0.219444 0.111719 0.297222
1 0.505859 0.657639 0.132031 0.237500
1 0.681641 0.590972 0.160156 0.204167
1 0.895312 0.826389 0.153125 0.186111
1 0.192578 0.768056 0.096094 0.177778
1 0.173828 0.518056 0.135156 0.247222
1 0.881641 0.381944 0.158594 0.300000
1 0.148438 0.197222 0.123438 0.297222