0 0.158203 0.956055 0.058594 0.041016
0 0.377930 0.299805 0.033203 0.041016
0 0.339844 0.451172 0.039062 0.031250
0 0.889648 0.859375 0.056641 0.031250
0 0.440430 0.672852 0.056641 0.048828
0 0.456055 0.160156 0.041016 0.035156
0 0.679688 0.500977 0.058594 0.044922
0 0.830078 0.129883 0.046875 0.041016
0 0.955078 0.833008 0.050781 0.048828
0 0.099609 0.685547 0.054688 0.058594
0 0.383789 0.113281 0.044922 0.039062
0 0.533203 0.612305 0.046875 0.033203
0 0.798828 0.833008 0.042969 0.056641
0 0.865234 0.052734 0.035156 0.054688
0 0.750977 0.162109 0.033203 0.035156
0 0.245117 0.715820 0.056641 0.056641
0 0.041016 0.053711 0.042969 0.056641
0 0.700195 0.377930 0.044922 0.056641
0 0.084961 0.160156 0.048828 0.046875
0 0.748047 0.207031 0.046875 0.039062
0 0.725586 0.794922 0.056641 0.054688
0 0.541992 0.041016 0.048828 0.035156
0 0.745117 0.519531 0.048828 0.031250
0 0.647461 0.326172 0.033203 0.050781
0 0.742188 0.934570 0.054688 0.044922
0 0.879883 0.965820 0.056641 0.037109
0 0.605469 0.276367 0.039062 0.033203
0 0.700195 0.313477 0.052734 0.044922
0 0.836914 0.487305 0.033203 0.037109
0 0.338867 0.346680 0.041016 0.037109
0 0.096680 0.038086 0.044922 0.037109
0 0.937500 0.300781 0.042969 0.046875
0 0.568359 0.887695 0.031250 0.044922
0 0.369141 0.495117 0.046875 0.033203
0 0.953125 0.622070 0.058594 0.033203
0 0.171875 0.672852 0.046875 0.052734
0 0.148438 0.062500 0.039062 0.046875
0 0.947266 0.222656 0.050781 0.058594
0 0.620117 0.895508 0.037109 0.033203
0 0.853516 0.804688 0.031250 0.042969
0 0.657227 0.038086 0.037109 0.033203
0 0.922852 0.535156 0.044922 0.039062
0 0.074219 0.310547 0.046875 0.031250
0 0.265625 0.635742 0.039062 0.041016
0 0.946289 0.400391 0.041016 0.046875
0 0.671875 0.933594 0.046875 0.042969
0 0.500000 0.961914 0.054688 0.041016
0 0.948242 0.763672 0.056641 0.058594
1 0.263672 0.173828 0.156250 0.257812
1 0.180664 0.466797 0.259766 0.207031
1 0.599609 0.159180 0.230469 0.177734
1 0.583984 0.746094 0.191406 0.218750
1 0.832031 0.352539 0.144531 0.197266
1 0.824219 0.661133 0.171875 0.193359
1 0.350586 0.871094 0.224609 0.199219
1 0.502930 0.429688 0.201172 0.253906
1 0.113281 0.850586 0.160156 0.154297