0 0.518555 0.310547 0.033203 0.058594
0 0.167969 0.882812 0.031250 0.058594
0 0.139648 0.949219 0.033203 0.042969
0 0.066406 0.140625 0.058594 0.050781
0 0.226562 0.558594 0.058594 0.031250
0 0.046875 0.894531 0.058594 0.031250
0 0.086914 0.562500 0.048828 0.031250
0 0.784180 0.625000 0.037109 0.042969
0 0.096680 0.430664 0.041016 0.037109
0 0.901367 0.168945 0.041016 0.041016
0 0.623047 0.797852 0.042969 0.056641
0 0.420898 0.358398 0.056641 0.037109
0 0.209961 0.686523 0.048828 0.052734
0 0.159180 0.449219 0.048828 0.039062
0 0.231445 0.743164 0.044922 0.041016
0 0.077148 0.625977 0.056641 0.044922
0 0.910156 0.486328 0.046875 0.031250
0 0.133789 0.328125 0.048828 0.046875
0 0.880859 0.270508 0.058594 0.056641
0 0.476562 0.720703 0.031250 0.035156
0 0.593750 0.892578 0.042969 0.046875
0 0.427734 0.927734 0.031250 0.054688
0 0.354492 0.792969 0.044922 0.050781
0 0.052734 0.067383 0.042969 0.056641
0 0.684570 0.909180 0.037109 0.037109
0 0.923828 0.656250 0.046875 0.031250
0 0.685547 0.815430 0.042969 0.044922
0 0.826172 0.329102 0.035156 0.052734
0 0.782227 0.353516 0.037109 0.058594
0 0.200195 0.261719 0.033203 0.039062
0 0.541016 0.810547 0.058594 0.042969
0 0.054688 0.218750 0.054688 0.031250
0 0.147461 0.725586 0.041016 0.044922
0 0.498047 0.394531 0.046875 0.050781
0 0.054688 0.738281 0.042969 0.031250
0 0.313477 0.891602 0.037109 0.037109
0 0.141602 0.195312 0.041016 0.046875
0 0.305664 0.311523 0.041016 0.052734
0 0.334961 0.954102 0.048828 0.041016
0 0.666992 0.237305 0.052734 0.044922
0 0.853516 0.391602 0.039062 0.037109
0 0.253906 0.204102 0.035156 0.056641
0 0.118164 0.268555 0.052734 0.056641
0 0.176758 0.043945 0.052734 0.048828
0 0.922852 0.423828 0.052734 0.054688
0 0.239258 0.948242 0.052734 0.044922
0 0.384766 0.864258 0.046875 0.041016
0 0.789062 0.549805 0.050781 0.037109
1 0.351562 0.613281 0.175781 0.261719
1 0.673828 0.114258 0.218750 0.177734
1 0.635742 0.627930 0.240234 0.189453
1 0.400391 0.133789 0.183594 0.228516
1 0.856445 0.836914 0.150391 0.244141
1 0.663086 0.351562 0.169922 0.152344