0 0.108398 0.749023 0.048828 0.037109
0 0.205078 0.721680 0.042969 0.048828
0 0.184570 0.420898 0.037109 0.033203
0 0.862305 0.775391 0.048828 0.050781
0 0.804688 0.916992 0.054688 0.052734
0 0.044922 0.493164 0.054688 0.033203
0 0.531250 0.048828 0.042969 0.050781
0 0.552734 0.226562 0.042969 0.039062
0 0.051758 0.570312 0.052734 0.031250
0 0.938477 0.230469 0.048828 0.046875
0 0.454102 0.952148 0.048828 0.048828
0 0.617188 0.156250 0.042969 0.035156
0 0.719727 0.602539 0.033203 0.033203
0 0.677734 0.668945 0.058594 0.037109
0 0.093750 0.424805 0.031250 0.041016
0 0.764648 0.541016 0.052734 0.031250
0 0.435547 0.584961 0.054688 0.044922
0 0.741211 0.388672 0.052734 0.042969
0 0.531250 0.314453 0.031250 0.039062
0 0.729492 0.278320 0.033203 0.052734
0 0.147461 0.670898 0.056641 0.037109
0 0.640625 0.236328 0.039062 0.046875
0 0.515625 0.670898 0.046875 0.041016
0 0.041992 0.702148 0.041016 0.052734
0 0.711914 0.520508 0.033203 0.041016
0 0.762695 0.472656 0.052734 0.042969
0 0.770508 0.680664 0.048828 0.033203
0 0.371094 0.505859 0.035156 0.042969
0 0.395508 0.904297 0.048828 0.035156
0 0.580078 0.653320 0.050781 0.044922
0 0.921875 0.823242 0.035156 0.056641
0 0.082031 0.331055 0.050781 0.048828
0 0.916992 0.295898 0.056641 0.033203
0 0.923828 0.741211 0.050781 0.037109
0 0.164062 0.346680 0.050781 0.041016
0 0.778320 0.794922 0.041016 0.054688
0 0.837891 0.708008 0.058594 0.041016
0 0.437500 0.666992 0.046875 0.033203
0 0.966797 0.104492 0.031250 0.044922
0 0.116211 0.599609 0.037109 0.042969
0 0.701172 0.929688 0.054688 0.039062
0 0.924805 0.950195 0.056641 0.041016
0 0.924805 0.877930 0.033203 0.033203
0 0.338867 0.961914 0.052734 0.041016
0 0.842773 0.296875 0.044922 0.042969
0 0.151367 0.514648 0.052734 0.052734
0 0.724609 0.839844 0.031250 0.031250
0 0.375977 0.836914 0.033203 0.041016
0 0.597656 0.310547 0.039062 0.046875
1 0.601562 0.464844 0.164062 0.222656
1 0.564453 0.794922 0.273438 0.175781
1 0.357422 0.364258 0.210938 0.224609
1 0.785156 0.156250 0.160156 0.175781
1 0.299805 0.617188 0.201172 0.140625
1 0.184570 0.858398 0.232422 0.150391
1 0.896484 0.504883 0.152344 0.236328
1 0.118164 0.183594 0.197266 0.195312
1 0.373047 0.130859 0.238281 0.167969