0 0.169531 0.109722 0.017188 0.030556
0 0.444922 0.165278 0.021094 0.050000
0 0.908984 0.055556 0.027344 0.041667
0 0.300391 0.462500 0.022656 0.041667
0 0.316016 0.952083 0.017969 0.034722
0 0.859766 0.607639 0.014844 0.029167
0 0.767969 0.172222 0.017188 0.050000
0 0.717187 0.700000 0.021875 0.047222
0 0.859375 0.123611 0.021875 0.050000
0 0.882812 0.581250 0.020313 0.040278
0 0.653906 0.325000 0.014063 0.036111
0 0.949609 0.221528 0.025781 0.043056
0 0.159375 0.359028 0.017188 0.045833
0 0.287109 0.298611 0.016406 0.033333
0 0.948047 0.054861 0.027344 0.029167
0 0.063672 0.344444 0.022656 0.036111
0 0.311328 0.338194 0.016406 0.048611
0 0.278125 0.830556 0.026562 0.025000
0 0.191406 0.275000 0.017188 0.036111
0 0.287891 0.785417 0.019531 0.045833
0 0.201953 0.947917 0.016406 0.026389
0 0.042188 0.399306 0.015625 0.031944
0 0.978516 0.077083 0.016406 0.040278
0 0.301172 0.902778 0.021094 0.036111
0 0.232422 0.804167 0.022656 0.044444
0 0.248438 0.883333 0.023438 0.025000
0 0.712109 0.516667 0.024219 0.036111
0 0.186328 0.752778 0.017969 0.033333
0 0.107422 0.322917 0.019531 0.029167
0 0.628516 0.343056 0.014844 0.025000
0 0.816406 0.954861 0.018750 0.037500
0 0.834766 0.064583 0.021094 0.026389
0 0.678906 0.631250 0.018750 0.034722
0 0.508984 0.263194 0.027344 0.026389
0 0.860156 0.952083 0.015625 0.034722
0 0.947266 0.273611 0.017969 0.038889
0 0.388281 0.390972 0.015625 0.029167
0 0.236328 0.342361 0.021094 0.029167
0 0.439453 0.273611 0.019531 0.047222
0 0.880859 0.413889 0.027344 0.041667
0 0.958984 0.155556 0.021094 0.038889
0 0.655078 0.094444 0.025781 0.030556
0 0.083984 0.143750 0.017969 0.034722
0 0.873437 0.268056 0.026562 0.030556
0 0.043359 0.942361 0.016406 0.034722
0 0.209766 0.901389 0.021094 0.044444
0 0.222656 0.742361 0.021875 0.029167
0 0.242188 0.590972 0.028125 0.029167
0 0.146094 0.209028 0.028125 0.045833
0 0.141016 0.252083 0.027344 0.029167
0 0.717578 0.190972 0.019531 0.043056
0 0.103906 0.359028 0.020313 0.026389
0 0.766797 0.073611 0.024219 0.047222
0 0.176953 0.854861 0.024219 0.048611
0 0.420312 0.777778 0.020313 0.041667
0 0.142578 0.923611 0.019531 0.038889
0 0.053125 0.887500 0.017188 0.050000
0 0.115234 0.138194 0.022656 0.045833
0 0.019531 0.500000 0.015625 0.025000
0 0.381641 0.941667 0.025781 0.041667
0 0.202344 0.462500 0.021875 0.038889
0 0.038281 0.236111 0.023438 0.033333
0 0.482812 0.864583 0.025000 0.040278
0 0.126953 0.853472 0.022656 0.045833
0 0.651563 0.661111 0.014063 0.050000
0 0.705078 0.125000 0.016406 0.027778
0 0.436328 0.450000 0.014844 0.044444
0 0.190625 0.386111 0.017188 0.038889
0 0.805078 0.159028 0.021094 0.040278
0 0.148047 0.806250 0.019531 0.029167
0 0.078125 0.489583 0.026562 0.037500
0 0.772656 0.838889 0.015625 0.036111
0 0.417578 0.920139 0.019531 0.026389
0 0.305469 0.055556 0.021875 0.041667
0 0.685547 0.892361 0.024219 0.031944
0 0.212891 0.602778 0.017969 0.047222
0 0.044922 0.522917 0.014844 0.040278
0 0.230859 0.101389 0.025781 0.030556
0 0.974609 0.411806 0.021094 0.040278
0 0.165625 0.639583 0.014063 0.034722
0 0.387500 0.518750 0.020313 0.034722
0 0.418750 0.663194 0.025000 0.045833
0 0.276953 0.051389 0.027344 0.041667
0 0.168359 0.945139 0.016406 0.045833
0 0.905859 0.259722 0.016406 0.033333
0 0.917578 0.097222 0.016406 0.030556
0 0.249219 0.305556 0.014063 0.030556
0 0.965625 0.515278 0.015625 0.030556
0 0.185547 0.659722 0.017969 0.050000
0 0.878906 0.486806 0.017188 0.043056
0 0.335938 0.872917 0.025000 0.029167
0 0.278125 0.657639 0.023438 0.037500
0 0.116406 0.953472 0.020313 0.048611
0 0.938672 0.312500 0.021094 0.027778
0 0.182422 0.549306 0.025781 0.037500
0 0.316797 0.525694 0.027344 0.045833
0 0.396094 0.802778 0.018750 0.047222
0 0.947656 0.348611 0.025000 0.025000
0 0.947656 0.938194 0.025000 0.026389
0 0.253906 0.176389 0.023438 0.025000
0 0.744141 0.938194 0.019531 0.040278
0 0.898047 0.365972 0.025781 0.043056
0 0.330859 0.822917 0.014844 0.043056
1 0.363281 0.183333 0.103125 0.180556
1 0.552344 0.474306 0.132812 0.206944
1 0.866797 0.788194 0.161719 0.248611
1 0.752734 0.351389 0.158594 0.261111
1 0.091016 0.682639 0.124219 0.184722
1 0.567187 0.718056 0.134375 0.200000
1 0.350000 0.665972 0.095312 0.204167
1 0.583594 0.177778 0.107813 0.263889