0 0.626172 0.154167 0.021094 0.044444
0 0.061328 0.140278 0.017969 0.050000
0 0.815234 0.956250 0.021094 0.031944
0 0.663672 0.886806 0.021094 0.037500
0 0.037109 0.243056 0.014844 0.050000
0 0.586328 0.751389 0.027344 0.044444
0 0.420703 0.695139 0.019531 0.029167
0 0.334375 0.302083 0.018750 0.034722
0 0.599219 0.851389 0.026562 0.027778
0 0.035547 0.889583 0.016406 0.048611
0 0.204687 0.140972 0.020313 0.043056
0 0.758203 0.468056 0.022656 0.050000
0 0.604688 0.095139 0.018750 0.029167
0 0.842578 0.071528 0.019531 0.040278
0 0.815234 0.095139 0.016406 0.031944
0 0.053906 0.563889 0.021875 0.027778
0 0.393750 0.209722 0.018750 0.027778
0 0.480859 0.701389 0.022656 0.030556
0 0.460938 0.505556 0.028125 0.036111
0 0.784375 0.547222 0.020313 0.047222
0 0.146484 0.900000 0.019531 0.025000
0 0.979688 0.634722 0.015625 0.041667
0 0.388281 0.160417 0.014063 0.040278
0 0.423828 0.493750 0.022656 0.037500
0 0.098437 0.673611 0.015625 0.047222
0 0.266016 0.255556 0.024219 0.041667
0 0.901172 0.480556 0.019531 0.030556
0 0.396484 0.439583 0.016406 0.029167
0 0.372656 0.943750 0.025000 0.043056
0 0.071484 0.518056 0.022656 0.047222
0 0.957031 0.494444 0.021875 0.038889
0 0.087109 0.720833 0.021094 0.025000
0 0.278125 0.951389 0.014063 0.030556
0 0.085938 0.873611 0.020313 0.030556
0 0.031641 0.116667 0.022656 0.050000
0 0.032813 0.170139 0.014063 0.037500
0 0.304297 0.039583 0.019531 0.034722
0 0.611719 0.294444 0.018750 0.033333
0 0.901172 0.566667 0.025781 0.044444
0 0.856250 0.166667 0.015625 0.036111
0 0.808984 0.420833 0.022656 0.033333
0 0.637500 0.894444 0.023438 0.025000
0 0.234766 0.360417 0.016406 0.040278
0 0.285938 0.134028 0.018750 0.034722
0 0.356250 0.427083 0.014063 0.034722
0 0.386328 0.311111 0.019531 0.047222
0 0.603906 0.229167 0.025000 0.030556
0 0.346875 0.122917 0.021875 0.026389
0 0.146875 0.775694 0.023438 0.040278
0 0.177344 0.118056 0.025000 0.038889
0 0.950391 0.736111 0.017969 0.038889
0 0.975391 0.886111 0.019531 0.025000
0 0.059375 0.867361 0.015625 0.043056
0 0.433203 0.627778 0.027344 0.027778
0 0.901953 0.420833 0.017969 0.041667
0 0.359766 0.043056 0.022656 0.036111
0 0.835938 0.493056 0.028125 0.041667
0 0.927344 0.536111 0.017188 0.041667
0 0.058984 0.034028 0.017969 0.034722
0 0.082031 0.577083 0.025000 0.031944
0 0.342969 0.243056 0.018750 0.036111
0 0.243359 0.144444 0.016406 0.030556
0 0.634766 0.203472 0.027344 0.043056
0 0.023828 0.540972 0.019531 0.034722
0 0.143750 0.831250 0.014063 0.029167
0 0.956641 0.697917 0.014844 0.026389
0 0.861328 0.944444 0.024219 0.038889
0 0.189844 0.829167 0.025000 0.033333
0 0.165234 0.406944 0.025781 0.027778
0 0.721094 0.065972 0.015625 0.031944
0 0.286328 0.352083 0.025781 0.045833
0 0.170703 0.054861 0.017969 0.040278
0 0.477344 0.640278 0.014063 0.025000
1 0.251953 0.521528 0.103906 0.262500
1 0.541406 0.504167 0.121875 0.219444
1 0.739062 0.267361 0.164062 0.226389
1 0.098437 0.316667 0.098437 0.202778
1 0.712891 0.697917 0.094531 0.298611
1 0.851172 0.775694 0.133594 0.279167
1 0.492969 0.196528 0.167187 0.293056
1 0.474609 0.847917 0.157031 0.215278
1 0.292187 0.809028 0.154688 0.204167
1 0.920703 0.215972 0.100781 0.276389