0 0.248047 0.500694 0.022656 0.031944
0 0.598047 0.759722 0.014844 0.030556
0 0.888281 0.438194 0.021875 0.029167
0 0.787500 0.040278 0.015625 0.044444
0 0.818359 0.646528 0.016406 0.037500
0 0.757031 0.543056 0.018750 0.030556
0 0.818750 0.947222 0.028125 0.027778
0 0.588672 0.859028 0.019531 0.031944
0 0.749609 0.850000 0.021094 0.050000
0 0.718359 0.740278 0.025781 0.030556
0 0.540625 0.756944 0.017188 0.025000
0 0.805859 0.815278 0.021094 0.044444
0 0.271484 0.071528 0.027344 0.026389
0 0.150000 0.912500 0.028125 0.025000
0 0.778516 0.726389 0.016406 0.047222
0 0.632422 0.351389 0.014844 0.041667
0 0.095703 0.863194 0.014844 0.026389
0 0.970313 0.960417 0.017188 0.026389
0 0.538281 0.454861 0.028125 0.029167
0 0.855469 0.918750 0.021875 0.043056
0 0.629297 0.776389 0.025781 0.044444
0 0.021484 0.052083 0.019531 0.043056
0 0.537891 0.854167 0.022656 0.030556
0 0.237891 0.693056 0.019531 0.041667
0 0.927344 0.181250 0.020313 0.045833
0 0.836719 0.512500 0.014063 0.027778
0 0.981641 0.619444 0.014844 0.050000
0 0.320703 0.584028 0.019531 0.026389
0 0.860938 0.452083 0.020313 0.037500
0 0.566797 0.756944 0.017969 0.050000
0 0.755078 0.952778 0.024219 0.036111
0 0.398047 0.441667 0.014844 0.036111
0 0.242578 0.086806 0.019531 0.037500
0 0.428906 0.450694 0.020313 0.045833
0 0.228125 0.181250 0.028125 0.034722
0 0.323437 0.627083 0.021875 0.029167
0 0.689063 0.181250 0.026562 0.034722
0 0.953906 0.584028 0.014063 0.040278
0 0.043359 0.513194 0.017969 0.043056
0 0.648438 0.968750 0.018750 0.026389
0 0.637891 0.688889 0.019531 0.036111
0 0.930859 0.300000 0.019531 0.027778
0 0.244922 0.550694 0.025781 0.029167
0 0.971875 0.366667 0.028125 0.050000
0 0.065625 0.168750 0.028125 0.043056
0 0.114062 0.930556 0.026562 0.025000
0 0.721094 0.899306 0.015625 0.037500
0 0.703125 0.634028 0.026562 0.040278
0 0.884766 0.093056 0.024219 0.033333
0 0.922266 0.390278 0.016406 0.036111
0 0.662109 0.054167 0.019531 0.050000
0 0.051562 0.228472 0.015625 0.043056
0 0.902734 0.193750 0.014844 0.040278
0 0.697656 0.105556 0.026562 0.027778
0 0.700391 0.245139 0.019531 0.034722
0 0.611719 0.967361 0.015625 0.029167
0 0.321484 0.520833 0.019531 0.030556
0 0.935156 0.117361 0.020313 0.045833
0 0.613281 0.142361 0.015625 0.045833
0 0.758984 0.594444 0.021094 0.050000
0 0.466406 0.877778 0.014063 0.047222
0 0.514844 0.733333 0.023438 0.036111
0 0.916016 0.642361 0.022656 0.029167
0 0.242188 0.847917 0.023438 0.034722
0 0.067578 0.870139 0.024219 0.045833
0 0.569922 0.684028 0.024219 0.040278
0 0.634766 0.885417 0.024219 0.040278
0 0.832031 0.429167 0.025000 0.025000
0 0.403125 0.039583 0.020313 0.026389
0 0.268750 0.457639 0.021875 0.034722
0 0.709766 0.064583 0.022656 0.031944
0 0.636719 0.170139 0.020313 0.029167
0 0.024219 0.125000 0.028125 0.044444
0 0.854297 0.590972 0.014844 0.045833
0 0.218750 0.291667 0.020313 0.050000
1 0.901953 0.777083 0.149219 0.181944
1 0.116016 0.656944 0.121094 0.208333
1 0.480469 0.185417 0.135937 0.240278
1 0.821875 0.265972 0.103125 0.187500
1 0.141016 0.166667 0.096094 0.238889
1 0.333984 0.340278 0.094531 0.213889
1 0.437891 0.590278 0.135156 0.205556
1 0.116797 0.419444 0.107031 0.169444
1 0.638672 0.488194 0.122656 0.206944
1 0.325781 0.862500 0.132812 0.172222