0 0.076953 0.429167 0.027344 0.050000
0 0.491016 0.949306 0.022656 0.045833
0 0.894922 0.422917 0.016406 0.031944
0 0.396094 0.605556 0.028125 0.033333
0 0.714453 0.158333 0.019531 0.027778
0 0.053906 0.077083 0.015625 0.048611
0 0.377734 0.068750 0.022656 0.026389
0 0.541406 0.574306 0.014063 0.045833
0 0.093750 0.941667 0.014063 0.033333
0 0.879687 0.917361 0.020313 0.029167
0 0.301563 0.250694 0.021875 0.043056
0 0.609766 0.840972 0.025781 0.034722
0 0.301953 0.048611 0.014844 0.038889
0 0.078125 0.557639 0.023438 0.031944
0 0.980078 0.515972 0.017969 0.037500
0 0.130469 0.055556 0.026562 0.027778
0 0.655078 0.041667 0.014844 0.050000
0 0.929688 0.513194 0.021875 0.026389
0 0.042969 0.341667 0.028125 0.050000
0 0.078125 0.511806 0.023438 0.045833
0 0.171484 0.921528 0.025781 0.026389
0 0.917188 0.126389 0.023438 0.030556
0 0.453906 0.075694 0.028125 0.026389
0 0.660937 0.116667 0.023438 0.030556
0 0.664453 0.778472 0.014844 0.043056
0 0.026172 0.292361 0.019531 0.031944
0 0.530078 0.918750 0.019531 0.034722
0 0.964453 0.220833 0.016406 0.041667
0 0.235937 0.367361 0.020313 0.034722
0 0.531641 0.313889 0.022656 0.030556
0 0.841406 0.603472 0.023438 0.029167
0 0.802734 0.489583 0.021094 0.045833
0 0.843359 0.510417 0.021094 0.034722
0 0.506250 0.088889 0.025000 0.038889
0 0.583594 0.128472 0.017188 0.037500
0 0.535156 0.211806 0.014063 0.034722
0 0.511719 0.587500 0.021875 0.025000
0 0.230859 0.865278 0.021094 0.027778
0 0.700000 0.093056 0.028125 0.050000
0 0.187891 0.823611 0.022656 0.036111
0 0.278125 0.228472 0.017188 0.029167
0 0.604297 0.049306 0.025781 0.040278
0 0.075000 0.943750 0.017188 0.045833
0 0.452344 0.149306 0.017188 0.026389
0 0.269141 0.152083 0.024219 0.043056
0 0.615234 0.769444 0.022656 0.041667
0 0.795703 0.581250 0.022656 0.045833
0 0.809375 0.442361 0.020313 0.029167
0 0.551953 0.903472 0.016406 0.037500
0 0.904687 0.040972 0.017188 0.029167
0 0.751953 0.597917 0.014844 0.043056
0 0.804688 0.356250 0.028125 0.034722
0 0.035937 0.073611 0.014063 0.047222
0 0.710156 0.308333 0.020313 0.027778
0 0.660156 0.958333 0.021875 0.038889
0 0.069531 0.221528 0.015625 0.029167
0 0.390234 0.476389 0.024219 0.036111
0 0.596875 0.883333 0.021875 0.025000
0 0.578516 0.917361 0.017969 0.031944
0 0.831250 0.453472 0.014063 0.040278
0 0.435547 0.568056 0.027344 0.041667
0 0.090625 0.037500 0.026562 0.036111
0 0.587500 0.704861 0.021875 0.029167
0 0.399219 0.955556 0.015625 0.050000
0 0.471094 0.625000 0.014063 0.036111
0 0.824219 0.922222 0.020313 0.027778
0 0.616797 0.939583 0.024219 0.029167
0 0.494141 0.193056 0.014844 0.041667
0 0.516797 0.536806 0.025781 0.045833
0 0.296875 0.307639 0.014063 0.048611
0 0.400781 0.209722 0.028125 0.050000
0 0.538281 0.822222 0.028125 0.036111
0 0.503125 0.478472 0.018750 0.040278
0 0.871094 0.431250 0.025000 0.029167
0 0.573828 0.181944 0.027344 0.047222
0 0.044531 0.963889 0.025000 0.036111
0 0.916797 0.881944 0.016406 0.025000
0 0.849609 0.078472 0.024219 0.043056
0 0.018359 0.686111 0.016406 0.047222
0 0.619922 0.138194 0.022656 0.031944
0 0.235937 0.129167 0.025000 0.033333
0 0.743359 0.347222 0.021094 0.025000
0 0.191406 0.756944 0.015625 0.038889
0 0.736719 0.659028 0.018750 0.037500
0 0.543359 0.622917 0.019531 0.031944
0 0.971875 0.118750 0.014063 0.034722
0 0.333984 0.272222 0.017969 0.038889
0 0.225391 0.832639 0.019531 0.026389
0 0.394922 0.124306 0.022656 0.034722
0 0.800781 0.888194 0.020313 0.048611
0 0.133203 0.456250 0.019531 0.029167
0 0.104297 0.498611 0.022656 0.027778
0 0.745313 0.081944 0.028125 0.033333
0 0.734375 0.260417 0.018750 0.045833
0 0.958594 0.511806 0.015625 0.037500
0 0.705859 0.038889 0.021094 0.038889
0 0.019531 0.788889 0.014063 0.047222
0 0.220312 0.970139 0.018750 0.026389
1 0.266016 0.550000 0.152344 0.275000
1 0.435547 0.347222 0.153906 0.191667
1 0.891016 0.254861 0.111719 0.187500
1 0.158594 0.230556 0.118750 0.277778
1 0.091016 0.761111 0.097656 0.225000
1 0.727344 0.811806 0.098437 0.190278
1 0.644922 0.511806 0.144531 0.276389
1 0.919922 0.700694 0.113281 0.298611
1 0.446875 0.786111 0.140625 0.208333