0 0.887695 0.279297 0.033203 0.058594
0 0.544922 0.851562 0.035156 0.046875
0 0.515625 0.409180 0.046875 0.041016
0 0.958984 0.532227 0.046875 0.056641
0 0.553711 0.931641 0.048828 0.042969
0 0.956055 0.152344 0.044922 0.054688
0 0.098633 0.481445 0.037109 0.041016
0 0.510742 0.745117 0.041016 0.048828
0 0.751953 0.420898 0.039062 0.052734
0 0.911133 0.946289 0.044922 0.037109
0 0.455078 0.154297 0.035156 0.042969
0 0.795898 0.891602 0.056641 0.056641
0 0.440430 0.053711 0.052734 0.033203
0 0.831055 0.044922 0.041016 0.054688
0 0.356445 0.608398 0.052734 0.044922
0 0.583008 0.513672 0.041016 0.039062
0 0.608398 0.304688 0.048828 0.046875
0 0.418945 0.651367 0.033203 0.033203
0 0.894531 0.163086 0.039062 0.052734
0 0.752930 0.523438 0.048828 0.042969
0 0.844727 0.536133 0.044922 0.052734
0 0.326172 0.690430 0.050781 0.056641
0 0.957031 0.644531 0.031250 0.039062
0 0.629883 0.842773 0.041016 0.056641
0 0.567383 0.648438 0.033203 0.039062
0 0.951172 0.388672 0.039062 0.050781
0 0.533203 0.140625 0.054688 0.046875
0 0.686523 0.917969 0.056641 0.039062
0 0.175781 0.036133 0.054688 0.033203
0 0.171875 0.854492 0.054688 0.033203
0 0.608398 0.746094 0.052734 0.050781
0 0.220703 0.942383 0.046875 0.056641
0 0.472656 0.275391 0.035156 0.031250
0 0.721680 0.305664 0.056641 0.044922
0 0.598633 0.443359 0.056641 0.058594
0 0.541992 0.068359 0.056641 0.042969
0 0.064453 0.308594 0.046875 0.042969
0 0.693359 0.462891 0.050781 0.050781
0 0.645508 0.568359 0.037109 0.058594
0 0.686523 0.042969 0.041016 0.035156
0 0.050781 0.963867 0.042969 0.037109
0 0.807617 0.286133 0.037109 0.033203
0 0.624023 0.639648 0.056641 0.033203
0 0.529297 0.200195 0.054688 0.056641
0 0.050781 0.374023 0.031250 0.052734
0 0.538086 0.331055 0.033203 0.033203
1 0.729492 0.163086 0.232422 0.150391
1 0.373047 0.847656 0.210938 0.242188
1 0.279297 0.438477 0.261719 0.271484
1 0.214844 0.174805 0.222656 0.197266
1 0.805664 0.692383 0.244141 0.244141
1 0.120117 0.701172 0.185547 0.152344