0 0.077148 0.273438 0.033203 0.042969
0 0.180664 0.345703 0.052734 0.054688
0 0.083984 0.764648 0.050781 0.041016
0 0.575195 0.432617 0.052734 0.044922
0 0.750000 0.760742 0.039062 0.041016
0 0.117188 0.052734 0.058594 0.050781
0 0.630859 0.045898 0.046875 0.056641
0 0.491211 0.406250 0.044922 0.031250
0 0.141602 0.223633 0.037109 0.056641
0 0.068359 0.848633 0.046875 0.033203
0 0.437500 0.685547 0.031250 0.031250
0 0.106445 0.706055 0.044922 0.052734
0 0.205078 0.287109 0.046875 0.031250
0 0.660156 0.961914 0.054688 0.041016
0 0.905273 0.481445 0.037109 0.048828
0 0.704102 0.347656 0.041016 0.054688
0 0.516602 0.811523 0.041016 0.052734
0 0.769531 0.072266 0.050781 0.054688
0 0.463867 0.831055 0.037109 0.037109
0 0.938477 0.420898 0.048828 0.033203
0 0.648438 0.296875 0.046875 0.054688
0 0.091797 0.162109 0.050781 0.046875
0 0.882812 0.617188 0.039062 0.050781
0 0.431641 0.740234 0.054688 0.035156
0 0.660156 0.118164 0.050781 0.048828
0 0.772461 0.878906 0.037109 0.031250
0 0.193359 0.433594 0.050781 0.039062
0 0.526367 0.931641 0.052734 0.042969
0 0.132812 0.841797 0.050781 0.058594
0 0.340820 0.414062 0.044922 0.031250
1 0.383789 0.155273 0.271484 0.205078
1 0.283203 0.778320 0.195312 0.208984
1 0.601562 0.581055 0.191406 0.208984
1 0.373047 0.548828 0.164062 0.167969
1 0.860352 0.263672 0.244141 0.250000
1 0.136719 0.555664 0.183594 0.173828
1 0.883789 0.791992 0.154297 0.251953