0 0.678125 0.920139 0.014063 0.034722
0 0.450000 0.418750 0.021875 0.026389
0 0.034375 0.453472 0.018750 0.026389
0 0.089063 0.110417 0.025000 0.048611
0 0.649609 0.581944 0.021094 0.030556
0 0.350781 0.201389 0.018750 0.025000
0 0.309766 0.081250 0.022656 0.040278
0 0.110547 0.500694 0.021094 0.034722
0 0.026953 0.088889 0.019531 0.030556
0 0.950000 0.450000 0.017188 0.030556
0 0.838672 0.138889 0.025781 0.041667
0 0.801172 0.086806 0.021094 0.029167
0 0.067187 0.418056 0.015625 0.044444
0 0.619922 0.811806 0.017969 0.037500
0 0.857422 0.209028 0.022656 0.029167
0 0.289844 0.881944 0.015625 0.044444
0 0.687891 0.709028 0.017969 0.031944
0 0.114062 0.440278 0.015625 0.044444
0 0.775781 0.866667 0.015625 0.044444
0 0.975391 0.883333 0.017969 0.030556
0 0.351172 0.948611 0.019531 0.033333
0 0.333594 0.426389 0.026562 0.047222
0 0.511719 0.852083 0.023438 0.026389
0 0.967578 0.129167 0.024219 0.036111
0 0.347656 0.108333 0.020313 0.036111
0 0.365234 0.504861 0.025781 0.034722
0 0.081250 0.290972 0.017188 0.037500
0 0.461328 0.938889 0.019531 0.027778
0 0.916016 0.094444 0.025781 0.041667
0 0.189062 0.368056 0.020313 0.033333
0 0.383594 0.812500 0.026562 0.044444
0 0.050781 0.791667 0.018750 0.036111
0 0.324219 0.745833 0.017188 0.025000
0 0.352344 0.634722 0.018750 0.047222
0 0.310937 0.554167 0.026562 0.025000
0 0.064453 0.138889 0.014844 0.044444
0 0.305469 0.252778 0.014063 0.047222
0 0.076953 0.663889 0.021094 0.050000
0 0.375391 0.914583 0.016406 0.031944
0 0.230078 0.416667 0.025781 0.038889
0 0.274609 0.131944 0.019531 0.036111
0 0.094531 0.902778 0.015625 0.033333
0 0.542188 0.879861 0.028125 0.048611
0 0.329297 0.793056 0.016406 0.050000
0 0.648047 0.745833 0.019531 0.036111
0 0.922656 0.165278 0.023438 0.025000
0 0.367188 0.299306 0.014063 0.026389
0 0.275391 0.308333 0.016406 0.027778
0 0.266016 0.423611 0.019531 0.044444
0 0.019141 0.206250 0.017969 0.026389
0 0.264062 0.581944 0.015625 0.027778
0 0.108203 0.554167 0.021094 0.030556
0 0.050391 0.644444 0.024219 0.038889
0 0.084766 0.843056 0.024219 0.033333
0 0.962500 0.684722 0.025000 0.044444
0 0.304297 0.497222 0.024219 0.038889
0 0.597266 0.868056 0.017969 0.033333
0 0.662109 0.378472 0.017969 0.043056
0 0.315625 0.945139 0.025000 0.045833
0 0.242969 0.630556 0.023438 0.047222
0 0.527734 0.047917 0.024219 0.031944
0 0.722656 0.817361 0.026562 0.026389
0 0.439453 0.472222 0.021094 0.038889
0 0.618359 0.872222 0.014844 0.044444
0 0.342187 0.845139 0.020313 0.031944
0 0.792188 0.932639 0.023438 0.034722
0 0.917188 0.322222 0.028125 0.036111
0 0.491016 0.425000 0.016406 0.033333
0 0.657813 0.688889 0.020313 0.038889
0 0.262500 0.079167 0.017188 0.027778
0 0.873437 0.167361 0.021875 0.026389
0 0.039844 0.518056 0.026562 0.047222
0 0.063281 0.894444 0.021875 0.030556
0 0.025000 0.918750 0.021875 0.029167
0 0.758984 0.960417 0.025781 0.031944
0 0.193359 0.586806 0.022656 0.045833
0 0.641406 0.459722 0.014063 0.047222
0 0.607031 0.947222 0.018750 0.027778
0 0.759766 0.199306 0.022656 0.031944
0 0.876563 0.959028 0.028125 0.043056
0 0.023438 0.637500 0.014063 0.038889
0 0.957812 0.502778 0.017188 0.030556
0 0.883984 0.057639 0.024219 0.045833
0 0.478125 0.840972 0.026562 0.034722
0 0.775391 0.103472 0.016406 0.045833
0 0.703516 0.405556 0.021094 0.036111
0 0.148047 0.420833 0.017969 0.050000
0 0.535937 0.800694 0.023438 0.040278
0 0.881641 0.247222 0.019531 0.033333
0 0.975000 0.363889 0.017188 0.047222
0 0.953516 0.188889 0.025781 0.038889
0 0.381641 0.070139 0.024219 0.034722
1 0.876172 0.786806 0.138281 0.220833
1 0.644531 0.230556 0.120313 0.219444
1 0.459766 0.630556 0.144531 0.213889
1 0.164062 0.724306 0.121875 0.201389
1 0.176953 0.186111 0.133594 0.205556
1 0.814453 0.377778 0.158594 0.188889
1 0.487891 0.244444 0.149219 0.277778