0 0.024219 0.607639 0.028125 0.029167
0 0.404687 0.963194 0.014063 0.026389
0 0.509375 0.139583 0.020313 0.029167
0 0.187500 0.564583 0.018750 0.031944
0 0.716797 0.851389 0.021094 0.025000
0 0.858594 0.851389 0.018750 0.025000
0 0.028125 0.696528 0.026562 0.031944
0 0.401953 0.557639 0.021094 0.037500
0 0.117969 0.587500 0.021875 0.025000
0 0.284375 0.925694 0.023438 0.043056
0 0.118750 0.939583 0.026562 0.043056
0 0.646094 0.098611 0.023438 0.027778
0 0.157031 0.124306 0.017188 0.043056
0 0.510938 0.187500 0.023438 0.038889
0 0.597656 0.940278 0.028125 0.038889
0 0.249609 0.041667 0.017969 0.044444
0 0.145313 0.078472 0.015625 0.037500
0 0.117188 0.190972 0.014063 0.037500
0 0.944531 0.314583 0.015625 0.040278
0 0.185547 0.450694 0.016406 0.040278
0 0.380078 0.034722 0.016406 0.033333
0 0.317578 0.490972 0.022656 0.031944
0 0.085156 0.745833 0.028125 0.041667
0 0.048828 0.129861 0.016406 0.037500
0 0.937500 0.871528 0.017188 0.034722
0 0.949609 0.101389 0.022656 0.025000
0 0.430078 0.477083 0.016406 0.026389
0 0.349609 0.527083 0.019531 0.040278
0 0.285938 0.519444 0.018750 0.050000
0 0.158594 0.214583 0.014063 0.031944
0 0.503125 0.054861 0.021875 0.037500
0 0.452344 0.106944 0.021875 0.036111
0 0.333203 0.847222 0.017969 0.025000
0 0.906641 0.931944 0.014844 0.030556
0 0.398828 0.870139 0.021094 0.034722
0 0.710938 0.082639 0.028125 0.031944
0 0.973047 0.672917 0.027344 0.048611
0 0.403516 0.516667 0.022656 0.027778
0 0.066406 0.957639 0.020313 0.048611
0 0.371094 0.574306 0.018750 0.034722
0 0.441406 0.042361 0.026562 0.026389
0 0.325000 0.110417 0.017188 0.040278
0 0.829297 0.871528 0.022656 0.029167
0 0.630469 0.777778 0.014063 0.041667
0 0.968750 0.305556 0.014063 0.033333
0 0.500000 0.565278 0.028125 0.050000
0 0.356250 0.879861 0.023438 0.029167
0 0.725000 0.804167 0.028125 0.038889
0 0.021094 0.223611 0.017188 0.030556
0 0.950391 0.154861 0.016406 0.040278
0 0.258984 0.945833 0.021094 0.030556
0 0.178906 0.059028 0.025000 0.045833
0 0.901563 0.417361 0.017188 0.045833
0 0.629687 0.909722 0.015625 0.038889
0 0.924219 0.169444 0.018750 0.030556
0 0.953125 0.625694 0.020313 0.026389
0 0.261328 0.147917 0.021094 0.026389
0 0.064453 0.818750 0.021094 0.029167
0 0.082812 0.633333 0.023438 0.044444
0 0.652344 0.052083 0.015625 0.045833
0 0.889453 0.097917 0.016406 0.034722
0 0.386719 0.670833 0.014063 0.047222
0 0.363672 0.928472 0.017969 0.026389
0 0.111328 0.642361 0.014844 0.040278
0 0.915234 0.864583 0.017969 0.040278
0 0.395703 0.082639 0.021094 0.040278
0 0.701172 0.417361 0.022656 0.043056
0 0.552734 0.046528 0.019531 0.040278
0 0.153516 0.931250 0.027344 0.029167
0 0.088672 0.544444 0.019531 0.027778
0 0.796875 0.826389 0.015625 0.041667
0 0.053906 0.877083 0.028125 0.040278
0 0.603906 0.888889 0.023438 0.047222
0 0.089063 0.278472 0.018750 0.031944
0 0.529687 0.835417 0.025000 0.043056
0 0.810937 0.948611 0.014063 0.036111
0 0.851172 0.790278 0.021094 0.027778
0 0.675391 0.952083 0.019531 0.043056
0 0.942969 0.941667 0.020313 0.027778
0 0.207031 0.114583 0.026562 0.040278
0 0.925000 0.370139 0.028125 0.026389
0 0.927734 0.218056 0.021094 0.050000
0 0.330078 0.601389 0.021094 0.041667
0 0.548438 0.190278 0.017188 0.033333
0 0.883984 0.956944 0.021094 0.038889
0 0.058594 0.701389 0.015625 0.027778
0 0.239063 0.573611 0.028125 0.030556
0 0.969531 0.841667 0.014063 0.050000
0 0.289062 0.593750 0.015625 0.043056
0 0.589844 0.763889 0.014063 0.038889
0 0.428906 0.927778 0.017188 0.047222
0 0.218750 0.485417 0.014063 0.034722
0 0.253516 0.534722 0.024219 0.036111
1 0.510547 0.701389 0.135156 0.194444
1 0.262891 0.294444 0.158594 0.200000
1 0.688281 0.631944 0.134375 0.225000
1 0.193750 0.761111 0.098437 0.291667
1 0.803125 0.311806 0.167187 0.270833
1 0.525391 0.347222 0.102344 0.233333
1 0.848047 0.627083 0.138281 0.231944
1 0.117188 0.417361 0.095312 0.170833
1 0.318750 0.734028 0.107813 0.176389
1 0.638281 0.276389 0.093750 0.252778