0 0.726172 0.220139 0.021094 0.034722
0 0.024219 0.250694 0.020313 0.040278
0 0.232422 0.954861 0.016406 0.029167
0 0.771484 0.593056 0.016406 0.030556
0 0.478125 0.655556 0.014063 0.025000
0 0.131250 0.951389 0.028125 0.044444
0 0.759375 0.327778 0.026562 0.027778
0 0.764453 0.259028 0.025781 0.037500
0 0.072656 0.513889 0.026562 0.044444
0 0.259375 0.568056 0.017188 0.033333
0 0.376953 0.573611 0.017969 0.050000
0 0.438672 0.906250 0.022656 0.048611
0 0.185156 0.711111 0.026562 0.025000
0 0.516797 0.439583 0.027344 0.026389
0 0.422266 0.596528 0.022656 0.040278
0 0.882422 0.948611 0.017969 0.030556
0 0.536719 0.967361 0.020313 0.026389
0 0.428516 0.650000 0.016406 0.047222
0 0.694531 0.742361 0.017188 0.034722
0 0.251563 0.620139 0.023438 0.037500
0 0.154688 0.494444 0.014063 0.030556
0 0.894922 0.594444 0.027344 0.044444
0 0.031250 0.861806 0.028125 0.037500
0 0.301172 0.575000 0.016406 0.044444
0 0.805859 0.120139 0.016406 0.029167
0 0.983203 0.682639 0.014844 0.034722
0 0.814063 0.073611 0.017188 0.047222
0 0.816406 0.340972 0.015625 0.029167
0 0.972656 0.861806 0.014063 0.040278
0 0.187891 0.527083 0.025781 0.029167
0 0.767578 0.043056 0.025781 0.041667
0 0.133203 0.051389 0.017969 0.027778
0 0.368750 0.812500 0.014063 0.030556
0 0.391016 0.960417 0.021094 0.045833
0 0.523047 0.631250 0.014844 0.026389
0 0.747266 0.665278 0.025781 0.036111
0 0.546094 0.589583 0.017188 0.034722
0 0.438281 0.080556 0.015625 0.027778
0 0.371875 0.070139 0.021875 0.031944
0 0.546875 0.427083 0.018750 0.040278
0 0.820312 0.510417 0.018750 0.031944
0 0.723828 0.944444 0.014844 0.041667
0 0.067578 0.390972 0.019531 0.037500
0 0.741406 0.870833 0.025000 0.025000
0 0.793359 0.645833 0.021094 0.033333
0 0.720703 0.268056 0.025781 0.038889
0 0.072266 0.901389 0.017969 0.038889
0 0.794922 0.854167 0.025781 0.041667
0 0.297656 0.507639 0.023438 0.029167
0 0.436328 0.713194 0.027344 0.045833
0 0.445312 0.427083 0.015625 0.048611
0 0.770312 0.213194 0.017188 0.029167
0 0.755078 0.159028 0.027344 0.029167
0 0.763672 0.448611 0.027344 0.050000
0 0.453125 0.484028 0.020313 0.034722
0 0.183984 0.671528 0.016406 0.040278
0 0.209375 0.638889 0.017188 0.025000
0 0.712500 0.355556 0.023438 0.038889
0 0.939063 0.576389 0.025000 0.047222
0 0.965234 0.783333 0.022656 0.027778
0 0.334766 0.754861 0.019531 0.031944
0 0.158984 0.401389 0.017969 0.041667
0 0.813281 0.431944 0.021875 0.047222
0 0.898047 0.407639 0.016406 0.045833
0 0.419922 0.534028 0.024219 0.026389
0 0.540234 0.491667 0.017969 0.025000
0 0.397266 0.734028 0.016406 0.043056
0 0.920703 0.936111 0.025781 0.025000
0 0.679297 0.377083 0.024219 0.048611
0 0.341406 0.075694 0.023438 0.045833
0 0.211719 0.827778 0.026562 0.033333
0 0.282422 0.068056 0.016406 0.036111
0 0.342187 0.629167 0.015625 0.025000
0 0.223438 0.522917 0.018750 0.045833
0 0.954297 0.452083 0.025781 0.045833
0 0.339844 0.876389 0.018750 0.025000
0 0.853125 0.455556 0.020313 0.025000
0 0.207813 0.772222 0.018750 0.027778
0 0.074609 0.084028 0.021094 0.040278
0 0.107031 0.484028 0.020313 0.040278
0 0.775781 0.396528 0.021875 0.026389
0 0.793359 0.720139 0.017969 0.029167
0 0.689063 0.259028 0.023438 0.026389
0 0.208594 0.434028 0.017188 0.034722
0 0.165625 0.927778 0.028125 0.041667
0 0.349219 0.665972 0.018750 0.034722
0 0.823828 0.587500 0.025781 0.041667
0 0.059375 0.440972 0.023438 0.040278
0 0.024219 0.927778 0.028125 0.041667
0 0.096094 0.913889 0.017188 0.036111
0 0.313672 0.060417 0.025781 0.037500
0 0.287500 0.717361 0.015625 0.034722
0 0.723828 0.822222 0.021094 0.044444
0 0.714844 0.168750 0.023438 0.031944
0 0.467578 0.604167 0.021094 0.027778
0 0.691406 0.036111 0.015625 0.036111
0 0.755469 0.502083 0.017188 0.034722
0 0.351172 0.532639 0.022656 0.045833
0 0.398438 0.864583 0.021875 0.043056
1 0.546875 0.813889 0.167187 0.208333
1 0.646484 0.532639 0.149219 0.215278
1 0.343750 0.263194 0.171875 0.276389
1 0.146484 0.229167 0.166406 0.233333
1 0.098437 0.690972 0.137500 0.234722
1 0.532422 0.156250 0.152344 0.176389
1 0.888672 0.767361 0.121094 0.229167