0 0.776367 0.101562 0.056641 0.054688
0 0.480469 0.438477 0.035156 0.052734
0 0.151367 0.122070 0.052734 0.048828
0 0.109375 0.642578 0.039062 0.039062
0 0.150391 0.330078 0.046875 0.058594
0 0.065430 0.858398 0.048828 0.037109
0 0.493164 0.501953 0.041016 0.031250
0 0.892578 0.302734 0.058594 0.046875
0 0.040039 0.057617 0.037109 0.048828
0 0.489258 0.115234 0.033203 0.039062
0 0.717773 0.166016 0.041016 0.042969
0 0.227539 0.342773 0.048828 0.037109
0 0.853516 0.102539 0.054688 0.056641
0 0.064453 0.298828 0.035156 0.031250
0 0.535156 0.594727 0.050781 0.056641
0 0.039062 0.647461 0.035156 0.052734
0 0.056641 0.791992 0.035156 0.056641
0 0.425781 0.964844 0.039062 0.035156
0 0.053711 0.215820 0.041016 0.044922
0 0.162109 0.041992 0.054688 0.052734
0 0.858398 0.423828 0.033203 0.058594
0 0.049805 0.536133 0.056641 0.033203
0 0.840820 0.186523 0.041016 0.037109
0 0.407227 0.072266 0.056641 0.031250
0 0.928711 0.460938 0.037109 0.031250
0 0.086914 0.389648 0.056641 0.052734
0 0.527344 0.263672 0.031250 0.046875
0 0.713867 0.041992 0.033203 0.048828
0 0.957031 0.762695 0.046875 0.052734
0 0.919922 0.817383 0.039062 0.037109
0 0.632812 0.619141 0.058594 0.054688
1 0.710938 0.391602 0.234375 0.251953
1 0.328125 0.232422 0.242188 0.164062
1 0.752930 0.871094 0.263672 0.214844
1 0.229492 0.850586 0.228516 0.181641
1 0.304688 0.557617 0.253906 0.212891
1 0.505859 0.789062 0.136719 0.167969
1 0.609375 0.104492 0.160156 0.154297
1 0.793945 0.627930 0.236328 0.154297