0 0.581055 0.922852 0.044922 0.033203
0 0.952148 0.123047 0.052734 0.058594
0 0.764648 0.490234 0.056641 0.031250
0 0.562500 0.426758 0.035156 0.037109
0 0.653320 0.805664 0.041016 0.037109
0 0.599609 0.491211 0.054688 0.052734
0 0.612305 0.711914 0.033203 0.037109
0 0.638672 0.563477 0.050781 0.056641
0 0.100586 0.896484 0.041016 0.042969
0 0.890625 0.261719 0.054688 0.050781
0 0.488281 0.350586 0.058594 0.052734
0 0.650391 0.093750 0.058594 0.042969
0 0.306641 0.738281 0.039062 0.046875
0 0.044922 0.520508 0.046875 0.052734
0 0.083984 0.430664 0.054688 0.033203
0 0.329102 0.888672 0.033203 0.039062
0 0.706055 0.955078 0.033203 0.042969
0 0.280273 0.818359 0.044922 0.039062
0 0.310547 0.166016 0.042969 0.054688
0 0.838867 0.930664 0.052734 0.056641
0 0.750000 0.049805 0.054688 0.056641
0 0.943359 0.612305 0.039062 0.037109
0 0.635742 0.895508 0.048828 0.048828
0 0.804688 0.101562 0.035156 0.046875
0 0.706055 0.564453 0.033203 0.042969
0 0.904297 0.053711 0.042969 0.033203
0 0.114258 0.499023 0.037109 0.048828
0 0.421875 0.490234 0.046875 0.046875
0 0.345703 0.034180 0.050781 0.037109
0 0.420898 0.948242 0.048828 0.056641
0 0.062500 0.352539 0.031250 0.033203
0 0.200195 0.290039 0.041016 0.052734
0 0.523438 0.501953 0.050781 0.035156
0 0.587891 0.327148 0.035156 0.041016
0 0.072266 0.958008 0.054688 0.048828
0 0.329102 0.230469 0.056641 0.050781
0 0.057617 0.307617 0.041016 0.041016
0 0.831055 0.491211 0.052734 0.056641
0 0.040039 0.238281 0.041016 0.042969
0 0.479492 0.564453 0.048828 0.054688
0 0.416016 0.575195 0.050781 0.037109
0 0.840820 0.588867 0.033203 0.052734
0 0.931641 0.481445 0.039062 0.041016
0 0.887695 0.420898 0.037109 0.052734
0 0.168945 0.883789 0.044922 0.033203
0 0.958984 0.540039 0.050781 0.041016
0 0.599609 0.779297 0.039062 0.035156
0 0.736328 0.111328 0.058594 0.031250
1 0.740234 0.304688 0.222656 0.269531
1 0.259766 0.472656 0.238281 0.269531
1 0.461914 0.765625 0.212891 0.261719
1 0.806641 0.758789 0.210938 0.236328
1 0.186523 0.143555 0.185547 0.154297
1 0.479492 0.183594 0.212891 0.230469
1 0.138672 0.740234 0.207031 0.218750