0 0.643555 0.889648 0.037109 0.048828
0 0.117188 0.313477 0.042969 0.052734
0 0.747070 0.958008 0.052734 0.041016
0 0.300781 0.463867 0.039062 0.037109
0 0.066406 0.700195 0.058594 0.052734
0 0.367188 0.642578 0.031250 0.031250
0 0.617188 0.104492 0.042969 0.056641
0 0.467773 0.891602 0.048828 0.048828
0 0.260742 0.312500 0.056641 0.046875
0 0.555664 0.890625 0.041016 0.046875
0 0.404297 0.889648 0.042969 0.033203
0 0.482422 0.219727 0.050781 0.048828
0 0.955078 0.196289 0.054688 0.037109
0 0.065430 0.578125 0.056641 0.046875
0 0.821289 0.921875 0.056641 0.031250
0 0.352539 0.286133 0.052734 0.052734
0 0.833984 0.069336 0.050781 0.037109
0 0.777344 0.578125 0.042969 0.042969
0 0.870117 0.530273 0.048828 0.052734
0 0.111328 0.929688 0.042969 0.050781
0 0.083984 0.870117 0.050781 0.033203
0 0.855469 0.164062 0.035156 0.054688
0 0.046875 0.161133 0.050781 0.052734
0 0.650391 0.175781 0.058594 0.046875
0 0.547852 0.044922 0.033203 0.042969
0 0.121094 0.815430 0.046875 0.041016
0 0.706055 0.087891 0.044922 0.050781
0 0.695312 0.561523 0.058594 0.041016
0 0.564453 0.959961 0.031250 0.044922
0 0.578125 0.612305 0.058594 0.044922
0 0.149414 0.756836 0.037109 0.052734
1 0.516602 0.406250 0.150391 0.269531
1 0.766602 0.353516 0.216797 0.230469
1 0.265625 0.845703 0.164062 0.269531
1 0.141602 0.449219 0.189453 0.136719
1 0.552734 0.728516 0.269531 0.164062
1 0.209961 0.130859 0.220703 0.207031
1 0.850586 0.766602 0.259766 0.236328