0 0.318750 0.563889 0.018750 0.038889
0 0.714063 0.376389 0.026562 0.050000
0 0.251172 0.848611 0.024219 0.027778
0 0.921875 0.754861 0.015625 0.029167
0 0.320312 0.210417 0.026562 0.048611
0 0.817578 0.802083 0.021094 0.034722
0 0.383594 0.647917 0.017188 0.026389
0 0.874609 0.510417 0.016406 0.048611
0 0.698828 0.831250 0.024219 0.029167
0 0.773438 0.245833 0.014063 0.038889
0 0.735156 0.033333 0.025000 0.033333
0 0.783594 0.877778 0.017188 0.030556
0 0.171875 0.129861 0.014063 0.034722
0 0.242188 0.072222 0.017188 0.038889
0 0.946094 0.743056 0.015625 0.036111
0 0.932813 0.676389 0.017188 0.027778
0 0.076172 0.193750 0.019531 0.029167
0 0.517969 0.287500 0.018750 0.044444
0 0.685937 0.894444 0.021875 0.030556
0 0.932813 0.539583 0.025000 0.045833
0 0.692187 0.095833 0.014063 0.033333
0 0.272266 0.580556 0.025781 0.025000
0 0.909766 0.069444 0.027344 0.047222
0 0.029297 0.329861 0.021094 0.026389
0 0.300391 0.759722 0.027344 0.047222
0 0.828516 0.945833 0.024219 0.036111
0 0.311719 0.861111 0.023438 0.036111
0 0.326953 0.325000 0.014844 0.030556
0 0.584766 0.216667 0.022656 0.025000
0 0.098047 0.038194 0.022656 0.029167
0 0.751172 0.313889 0.022656 0.038889
0 0.042969 0.176389 0.025000 0.033333
0 0.421094 0.398611 0.028125 0.041667
0 0.231250 0.596528 0.023438 0.048611
0 0.937891 0.117361 0.017969 0.026389
0 0.855078 0.802083 0.016406 0.045833
0 0.853516 0.856250 0.027344 0.034722
0 0.829688 0.672917 0.028125 0.031944
0 0.609766 0.701389 0.017969 0.050000
0 0.257031 0.118750 0.021875 0.040278
0 0.064453 0.093056 0.024219 0.030556
0 0.367188 0.595833 0.025000 0.030556
0 0.594922 0.041667 0.024219 0.044444
0 0.602734 0.265278 0.024219 0.044444
0 0.962109 0.591667 0.014844 0.050000
0 0.612109 0.086806 0.017969 0.031944
0 0.905859 0.138889 0.025781 0.036111
0 0.795703 0.954861 0.022656 0.026389
0 0.660937 0.077083 0.018750 0.031944
0 0.489063 0.586806 0.023438 0.031944
0 0.919531 0.816667 0.026562 0.047222
0 0.278906 0.208333 0.014063 0.038889
0 0.735938 0.941667 0.015625 0.041667
0 0.332813 0.441667 0.020313 0.050000
0 0.714453 0.927778 0.016406 0.041667
0 0.217578 0.529167 0.016406 0.025000
0 0.332422 0.670833 0.022656 0.027778
0 0.855078 0.140972 0.017969 0.031944
0 0.314844 0.506250 0.023438 0.031944
0 0.216797 0.816667 0.014844 0.041667
0 0.557422 0.078472 0.019531 0.043056
0 0.967578 0.296528 0.017969 0.029167
0 0.035156 0.229167 0.018750 0.027778
0 0.620703 0.613194 0.022656 0.034722
0 0.376563 0.465972 0.025000 0.029167
0 0.466406 0.669444 0.014063 0.041667
0 0.841406 0.745833 0.020313 0.041667
0 0.264453 0.392361 0.016406 0.026389
0 0.869141 0.925000 0.022656 0.036111
0 0.959375 0.827778 0.023438 0.033333
0 0.435156 0.522917 0.021875 0.048611
0 0.974219 0.522222 0.017188 0.025000
0 0.292187 0.281944 0.015625 0.038889
0 0.476953 0.295139 0.016406 0.026389
0 0.268750 0.286806 0.023438 0.031944
0 0.820312 0.887500 0.017188 0.033333
0 0.829297 0.575000 0.027344 0.041667
0 0.706250 0.204167 0.018750 0.025000
0 0.254688 0.954861 0.017188 0.031944
0 0.448437 0.620833 0.014063 0.038889
0 0.328516 0.811806 0.025781 0.045833
0 0.585938 0.138889 0.017188 0.038889
0 0.250781 0.518056 0.021875 0.038889
0 0.653125 0.274306 0.014063 0.043056
0 0.967578 0.209722 0.027344 0.027778
0 0.447656 0.661806 0.014063 0.026389
0 0.948438 0.065972 0.018750 0.043056
1 0.873047 0.322222 0.136719 0.202778
1 0.738672 0.678472 0.127344 0.251389
1 0.406641 0.159722 0.135156 0.222222
1 0.175000 0.365278 0.095312 0.263889
1 0.573047 0.428472 0.160156 0.218056
1 0.574219 0.841667 0.171875 0.186111
1 0.411328 0.832639 0.119531 0.243056
1 0.109375 0.718056 0.160938 0.297222