0 0.136719 0.515625 0.031250 0.050781
0 0.458984 0.110352 0.054688 0.044922
0 0.944336 0.300781 0.052734 0.035156
0 0.604492 0.629883 0.033203 0.056641
0 0.806641 0.942383 0.054688 0.041016
0 0.609375 0.750977 0.035156 0.056641
0 0.625000 0.940430 0.054688 0.033203
0 0.084961 0.715820 0.033203 0.033203
0 0.234375 0.934570 0.031250 0.037109
0 0.055664 0.083984 0.033203 0.042969
0 0.125977 0.274414 0.048828 0.041016
0 0.836914 0.288086 0.044922 0.048828
0 0.047852 0.172852 0.056641 0.052734
0 0.498047 0.630859 0.050781 0.058594
0 0.244141 0.120117 0.042969 0.044922
0 0.347656 0.157227 0.039062 0.041016
0 0.149414 0.337891 0.048828 0.031250
0 0.170898 0.402344 0.037109 0.046875
0 0.662109 0.669922 0.046875 0.035156
0 0.117188 0.820312 0.050781 0.046875
0 0.416016 0.170898 0.050781 0.041016
0 0.621094 0.072266 0.046875 0.046875
0 0.144531 0.198242 0.031250 0.044922
0 0.929688 0.664062 0.046875 0.046875
0 0.503906 0.702148 0.031250 0.044922
0 0.150391 0.140625 0.046875 0.031250
0 0.061523 0.356445 0.033203 0.056641
0 0.483398 0.807617 0.052734 0.048828
0 0.326172 0.043945 0.054688 0.048828
0 0.041016 0.243164 0.046875 0.041016
0 0.554688 0.826172 0.035156 0.042969
1 0.333984 0.833008 0.230469 0.150391
1 0.753906 0.486328 0.269531 0.136719
1 0.425781 0.318359 0.242188 0.238281
1 0.823242 0.151367 0.263672 0.185547
1 0.320312 0.605469 0.187500 0.203125
1 0.799805 0.795898 0.220703 0.154297