0 0.774414 0.383789 0.048828 0.044922
0 0.463867 0.517578 0.048828 0.035156
0 0.901367 0.070312 0.052734 0.035156
0 0.916992 0.756836 0.041016 0.048828
0 0.091797 0.068359 0.039062 0.031250
0 0.751953 0.864258 0.054688 0.037109
0 0.921875 0.536133 0.054688 0.048828
0 0.576172 0.358398 0.039062 0.041016
0 0.828125 0.227539 0.046875 0.037109
0 0.827148 0.583984 0.037109 0.031250
0 0.816406 0.310547 0.039062 0.046875
0 0.298828 0.466797 0.031250 0.050781
0 0.259766 0.092773 0.050781 0.033203
0 0.870117 0.834961 0.033203 0.041016
0 0.934570 0.410156 0.052734 0.031250
0 0.129883 0.126953 0.056641 0.046875
0 0.399414 0.619141 0.048828 0.035156
0 0.719727 0.742188 0.048828 0.050781
0 0.077148 0.673828 0.033203 0.050781
0 0.392578 0.694336 0.039062 0.048828
0 0.688477 0.938477 0.044922 0.041016
0 0.945312 0.956055 0.054688 0.041016
0 0.859375 0.453125 0.046875 0.046875
0 0.933594 0.616211 0.031250 0.033203
0 0.814453 0.531250 0.042969 0.050781
0 0.379883 0.393555 0.041016 0.044922
0 0.868164 0.166016 0.052734 0.042969
0 0.205078 0.157227 0.050781 0.033203
0 0.349609 0.482422 0.042969 0.050781
0 0.171875 0.458984 0.050781 0.039062
0 0.454102 0.468750 0.048828 0.031250
0 0.676758 0.352539 0.048828 0.033203
0 0.869141 0.747070 0.035156 0.048828
0 0.055664 0.729492 0.037109 0.041016
0 0.914062 0.272461 0.054688 0.052734
0 0.802734 0.813477 0.039062 0.033203
0 0.929688 0.202148 0.031250 0.048828
0 0.041016 0.120117 0.050781 0.037109
0 0.204102 0.102539 0.041016 0.037109
0 0.888672 0.350586 0.046875 0.041016
0 0.837891 0.905273 0.054688 0.056641
0 0.785156 0.742188 0.050781 0.050781
0 0.803711 0.161133 0.037109 0.056641
0 0.033203 0.602539 0.031250 0.048828
0 0.290039 0.365234 0.048828 0.031250
0 0.935547 0.661133 0.039062 0.041016
0 0.513672 0.441406 0.031250 0.035156
0 0.951172 0.357422 0.050781 0.046875
1 0.650391 0.546875 0.222656 0.261719
1 0.166016 0.304688 0.152344 0.226562
1 0.224609 0.606445 0.230469 0.181641
1 0.691406 0.179688 0.152344 0.222656
1 0.427734 0.208984 0.238281 0.234375
1 0.135742 0.866211 0.185547 0.216797
1 0.347656 0.848633 0.183594 0.240234
1 0.549805 0.831055 0.162109 0.220703