0 0.680469 0.756944 0.023438 0.041667
0 0.576172 0.811806 0.024219 0.029167
0 0.656641 0.146528 0.022656 0.043056
0 0.347266 0.174306 0.022656 0.043056
0 0.113281 0.839583 0.023438 0.043056
0 0.495703 0.515278 0.017969 0.044444
0 0.745313 0.359722 0.026562 0.030556
0 0.762500 0.477778 0.017188 0.030556
0 0.916016 0.511806 0.024219 0.026389
0 0.892188 0.494444 0.017188 0.025000
0 0.501563 0.427083 0.015625 0.037500
0 0.235937 0.042361 0.020313 0.043056
0 0.415234 0.309028 0.027344 0.029167
0 0.057813 0.950000 0.014063 0.038889
0 0.552344 0.315278 0.026562 0.030556
0 0.180859 0.704861 0.016406 0.045833
0 0.151562 0.177778 0.023438 0.030556
0 0.698438 0.618750 0.020313 0.029167
0 0.913281 0.420833 0.023438 0.027778
0 0.627344 0.622222 0.017188 0.041667
0 0.977344 0.646528 0.018750 0.031944
0 0.567187 0.961111 0.017188 0.038889
0 0.734375 0.765972 0.018750 0.048611
0 0.971875 0.944444 0.015625 0.041667
0 0.314844 0.455556 0.018750 0.038889
0 0.095703 0.277778 0.024219 0.038889
0 0.410156 0.203472 0.015625 0.037500
0 0.334375 0.951389 0.020313 0.044444
0 0.638281 0.870833 0.021875 0.033333
0 0.152734 0.935417 0.025781 0.037500
0 0.717578 0.686111 0.021094 0.036111
0 0.672266 0.616667 0.021094 0.038889
0 0.878516 0.409028 0.022656 0.034722
0 0.378125 0.315278 0.017188 0.033333
0 0.671484 0.875694 0.019531 0.029167
0 0.920312 0.035417 0.025000 0.034722
0 0.412109 0.345833 0.014844 0.025000
0 0.028125 0.159722 0.025000 0.047222
0 0.024609 0.902083 0.016406 0.037500
0 0.252734 0.105556 0.022656 0.041667
0 0.803906 0.604861 0.028125 0.040278
0 0.021875 0.313889 0.014063 0.027778
0 0.462891 0.549306 0.017969 0.029167
0 0.031641 0.754861 0.014844 0.037500
0 0.707812 0.920833 0.026562 0.038889
0 0.370312 0.238889 0.018750 0.036111
0 0.792969 0.378472 0.026562 0.045833
0 0.082812 0.755556 0.026562 0.041667
0 0.539062 0.579861 0.020313 0.034722
0 0.616406 0.954861 0.025000 0.045833
0 0.700000 0.213194 0.026562 0.031944
0 0.728516 0.045139 0.025781 0.043056
0 0.934375 0.281250 0.021875 0.045833
0 0.941797 0.612500 0.025781 0.038889
0 0.458594 0.317361 0.025000 0.037500
0 0.733203 0.520139 0.021094 0.043056
0 0.665625 0.264583 0.026562 0.040278
0 0.069922 0.380556 0.014844 0.030556
0 0.428125 0.932639 0.017188 0.031944
0 0.550781 0.534722 0.021875 0.025000
0 0.636719 0.780556 0.018750 0.027778
0 0.199609 0.763194 0.021094 0.029167
0 0.539844 0.406250 0.025000 0.029167
0 0.837891 0.410417 0.014844 0.048611
0 0.799219 0.877083 0.018750 0.031944
0 0.682813 0.080556 0.018750 0.041667
0 0.378516 0.554167 0.014844 0.027778
0 0.319531 0.527778 0.015625 0.030556
0 0.648047 0.925694 0.027344 0.048611
0 0.333984 0.648611 0.027344 0.047222
0 0.519531 0.297917 0.028125 0.034722
0 0.968750 0.458333 0.015625 0.027778
0 0.026953 0.100694 0.021094 0.037500
0 0.069531 0.296528 0.017188 0.045833
0 0.767188 0.746528 0.021875 0.048611
0 0.391406 0.075000 0.028125 0.036111
0 0.358984 0.570139 0.016406 0.029167
0 0.062891 0.067361 0.027344 0.037500
0 0.344531 0.348611 0.014063 0.030556
0 0.431250 0.423611 0.026562 0.050000
0 0.146875 0.400694 0.015625 0.034722
0 0.807031 0.775000 0.020313 0.025000
0 0.153906 0.342361 0.017188 0.040278
0 0.963281 0.500694 0.017188 0.043056
1 0.106641 0.580556 0.121094 0.258333
1 0.832031 0.238194 0.125000 0.198611
1 0.443359 0.768056 0.171094 0.258333
1 0.561719 0.170139 0.157812 0.204167
1 0.890625 0.806944 0.134375 0.252778
1 0.247656 0.294444 0.106250 0.222222
1 0.275781 0.827083 0.121875 0.170833