0 0.153125 0.180556 0.018750 0.036111
0 0.306250 0.141667 0.017188 0.047222
0 0.895312 0.948611 0.021875 0.047222
0 0.288672 0.586111 0.024219 0.044444
0 0.560156 0.840972 0.014063 0.043056
0 0.021094 0.811111 0.018750 0.036111
0 0.844141 0.111111 0.019531 0.036111
0 0.210547 0.102083 0.025781 0.031944
0 0.151172 0.882639 0.014844 0.029167
0 0.086719 0.710417 0.015625 0.040278
0 0.548438 0.106944 0.025000 0.047222
0 0.357031 0.073611 0.014063 0.033333
0 0.967578 0.426389 0.021094 0.041667
0 0.541016 0.889583 0.025781 0.026389
0 0.792188 0.825000 0.015625 0.033333
0 0.560156 0.604861 0.018750 0.034722
0 0.573047 0.916667 0.019531 0.047222
0 0.247656 0.946528 0.026562 0.029167
0 0.221094 0.869444 0.015625 0.025000
0 0.302344 0.540972 0.020313 0.026389
0 0.821094 0.754861 0.017188 0.040278
0 0.057422 0.230556 0.014844 0.027778
0 0.427734 0.956250 0.016406 0.034722
0 0.378906 0.065278 0.017188 0.025000
0 0.953125 0.090972 0.014063 0.043056
0 0.320312 0.333333 0.017188 0.030556
0 0.559375 0.701389 0.014063 0.033333
0 0.377734 0.117361 0.017969 0.043056
0 0.319141 0.927778 0.025781 0.041667
0 0.687500 0.938889 0.020313 0.041667
0 0.673047 0.759722 0.016406 0.033333
0 0.728906 0.883333 0.015625 0.050000
0 0.797656 0.133333 0.021875 0.030556
0 0.119531 0.959028 0.023438 0.043056
0 0.500781 0.076389 0.028125 0.030556
0 0.950391 0.240278 0.016406 0.041667
0 0.703125 0.875000 0.017188 0.047222
0 0.280859 0.100000 0.017969 0.036111
0 0.103125 0.229861 0.025000 0.031944
0 0.284375 0.784722 0.026562 0.044444
0 0.751953 0.856250 0.016406 0.026389
0 0.604297 0.734722 0.017969 0.038889
0 0.057031 0.838194 0.014063 0.031944
0 0.071484 0.914583 0.016406 0.034722
0 0.978906 0.100000 0.021875 0.047222
0 0.350391 0.133333 0.027344 0.050000
0 0.108203 0.590972 0.017969 0.034722
0 0.957031 0.315278 0.028125 0.030556
0 0.469531 0.806944 0.018750 0.036111
0 0.128516 0.181944 0.014844 0.025000
0 0.880469 0.502083 0.023438 0.029167
0 0.650000 0.768056 0.020313 0.038889
0 0.341406 0.261111 0.028125 0.038889
0 0.824219 0.910417 0.014063 0.034722
0 0.056250 0.171528 0.026562 0.026389
0 0.973437 0.857639 0.028125 0.037500
0 0.958984 0.955556 0.019531 0.038889
0 0.869531 0.159028 0.020313 0.026389
0 0.943750 0.610417 0.023438 0.043056
0 0.887891 0.877778 0.019531 0.030556
0 0.980078 0.716667 0.017969 0.044444
0 0.283984 0.868056 0.022656 0.047222
0 0.653516 0.843056 0.022656 0.027778
0 0.021484 0.591667 0.019531 0.030556
0 0.042969 0.759722 0.018750 0.038889
0 0.052344 0.057639 0.026562 0.029167
0 0.849609 0.060417 0.022656 0.031944
0 0.324219 0.742361 0.023438 0.045833
0 0.931641 0.697917 0.027344 0.037500
0 0.279297 0.962500 0.021094 0.041667
0 0.115234 0.640278 0.017969 0.047222
0 0.314063 0.647917 0.014063 0.029167
0 0.528125 0.694444 0.014063 0.050000
0 0.322656 0.842361 0.021875 0.043056
0 0.857031 0.800000 0.018750 0.027778
0 0.032813 0.265278 0.028125 0.038889
0 0.502344 0.762500 0.021875 0.047222
0 0.961719 0.180556 0.015625 0.044444
0 0.345703 0.325000 0.014844 0.050000
0 0.250391 0.045139 0.022656 0.037500
0 0.488672 0.713194 0.027344 0.037500
0 0.886328 0.830556 0.016406 0.033333
0 0.260156 0.894444 0.015625 0.036111
0 0.676562 0.408333 0.014063 0.033333
0 0.075391 0.578472 0.019531 0.048611
0 0.100781 0.787500 0.025000 0.038889
0 0.421875 0.083333 0.017188 0.025000
0 0.042578 0.125694 0.022656 0.031944
0 0.105078 0.171528 0.025781 0.034722
0 0.658203 0.372222 0.014844 0.047222
0 0.526563 0.959028 0.028125 0.037500
0 0.307422 0.470833 0.017969 0.038889
0 0.125391 0.125000 0.019531 0.033333
1 0.096484 0.415278 0.110156 0.177778
1 0.235937 0.265278 0.109375 0.277778
1 0.851172 0.331944 0.110156 0.280556
1 0.469531 0.574306 0.120313 0.168056
1 0.626953 0.210417 0.116406 0.256944
1 0.803516 0.623611 0.150781 0.169444
1 0.401562 0.807639 0.104688 0.226389
1 0.453516 0.296528 0.167969 0.298611
1 0.197266 0.690278 0.127344 0.302778
1 0.639453 0.570833 0.125781 0.269444