0 0.319531 0.078472 0.014063 0.040278
0 0.308594 0.381944 0.025000 0.050000
0 0.550781 0.233333 0.020313 0.050000
0 0.083203 0.152778 0.019531 0.050000
0 0.403906 0.192361 0.020313 0.029167
0 0.450000 0.535417 0.020313 0.045833
0 0.497266 0.959722 0.021094 0.044444
0 0.491406 0.823611 0.014063 0.047222
0 0.853125 0.534028 0.028125 0.043056
0 0.452344 0.931250 0.021875 0.031944
0 0.812500 0.152778 0.026562 0.030556
0 0.832031 0.909722 0.020313 0.030556
0 0.087891 0.254167 0.014844 0.027778
0 0.457813 0.043056 0.018750 0.050000
0 0.366406 0.047222 0.028125 0.044444
0 0.214062 0.908333 0.017188 0.033333
0 0.860156 0.438889 0.021875 0.030556
0 0.283594 0.237500 0.018750 0.030556
0 0.866406 0.094444 0.017188 0.030556
0 0.252734 0.116667 0.014844 0.036111
0 0.230078 0.965972 0.021094 0.029167
0 0.266406 0.918056 0.015625 0.047222
0 0.773438 0.082639 0.021875 0.031944
0 0.043750 0.532639 0.015625 0.043056
0 0.671094 0.753472 0.014063 0.026389
0 0.025391 0.768056 0.019531 0.033333
0 0.926953 0.500694 0.022656 0.029167
0 0.750781 0.345833 0.026562 0.050000
0 0.982031 0.599306 0.014063 0.048611
0 0.335156 0.291667 0.021875 0.030556
0 0.920703 0.896528 0.021094 0.040278
0 0.594531 0.061111 0.020313 0.047222
0 0.759766 0.652778 0.016406 0.041667
0 0.309375 0.279167 0.015625 0.041667
0 0.892578 0.952083 0.022656 0.040278
0 0.946484 0.693056 0.017969 0.047222
0 0.539844 0.097917 0.014063 0.040278
0 0.954297 0.793750 0.022656 0.031944
0 0.421875 0.479861 0.021875 0.026389
0 0.564844 0.063194 0.020313 0.045833
0 0.803906 0.422222 0.020313 0.030556
0 0.893359 0.543056 0.021094 0.038889
0 0.560547 0.168056 0.014844 0.030556
0 0.362109 0.952778 0.017969 0.027778
0 0.377344 0.537500 0.023438 0.036111
0 0.974609 0.482639 0.014844 0.037500
0 0.433203 0.584722 0.021094 0.025000
0 0.445312 0.844444 0.028125 0.027778
0 0.054297 0.115278 0.016406 0.030556
0 0.081250 0.209722 0.015625 0.044444
0 0.083984 0.554167 0.022656 0.030556
0 0.304688 0.161806 0.023438 0.031944
0 0.818750 0.116667 0.028125 0.027778
0 0.473438 0.573611 0.017188 0.027778
0 0.223438 0.097222 0.018750 0.030556
0 0.691406 0.865278 0.026562 0.050000
0 0.066406 0.064583 0.015625 0.029167
0 0.719531 0.604167 0.025000 0.033333
0 0.475391 0.884722 0.027344 0.025000
0 0.521484 0.218750 0.027344 0.048611
0 0.040625 0.245833 0.023438 0.036111
0 0.975781 0.879167 0.025000 0.050000
0 0.377344 0.325694 0.018750 0.026389
0 0.967187 0.231944 0.020313 0.041667
0 0.403906 0.917361 0.015625 0.040278
0 0.458984 0.679861 0.014844 0.026389
0 0.691016 0.556250 0.019531 0.034722
0 0.472656 0.167361 0.014063 0.029167
0 0.133594 0.556250 0.025000 0.034722
0 0.356641 0.169444 0.014844 0.041667
0 0.749219 0.503472 0.014063 0.037500
0 0.022266 0.416667 0.017969 0.036111
0 0.926172 0.438889 0.019531 0.047222
0 0.339062 0.881250 0.023438 0.034722
0 0.775781 0.450694 0.028125 0.037500
0 0.328516 0.934028 0.019531 0.026389
0 0.950781 0.596528 0.020313 0.040278
0 0.688672 0.945139 0.016406 0.029167
0 0.600781 0.390278 0.023438 0.025000
0 0.961328 0.145833 0.021094 0.036111
0 0.403125 0.623611 0.014063 0.025000
0 0.893750 0.867361 0.023438 0.031944
0 0.647656 0.069444 0.014063 0.036111
0 0.887500 0.093056 0.014063 0.050000
0 0.795703 0.196528 0.024219 0.029167
0 0.247266 0.190278 0.017969 0.050000
0 0.762500 0.884028 0.014063 0.037500
0 0.806250 0.955556 0.018750 0.047222
0 0.386328 0.383333 0.024219 0.036111
0 0.372266 0.883333 0.016406 0.044444
0 0.049609 0.968056 0.024219 0.030556
0 0.864844 0.880556 0.015625 0.033333
0 0.617969 0.040278 0.020313 0.027778
0 0.427344 0.742361 0.023438 0.026389
0 0.311328 0.879861 0.016406 0.037500
0 0.461328 0.715278 0.024219 0.030556
0 0.802734 0.541667 0.022656 0.025000
0 0.500781 0.077083 0.020313 0.045833
0 0.442578 0.221528 0.021094 0.029167
0 0.479687 0.227778 0.014063 0.030556
0 0.753125 0.711111 0.023438 0.033333
0 0.076953 0.905556 0.021094 0.050000
0 0.272266 0.756944 0.025781 0.027778
0 0.375781 0.482639 0.014063 0.026389
0 0.931250 0.145139 0.028125 0.045833
0 0.417187 0.054861 0.015625 0.045833
0 0.972656 0.294444 0.026562 0.033333
0 0.749219 0.774306 0.023438 0.031944
1 0.127734 0.385417 0.161719 0.193056
1 0.672656 0.309028 0.106250 0.287500
1 0.852734 0.722222 0.149219 0.241667
1 0.337891 0.718056 0.094531 0.241667
1 0.595313 0.845833 0.121875 0.200000
1 0.492969 0.360417 0.131250 0.184722
1 0.885938 0.289583 0.100000 0.223611
1 0.144141 0.735417 0.166406 0.273611