0 0.253906 0.310547 0.039062 0.039062
0 0.095703 0.436523 0.050781 0.041016
0 0.446289 0.384766 0.037109 0.050781
0 0.306641 0.424805 0.054688 0.037109
0 0.541992 0.603516 0.048828 0.031250
0 0.838867 0.931641 0.052734 0.035156
0 0.724609 0.540039 0.054688 0.033203
0 0.041992 0.686523 0.044922 0.037109
0 0.435547 0.302734 0.050781 0.035156
0 0.057617 0.768555 0.033203 0.033203
0 0.536133 0.758789 0.056641 0.044922
0 0.876953 0.106445 0.046875 0.037109
0 0.647461 0.167969 0.044922 0.046875
0 0.890625 0.847656 0.058594 0.042969
0 0.787109 0.515625 0.042969 0.035156
0 0.475586 0.681641 0.056641 0.050781
0 0.469727 0.566406 0.037109 0.046875
0 0.692383 0.491211 0.044922 0.048828
0 0.743164 0.076172 0.044922 0.039062
0 0.300781 0.180664 0.054688 0.052734
0 0.388672 0.369141 0.031250 0.046875
0 0.369141 0.273438 0.046875 0.042969
0 0.479492 0.447266 0.037109 0.042969
0 0.541016 0.664062 0.042969 0.046875
0 0.740234 0.840820 0.054688 0.056641
0 0.208008 0.387695 0.044922 0.033203
0 0.543945 0.038086 0.048828 0.044922
0 0.894531 0.498047 0.035156 0.058594
0 0.600586 0.522461 0.033203 0.048828
0 0.198242 0.447266 0.048828 0.031250
0 0.673828 0.916992 0.042969 0.037109
0 0.797852 0.121094 0.037109 0.035156
0 0.598633 0.707031 0.048828 0.054688
0 0.315430 0.851562 0.044922 0.054688
0 0.125000 0.347656 0.058594 0.058594
0 0.695312 0.237305 0.050781 0.033203
0 0.086914 0.575195 0.037109 0.041016
0 0.948242 0.470703 0.048828 0.031250
0 0.034180 0.414062 0.037109 0.046875
1 0.671875 0.364258 0.242188 0.154297
1 0.483398 0.867188 0.263672 0.152344
1 0.117188 0.865234 0.183594 0.136719
1 0.273438 0.618164 0.273438 0.251953
1 0.781250 0.644531 0.261719 0.152344
1 0.177734 0.154297 0.175781 0.234375
1 0.478516 0.160156 0.191406 0.136719
1 0.893555 0.315430 0.154297 0.263672