0 0.792578 0.721528 0.017969 0.029167
0 0.273828 0.187500 0.025781 0.050000
0 0.766016 0.394444 0.017969 0.041667
0 0.923438 0.407639 0.028125 0.029167
0 0.250781 0.832639 0.018750 0.034722
0 0.498437 0.625000 0.025000 0.033333
0 0.099609 0.811806 0.025781 0.043056
0 0.617969 0.815278 0.018750 0.041667
0 0.497656 0.961111 0.021875 0.038889
0 0.722266 0.432639 0.027344 0.043056
0 0.150781 0.837500 0.021875 0.025000
0 0.890625 0.572917 0.028125 0.029167
0 0.093359 0.172917 0.019531 0.037500
0 0.976172 0.632639 0.021094 0.043056
0 0.321094 0.128472 0.021875 0.037500
0 0.278125 0.925000 0.018750 0.044444
0 0.550000 0.909028 0.017188 0.034722
0 0.910547 0.820139 0.025781 0.034722
0 0.807813 0.405556 0.021875 0.038889
0 0.297656 0.866667 0.018750 0.025000
0 0.785547 0.335417 0.024219 0.040278
0 0.100000 0.750694 0.026562 0.037500
0 0.179297 0.871528 0.021094 0.040278
0 0.372656 0.880556 0.021875 0.038889
0 0.417187 0.599306 0.025000 0.045833
0 0.429297 0.482639 0.014844 0.037500
0 0.977344 0.838889 0.015625 0.044444
0 0.026172 0.410417 0.021094 0.037500
0 0.317578 0.217361 0.014844 0.034722
0 0.849219 0.734722 0.028125 0.030556
0 0.334766 0.938194 0.027344 0.037500
0 0.082031 0.245833 0.028125 0.030556
0 0.133594 0.954861 0.025000 0.037500
0 0.347656 0.711111 0.017188 0.038889
0 0.401172 0.468056 0.017969 0.025000
0 0.924219 0.652778 0.028125 0.033333
0 0.952344 0.696528 0.026562 0.026389
0 0.035156 0.306944 0.028125 0.044444
0 0.890625 0.702778 0.028125 0.038889
0 0.103125 0.343056 0.026562 0.050000
0 0.042578 0.095833 0.016406 0.025000
0 0.218359 0.859028 0.021094 0.048611
0 0.978906 0.404167 0.023438 0.033333
0 0.205469 0.363194 0.015625 0.034722
0 0.217188 0.718056 0.028125 0.050000
0 0.652344 0.967361 0.017188 0.026389
0 0.585938 0.966667 0.028125 0.025000
0 0.623437 0.913194 0.014063 0.029167
0 0.917969 0.938194 0.014063 0.029167
0 0.657031 0.892361 0.014063 0.034722
0 0.071875 0.875694 0.017188 0.034722
0 0.426953 0.122917 0.022656 0.043056
0 0.508984 0.563194 0.019531 0.043056
0 0.934375 0.457639 0.014063 0.029167
0 0.733594 0.071528 0.014063 0.031944
0 0.087500 0.120833 0.020313 0.044444
0 0.851953 0.855556 0.027344 0.030556
0 0.109766 0.700000 0.024219 0.044444
0 0.187891 0.646528 0.024219 0.040278
0 0.367188 0.700000 0.014063 0.030556
0 0.346875 0.148611 0.015625 0.047222
0 0.063281 0.916667 0.014063 0.036111
0 0.433984 0.956250 0.024219 0.040278
0 0.306641 0.379167 0.019531 0.030556
0 0.482812 0.073611 0.015625 0.025000
0 0.909375 0.513889 0.018750 0.044444
0 0.393359 0.035417 0.024219 0.031944
0 0.786328 0.113194 0.027344 0.045833
0 0.589844 0.813194 0.023438 0.048611
0 0.374609 0.463889 0.017969 0.044444
0 0.041016 0.865972 0.014844 0.040278
0 0.812500 0.968056 0.020313 0.025000
0 0.396484 0.692361 0.024219 0.040278
0 0.147266 0.877778 0.022656 0.044444
0 0.167187 0.959028 0.025000 0.040278
0 0.271875 0.725694 0.018750 0.048611
0 0.687500 0.705556 0.023438 0.047222
0 0.054297 0.043056 0.022656 0.033333
0 0.295703 0.336111 0.024219 0.030556
0 0.308203 0.931944 0.019531 0.036111
0 0.330469 0.268056 0.021875 0.027778
0 0.834766 0.111111 0.025781 0.044444
0 0.724609 0.519444 0.021094 0.044444
0 0.935547 0.582639 0.025781 0.031944
0 0.895312 0.654861 0.021875 0.037500
0 0.779687 0.213194 0.023438 0.043056
0 0.721875 0.645833 0.018750 0.036111
0 0.961328 0.445139 0.027344 0.026389
0 0.728516 0.337500 0.019531 0.033333
0 0.047656 0.165278 0.017188 0.047222
0 0.197656 0.954167 0.017188 0.030556
0 0.198047 0.459028 0.014844 0.029167
0 0.784375 0.277778 0.028125 0.038889
0 0.102734 0.917361 0.017969 0.026389
0 0.456641 0.635417 0.016406 0.043056
0 0.401172 0.761806 0.022656 0.029167
0 0.884375 0.922222 0.025000 0.050000
0 0.022656 0.736111 0.023438 0.041667
0 0.855469 0.043056 0.014063 0.027778
0 0.148047 0.383333 0.027344 0.044444
0 0.408984 0.848611 0.014844 0.033333
0 0.480859 0.143056 0.019531 0.044444
0 0.030078 0.535417 0.014844 0.045833
0 0.765625 0.708333 0.017188 0.041667
0 0.244141 0.368750 0.016406 0.037500
0 0.571484 0.701389 0.019531 0.044444
0 0.662109 0.806944 0.014844 0.033333
0 0.938281 0.528472 0.015625 0.031944
0 0.880469 0.784722 0.023438 0.047222
1 0.488281 0.791667 0.131250 0.175000
1 0.111328 0.516667 0.136719 0.191667
1 0.801562 0.576389 0.123438 0.191667
1 0.618359 0.492361 0.122656 0.240278
1 0.280859 0.549306 0.139844 0.220833
1 0.905859 0.273611 0.130469 0.172222
1 0.189062 0.178472 0.120313 0.245833
1 0.760156 0.836806 0.129688 0.168056
1 0.408594 0.290278 0.110937 0.205556
1 0.567187 0.158333 0.121875 0.233333