0 0.521484 0.347222 0.016406 0.033333
0 0.922656 0.916667 0.018750 0.025000
0 0.611719 0.068056 0.014063 0.038889
0 0.431641 0.932639 0.021094 0.045833
0 0.662500 0.945833 0.023438 0.027778
0 0.646094 0.111111 0.018750 0.033333
0 0.265234 0.902778 0.016406 0.033333
0 0.232422 0.550000 0.017969 0.036111
0 0.761328 0.212500 0.016406 0.047222
0 0.412500 0.678472 0.021875 0.037500
0 0.206641 0.600000 0.017969 0.036111
0 0.875000 0.584028 0.025000 0.031944
0 0.378906 0.275694 0.023438 0.034722
0 0.861328 0.948611 0.025781 0.033333
0 0.041016 0.675000 0.024219 0.030556
0 0.451953 0.187500 0.019531 0.027778
0 0.739844 0.663889 0.020313 0.025000
0 0.523438 0.252083 0.028125 0.029167
0 0.095312 0.384028 0.015625 0.040278
0 0.668359 0.439583 0.021094 0.026389
0 0.048438 0.183333 0.025000 0.038889
0 0.726562 0.778472 0.021875 0.029167
0 0.085547 0.331944 0.019531 0.036111
0 0.817187 0.104167 0.020313 0.044444
0 0.380078 0.861111 0.017969 0.036111
0 0.209766 0.839583 0.021094 0.043056
0 0.903125 0.113194 0.014063 0.031944
0 0.972266 0.831944 0.019531 0.047222
0 0.939844 0.187500 0.017188 0.036111
0 0.775000 0.090972 0.017188 0.048611
0 0.335547 0.836111 0.017969 0.027778
0 0.714844 0.903472 0.018750 0.031944
0 0.495703 0.327778 0.021094 0.033333
0 0.973828 0.935417 0.019531 0.034722
0 0.914844 0.040972 0.017188 0.026389
0 0.514062 0.956944 0.025000 0.036111
0 0.953516 0.695139 0.022656 0.043056
0 0.211719 0.654167 0.014063 0.050000
0 0.968750 0.594444 0.014063 0.047222
0 0.977734 0.241667 0.017969 0.030556
0 0.150781 0.055556 0.026562 0.038889
0 0.338281 0.918750 0.020313 0.037500
0 0.492188 0.238889 0.021875 0.041667
0 0.022266 0.911806 0.019531 0.040278
0 0.516016 0.079861 0.027344 0.037500
0 0.972266 0.379861 0.025781 0.040278
0 0.243750 0.851389 0.014063 0.025000
0 0.118359 0.047917 0.016406 0.048611
0 0.026953 0.743750 0.016406 0.043056
0 0.079297 0.627778 0.019531 0.038889
0 0.258203 0.425000 0.016406 0.044444
0 0.842578 0.450000 0.016406 0.036111
0 0.103516 0.558333 0.016406 0.033333
0 0.212500 0.053472 0.017188 0.034722
0 0.301563 0.794444 0.026562 0.047222
0 0.098437 0.120833 0.026562 0.038889
0 0.491797 0.667361 0.027344 0.026389
0 0.245703 0.502778 0.014844 0.038889
0 0.191406 0.545139 0.017188 0.043056
0 0.534766 0.690278 0.016406 0.044444
0 0.440234 0.661806 0.019531 0.048611
0 0.568359 0.150000 0.024219 0.030556
0 0.031250 0.484722 0.025000 0.047222
0 0.805469 0.284028 0.025000 0.048611
0 0.814063 0.331944 0.020313 0.030556
0 0.744531 0.071528 0.018750 0.045833
0 0.025781 0.260417 0.018750 0.045833
0 0.032422 0.562500 0.019531 0.025000
0 0.963672 0.056250 0.019531 0.040278
0 0.247656 0.281944 0.025000 0.030556
0 0.388281 0.961806 0.014063 0.040278
0 0.064844 0.544444 0.028125 0.025000
0 0.488672 0.145139 0.014844 0.040278
0 0.908203 0.627778 0.017969 0.038889
1 0.369531 0.423611 0.139063 0.236111
1 0.168359 0.334028 0.117969 0.293056
1 0.363672 0.154167 0.138281 0.166667
1 0.569531 0.822917 0.157812 0.195833
1 0.544531 0.457639 0.142187 0.168056
1 0.307422 0.662500 0.103906 0.175000
1 0.774609 0.489583 0.107031 0.209722
1 0.903906 0.422222 0.093750 0.191667
1 0.112500 0.836806 0.118750 0.231944