0 0.275000 0.449306 0.028125 0.043056
0 0.972266 0.590278 0.027344 0.038889
0 0.900781 0.885417 0.017188 0.029167
0 0.535937 0.259028 0.014063 0.045833
0 0.267969 0.867361 0.023438 0.034722
0 0.966406 0.331250 0.018750 0.026389
0 0.291797 0.606250 0.021094 0.045833
0 0.563672 0.844444 0.014844 0.030556
0 0.021094 0.732639 0.014063 0.040278
0 0.643359 0.184028 0.022656 0.043056
0 0.978516 0.375000 0.021094 0.050000
0 0.568750 0.941667 0.020313 0.030556
0 0.401172 0.706944 0.025781 0.025000
0 0.207813 0.398611 0.018750 0.033333
0 0.341797 0.601389 0.019531 0.030556
0 0.444531 0.652083 0.014063 0.029167
0 0.408594 0.045833 0.026562 0.050000
0 0.362891 0.950694 0.022656 0.034722
0 0.914844 0.710417 0.018750 0.026389
0 0.211719 0.130556 0.025000 0.041667
0 0.295312 0.675000 0.014063 0.044444
0 0.694141 0.081250 0.024219 0.026389
0 0.325000 0.911111 0.028125 0.033333
0 0.231250 0.930556 0.025000 0.027778
0 0.044531 0.640278 0.020313 0.041667
0 0.914453 0.065972 0.019531 0.031944
0 0.061719 0.573611 0.025000 0.050000
0 0.893750 0.163194 0.026562 0.029167
0 0.432031 0.815278 0.021875 0.027778
0 0.387891 0.626389 0.025781 0.025000
0 0.481641 0.166667 0.022656 0.050000
0 0.932813 0.881250 0.028125 0.029167
0 0.655469 0.801389 0.026562 0.038889
0 0.300781 0.533333 0.017188 0.030556
0 0.449609 0.171528 0.016406 0.043056
0 0.627734 0.117361 0.021094 0.037500
0 0.947656 0.100000 0.018750 0.030556
0 0.375781 0.888889 0.018750 0.050000
0 0.921484 0.941667 0.019531 0.050000
0 0.501172 0.309028 0.027344 0.048611
0 0.451562 0.697917 0.017188 0.040278
0 0.971094 0.487500 0.026562 0.025000
0 0.923438 0.768056 0.021875 0.044444
0 0.489063 0.102083 0.017188 0.029167
0 0.106250 0.932639 0.023438 0.043056
0 0.608594 0.270139 0.017188 0.026389
0 0.226953 0.517361 0.014844 0.037500
0 0.328125 0.718056 0.015625 0.050000
0 0.275391 0.740972 0.017969 0.043056
0 0.378125 0.761806 0.018750 0.031944
0 0.781641 0.365972 0.014844 0.043056
0 0.488672 0.061111 0.014844 0.036111
0 0.271094 0.378472 0.018750 0.048611
0 0.282031 0.065972 0.018750 0.026389
0 0.885938 0.688194 0.028125 0.037500
0 0.163672 0.924306 0.025781 0.031944
0 0.414453 0.929167 0.017969 0.038889
0 0.045703 0.720833 0.027344 0.033333
0 0.968359 0.254861 0.024219 0.048611
0 0.829688 0.175000 0.023438 0.025000
0 0.608594 0.902778 0.026562 0.033333
0 0.037109 0.339583 0.025781 0.048611
0 0.680859 0.047222 0.014844 0.027778
0 0.216406 0.458333 0.026562 0.041667
0 0.434766 0.106250 0.016406 0.048611
0 0.379297 0.836111 0.024219 0.033333
0 0.978125 0.706250 0.018750 0.048611
0 0.531641 0.128472 0.019531 0.040278
0 0.362109 0.691667 0.025781 0.027778
0 0.936719 0.715972 0.018750 0.029167
0 0.347266 0.059722 0.025781 0.036111
0 0.653906 0.916667 0.023438 0.041667
0 0.531250 0.500694 0.028125 0.034722
0 0.953516 0.955556 0.021094 0.036111
0 0.305469 0.445833 0.020313 0.025000
1 0.802344 0.794444 0.101562 0.300000
1 0.401172 0.452778 0.147656 0.177778
1 0.111719 0.425694 0.112500 0.209722
1 0.879687 0.354861 0.114062 0.195833
1 0.623437 0.441667 0.126562 0.205556
1 0.558984 0.700000 0.150781 0.225000
1 0.736719 0.216667 0.129688 0.169444
1 0.177734 0.729861 0.114844 0.276389
1 0.332422 0.204861 0.169531 0.231944