0 0.980078 0.377778 0.016406 0.041667
0 0.205859 0.556944 0.025781 0.038889
0 0.775391 0.465278 0.021094 0.044444
0 0.166016 0.694444 0.022656 0.030556
0 0.073828 0.043750 0.017969 0.037500
0 0.065625 0.777083 0.023438 0.043056
0 0.145703 0.952083 0.016406 0.034722
0 0.637109 0.206250 0.027344 0.040278
0 0.558594 0.425694 0.014063 0.029167
0 0.669141 0.238194 0.022656 0.040278
0 0.967187 0.486806 0.021875 0.029167
0 0.684375 0.840278 0.021875 0.030556
0 0.250391 0.569444 0.027344 0.027778
0 0.585938 0.932639 0.028125 0.026389
0 0.968750 0.175694 0.026562 0.031944
0 0.123828 0.810417 0.027344 0.043056
0 0.253906 0.755556 0.015625 0.036111
0 0.136328 0.117361 0.021094 0.029167
0 0.290625 0.492361 0.028125 0.048611
0 0.579297 0.890972 0.021094 0.043056
0 0.649609 0.390278 0.019531 0.041667
0 0.117188 0.898611 0.014063 0.033333
0 0.794922 0.416667 0.027344 0.025000
0 0.704688 0.229861 0.026562 0.034722
0 0.837109 0.456250 0.014844 0.037500
0 0.465625 0.743056 0.026562 0.033333
0 0.580859 0.815972 0.016406 0.026389
0 0.688281 0.306250 0.025000 0.048611
0 0.039062 0.595139 0.025000 0.026389
0 0.703906 0.086111 0.014063 0.036111
0 0.670312 0.069444 0.026562 0.050000
0 0.915625 0.546528 0.021875 0.029167
0 0.707422 0.423611 0.017969 0.044444
0 0.207813 0.952778 0.028125 0.027778
0 0.633984 0.263889 0.022656 0.025000
0 0.938672 0.916667 0.021094 0.033333
0 0.506250 0.741667 0.028125 0.027778
0 0.863672 0.888194 0.019531 0.037500
0 0.307422 0.594444 0.014844 0.038889
0 0.639062 0.854167 0.018750 0.044444
0 0.177734 0.961111 0.019531 0.030556
0 0.232813 0.106944 0.018750 0.044444
0 0.935547 0.859028 0.027344 0.034722
0 0.224609 0.041667 0.027344 0.047222
0 0.489844 0.862500 0.026562 0.033333
0 0.787500 0.245833 0.028125 0.050000
0 0.725391 0.146528 0.021094 0.045833
0 0.973047 0.527778 0.025781 0.036111
0 0.792188 0.079167 0.025000 0.047222
0 0.178906 0.050000 0.018750 0.025000
0 0.896484 0.929167 0.019531 0.030556
0 0.439453 0.080556 0.021094 0.050000
0 0.099219 0.618056 0.015625 0.044444
0 0.323437 0.951389 0.028125 0.044444
0 0.708984 0.563889 0.025781 0.041667
0 0.345313 0.509722 0.017188 0.025000
0 0.440625 0.236806 0.025000 0.040278
0 0.142969 0.912500 0.023438 0.030556
0 0.704297 0.920833 0.024219 0.036111
0 0.742969 0.269444 0.025000 0.050000
0 0.146094 0.554167 0.018750 0.027778
0 0.735938 0.328472 0.025000 0.043056
0 0.391797 0.090278 0.022656 0.030556
0 0.944531 0.485417 0.017188 0.031944
0 0.254688 0.701389 0.017188 0.025000
0 0.570312 0.706250 0.023438 0.026389
0 0.981641 0.655556 0.017969 0.036111
0 0.761719 0.200000 0.015625 0.027778
0 0.033203 0.143750 0.021094 0.043056
0 0.328906 0.053472 0.020313 0.048611
0 0.153906 0.847222 0.018750 0.033333
0 0.020703 0.054167 0.022656 0.030556
0 0.747266 0.947222 0.019531 0.047222
0 0.754297 0.135417 0.016406 0.048611
0 0.941016 0.959028 0.024219 0.029167
0 0.199609 0.887500 0.017969 0.036111
0 0.523828 0.448611 0.024219 0.044444
0 0.191016 0.652778 0.021094 0.038889
0 0.170703 0.100000 0.025781 0.044444
0 0.203125 0.805556 0.028125 0.027778
0 0.280469 0.613889 0.021875 0.038889
0 0.488672 0.109028 0.016406 0.029167
0 0.604297 0.054861 0.021094 0.048611
0 0.094141 0.709722 0.017969 0.050000
0 0.424219 0.143056 0.026562 0.036111
0 0.122656 0.189583 0.015625 0.043056
1 0.339062 0.278472 0.100000 0.304167
1 0.463672 0.587500 0.149219 0.197222
1 0.620703 0.561806 0.097656 0.243056
1 0.124609 0.387500 0.099219 0.283333
1 0.530469 0.259722 0.135937 0.222222
1 0.880078 0.214583 0.141406 0.279167
1 0.752734 0.755556 0.096094 0.263889