0 0.558594 0.636806 0.014063 0.034722
0 0.041016 0.505556 0.024219 0.033333
0 0.733203 0.819444 0.016406 0.030556
0 0.840234 0.750000 0.021094 0.025000
0 0.142187 0.089583 0.021875 0.045833
0 0.550000 0.485417 0.020313 0.048611
0 0.381250 0.340278 0.026562 0.047222
0 0.293750 0.643056 0.014063 0.038889
0 0.606250 0.776389 0.015625 0.036111
0 0.494531 0.698611 0.025000 0.050000
0 0.495703 0.491667 0.027344 0.038889
0 0.472656 0.328472 0.014063 0.037500
0 0.435547 0.457639 0.025781 0.034722
0 0.664844 0.712500 0.018750 0.044444
0 0.554688 0.429167 0.017188 0.027778
0 0.856250 0.802778 0.014063 0.030556
0 0.607031 0.699306 0.014063 0.040278
0 0.655469 0.846528 0.025000 0.031944
0 0.763672 0.277778 0.019531 0.027778
0 0.519922 0.379167 0.017969 0.027778
0 0.344141 0.131944 0.019531 0.044444
0 0.077734 0.884722 0.027344 0.033333
0 0.516016 0.077083 0.027344 0.034722
0 0.067578 0.438194 0.024219 0.031944
0 0.908203 0.884028 0.017969 0.043056
0 0.828906 0.948611 0.026562 0.027778
0 0.225000 0.660417 0.021875 0.048611
0 0.537109 0.678472 0.017969 0.040278
0 0.394531 0.160417 0.028125 0.048611
0 0.958203 0.684028 0.016406 0.040278
0 0.072266 0.498611 0.027344 0.041667
0 0.607812 0.105556 0.020313 0.050000
0 0.205469 0.923611 0.021875 0.050000
0 0.782422 0.141667 0.014844 0.038889
0 0.513672 0.597917 0.027344 0.034722
0 0.274609 0.714583 0.024219 0.048611
0 0.628125 0.206944 0.025000 0.038889
0 0.976172 0.267361 0.027344 0.031944
0 0.053125 0.659028 0.026562 0.048611
0 0.751953 0.731944 0.025781 0.025000
0 0.645312 0.082639 0.025000 0.026389
0 0.096094 0.621528 0.021875 0.045833
0 0.655859 0.926389 0.021094 0.025000
0 0.844141 0.881250 0.014844 0.043056
0 0.508594 0.337500 0.028125 0.025000
0 0.598828 0.343056 0.016406 0.044444
0 0.191016 0.875000 0.019531 0.027778
0 0.397656 0.447222 0.018750 0.025000
0 0.969922 0.729167 0.024219 0.030556
0 0.656250 0.280556 0.023438 0.041667
0 0.032422 0.122222 0.019531 0.044444
0 0.059766 0.777778 0.019531 0.050000
0 0.887109 0.768750 0.017969 0.048611
0 0.092188 0.044444 0.025000 0.036111
0 0.462891 0.066667 0.017969 0.050000
0 0.363672 0.237500 0.024219 0.047222
0 0.745313 0.949306 0.020313 0.048611
0 0.265625 0.952083 0.018750 0.026389
0 0.481250 0.279861 0.015625 0.043056
0 0.104688 0.719444 0.015625 0.025000
0 0.162109 0.903472 0.025781 0.029167
0 0.062500 0.614583 0.014063 0.029167
0 0.576953 0.115972 0.019531 0.048611
0 0.581250 0.172222 0.023438 0.038889
0 0.694141 0.100000 0.014844 0.047222
0 0.905078 0.715278 0.021094 0.044444
0 0.155469 0.852778 0.026562 0.041667
0 0.169141 0.738889 0.021094 0.036111
0 0.257422 0.825000 0.021094 0.038889
0 0.806250 0.271528 0.021875 0.031944
0 0.390234 0.104861 0.027344 0.045833
0 0.950000 0.593056 0.020313 0.025000
0 0.228516 0.704167 0.025781 0.027778
0 0.659375 0.206944 0.015625 0.050000
0 0.543750 0.127778 0.017188 0.038889
0 0.571094 0.215972 0.018750 0.031944
0 0.962500 0.406250 0.014063 0.040278
0 0.303906 0.880556 0.025000 0.025000
0 0.745703 0.036111 0.016406 0.038889
0 0.309375 0.781250 0.023438 0.029167
0 0.945312 0.051389 0.018750 0.036111
0 0.746484 0.133333 0.021094 0.033333
0 0.785937 0.679167 0.018750 0.030556
0 0.031641 0.747917 0.025781 0.037500
0 0.917578 0.799306 0.019531 0.026389
0 0.121875 0.806250 0.028125 0.037500
0 0.719922 0.265972 0.024219 0.037500
0 0.369531 0.045833 0.026562 0.033333
0 0.378516 0.962500 0.025781 0.027778
0 0.842578 0.697917 0.021094 0.040278
0 0.975781 0.132639 0.017188 0.031944
0 0.668750 0.036111 0.025000 0.025000
0 0.040234 0.062500 0.027344 0.047222
0 0.269531 0.902083 0.014063 0.048611
0 0.098437 0.095833 0.018750 0.033333
0 0.754687 0.844444 0.017188 0.033333
0 0.780469 0.738194 0.015625 0.031944
0 0.525000 0.195833 0.017188 0.027778
0 0.548828 0.056944 0.027344 0.027778
0 0.464062 0.496528 0.015625 0.034722
0 0.942578 0.726389 0.024219 0.025000
0 0.722656 0.079861 0.025000 0.029167
0 0.485547 0.145139 0.024219 0.043056
0 0.603906 0.921528 0.025000 0.031944
0 0.894922 0.053472 0.024219 0.048611
0 0.561328 0.329861 0.025781 0.026389
0 0.459766 0.706250 0.017969 0.043056
1 0.248047 0.216667 0.139844 0.294444
1 0.667188 0.504167 0.121875 0.233333
1 0.890234 0.206944 0.133594 0.233333
1 0.306641 0.494444 0.119531 0.191667
1 0.823438 0.502778 0.107813 0.255556
1 0.103516 0.272222 0.108594 0.177778
1 0.527344 0.838889 0.098437 0.191667
1 0.383594 0.784722 0.112500 0.286111