0 0.664062 0.092773 0.042969 0.048828
0 0.706055 0.304688 0.048828 0.042969
0 0.849609 0.933594 0.046875 0.035156
0 0.565430 0.689453 0.048828 0.054688
0 0.612305 0.540039 0.048828 0.037109
0 0.392578 0.922852 0.058594 0.041016
0 0.710938 0.245117 0.050781 0.052734
0 0.920898 0.916016 0.041016 0.039062
0 0.944336 0.808594 0.037109 0.058594
0 0.644531 0.315430 0.039062 0.056641
0 0.190430 0.578125 0.037109 0.058594
0 0.586914 0.360352 0.037109 0.048828
0 0.350586 0.784180 0.033203 0.037109
0 0.838867 0.195312 0.052734 0.039062
0 0.298828 0.928711 0.031250 0.056641
0 0.561523 0.574219 0.033203 0.031250
0 0.603516 0.184570 0.035156 0.044922
0 0.174805 0.817383 0.048828 0.056641
0 0.958984 0.739258 0.035156 0.048828
0 0.516602 0.416992 0.044922 0.052734
0 0.164062 0.510742 0.050781 0.056641
0 0.920898 0.308594 0.044922 0.046875
0 0.758789 0.084961 0.044922 0.037109
0 0.261719 0.803711 0.031250 0.041016
0 0.113281 0.916992 0.050781 0.041016
0 0.628906 0.031250 0.035156 0.031250
0 0.628906 0.416992 0.046875 0.044922
0 0.196289 0.690430 0.041016 0.048828
0 0.085938 0.817383 0.058594 0.033203
0 0.948242 0.207031 0.037109 0.046875
0 0.086914 0.723633 0.041016 0.037109
0 0.801758 0.760742 0.048828 0.033203
0 0.695312 0.658203 0.031250 0.046875
0 0.716797 0.728516 0.031250 0.054688
0 0.073242 0.489258 0.033203 0.048828
0 0.142578 0.352539 0.031250 0.056641
0 0.132812 0.413086 0.054688 0.037109
0 0.050781 0.329102 0.058594 0.033203
0 0.171875 0.962891 0.039062 0.031250
0 0.787109 0.614258 0.050781 0.041016
0 0.420898 0.850586 0.048828 0.037109
0 0.035156 0.680664 0.035156 0.041016
0 0.573242 0.618164 0.044922 0.033203
0 0.861328 0.874023 0.046875 0.037109
0 0.619141 0.707031 0.039062 0.046875
0 0.900391 0.257812 0.039062 0.031250
0 0.140625 0.736328 0.046875 0.050781
1 0.396484 0.653320 0.246094 0.173828
1 0.454102 0.144531 0.154297 0.257812
1 0.805664 0.433594 0.224609 0.183594
1 0.627930 0.841797 0.251953 0.144531
1 0.349609 0.422852 0.273438 0.228516
1 0.212891 0.144531 0.167969 0.148438