0 0.782227 0.693359 0.044922 0.039062
0 0.102539 0.125977 0.048828 0.037109
0 0.515625 0.403320 0.046875 0.033203
0 0.644531 0.646484 0.039062 0.039062
0 0.165039 0.818359 0.052734 0.046875
0 0.041016 0.220703 0.031250 0.058594
0 0.047852 0.414062 0.056641 0.054688
0 0.282227 0.378906 0.033203 0.039062
0 0.115234 0.061523 0.058594 0.044922
0 0.882812 0.833008 0.046875 0.052734
0 0.774414 0.263672 0.041016 0.042969
0 0.345703 0.399414 0.054688 0.056641
0 0.605469 0.787109 0.031250 0.058594
0 0.730469 0.799805 0.031250 0.052734
0 0.146484 0.318359 0.035156 0.039062
0 0.950195 0.741211 0.037109 0.041016
0 0.845703 0.687500 0.035156 0.031250
0 0.285156 0.518555 0.058594 0.052734
0 0.111328 0.446289 0.050781 0.048828
0 0.674805 0.412109 0.033203 0.035156
0 0.232422 0.690430 0.039062 0.041016
0 0.200195 0.332031 0.033203 0.058594
0 0.083008 0.895508 0.056641 0.048828
0 0.204102 0.601562 0.037109 0.046875
0 0.385742 0.523438 0.033203 0.042969
0 0.093750 0.698242 0.035156 0.056641
0 0.265625 0.304688 0.054688 0.050781
0 0.750977 0.309570 0.037109 0.033203
0 0.806641 0.632812 0.054688 0.054688
0 0.232422 0.842773 0.042969 0.044922
0 0.925781 0.260742 0.058594 0.041016
0 0.714844 0.872070 0.050781 0.056641
0 0.213867 0.910156 0.033203 0.050781
0 0.169922 0.405273 0.042969 0.033203
0 0.371094 0.283203 0.031250 0.058594
0 0.854492 0.939453 0.044922 0.035156
0 0.533203 0.076172 0.031250 0.042969
0 0.065430 0.350586 0.037109 0.041016
0 0.692383 0.662109 0.041016 0.035156
0 0.699219 0.097656 0.046875 0.042969
0 0.816406 0.823242 0.039062 0.048828
0 0.657227 0.767578 0.033203 0.058594
0 0.042969 0.594727 0.042969 0.044922
0 0.918945 0.694336 0.052734 0.033203
0 0.375977 0.623047 0.056641 0.046875
0 0.302734 0.624023 0.042969 0.048828
0 0.150391 0.259766 0.031250 0.035156
1 0.578125 0.533203 0.253906 0.144531
1 0.552734 0.251953 0.269531 0.238281
1 0.423828 0.791016 0.242188 0.250000
1 0.821289 0.149414 0.142578 0.146484
1 0.271484 0.145508 0.175781 0.185547
1 0.826172 0.467773 0.187500 0.208984