0 0.605859 0.788889 0.019531 0.033333
0 0.528906 0.839583 0.023438 0.034722
0 0.199219 0.924306 0.017188 0.026389
0 0.902734 0.882639 0.027344 0.034722
0 0.350391 0.464583 0.017969 0.048611
0 0.337500 0.953472 0.026562 0.026389
0 0.153906 0.929167 0.021875 0.027778
0 0.679297 0.767361 0.014844 0.031944
0 0.062891 0.304167 0.014844 0.025000
0 0.966797 0.722222 0.021094 0.047222
0 0.760156 0.921528 0.026562 0.045833
0 0.922656 0.756250 0.015625 0.031944
0 0.363281 0.087500 0.023438 0.050000
0 0.611328 0.692361 0.014844 0.029167
0 0.401562 0.107639 0.025000 0.031944
0 0.233594 0.266667 0.014063 0.027778
0 0.801172 0.596528 0.027344 0.037500
0 0.069531 0.191667 0.023438 0.050000
0 0.594141 0.584028 0.016406 0.043056
0 0.464453 0.827778 0.024219 0.038889
0 0.866797 0.779861 0.022656 0.040278
0 0.042188 0.052778 0.021875 0.047222
0 0.107422 0.220139 0.025781 0.034722
0 0.217969 0.140972 0.017188 0.048611
0 0.114062 0.338889 0.026562 0.030556
0 0.641016 0.627778 0.019531 0.050000
0 0.303516 0.261806 0.024219 0.040278
0 0.133203 0.154167 0.014844 0.036111
0 0.430469 0.645833 0.021875 0.036111
0 0.326562 0.615278 0.018750 0.027778
0 0.218359 0.775694 0.017969 0.040278
0 0.255859 0.208333 0.022656 0.036111
0 0.256250 0.036111 0.028125 0.027778
0 0.499609 0.931944 0.025781 0.030556
0 0.944141 0.457639 0.024219 0.045833
0 0.891406 0.840278 0.023438 0.025000
0 0.267188 0.950694 0.017188 0.040278
0 0.164062 0.359722 0.028125 0.027778
0 0.745313 0.215972 0.023438 0.031944
0 0.688281 0.582639 0.026562 0.029167
0 0.542188 0.412500 0.023438 0.027778
0 0.222266 0.957639 0.027344 0.029167
0 0.691797 0.909722 0.014844 0.027778
0 0.308594 0.173611 0.023438 0.038889
0 0.944141 0.526389 0.022656 0.036111
0 0.046484 0.114583 0.022656 0.043056
0 0.587109 0.429861 0.014844 0.029167
0 0.091797 0.131944 0.024219 0.036111
0 0.696094 0.265972 0.025000 0.045833
0 0.075000 0.613194 0.025000 0.029167
0 0.674609 0.854861 0.017969 0.029167
0 0.894141 0.388194 0.016406 0.043056
0 0.792969 0.104861 0.021875 0.026389
0 0.717578 0.045139 0.027344 0.040278
0 0.903125 0.695139 0.025000 0.043056
0 0.834766 0.586806 0.014844 0.031944
0 0.406641 0.640278 0.019531 0.050000
0 0.510938 0.388194 0.015625 0.043056
0 0.541797 0.943750 0.017969 0.040278
0 0.241797 0.082639 0.025781 0.031944
0 0.490234 0.163889 0.016406 0.030556
0 0.973828 0.502083 0.027344 0.026389
0 0.894922 0.807639 0.021094 0.026389
0 0.449609 0.902083 0.024219 0.026389
0 0.214844 0.864583 0.026562 0.026389
0 0.895703 0.429167 0.021094 0.027778
0 0.185156 0.802778 0.020313 0.036111
0 0.537891 0.332639 0.014844 0.048611
0 0.399609 0.945833 0.027344 0.036111
0 0.622266 0.841667 0.022656 0.027778
0 0.969141 0.775694 0.019531 0.043056
0 0.970313 0.927083 0.018750 0.029167
0 0.248047 0.120833 0.025781 0.033333
0 0.683594 0.663194 0.014063 0.037500
0 0.941797 0.870139 0.025781 0.037500
0 0.932422 0.967361 0.017969 0.026389
0 0.730078 0.897222 0.025781 0.050000
0 0.814844 0.913889 0.014063 0.044444
0 0.423047 0.550000 0.019531 0.041667
0 0.728516 0.098611 0.025781 0.050000
0 0.861719 0.081944 0.021875 0.044444
0 0.714063 0.146528 0.014063 0.026389
1 0.255469 0.485417 0.093750 0.254167
1 0.663281 0.430556 0.101562 0.211111
1 0.508594 0.613889 0.125000 0.275000
1 0.765625 0.748611 0.126562 0.222222
1 0.102734 0.787500 0.110156 0.233333
1 0.587891 0.177083 0.155469 0.229167
1 0.097656 0.481250 0.135937 0.173611
1 0.307812 0.775694 0.109375 0.220833
1 0.800000 0.379167 0.128125 0.269444