0 0.041992 0.199219 0.033203 0.058594
0 0.073242 0.404297 0.037109 0.046875
0 0.080078 0.678711 0.054688 0.033203
0 0.059570 0.728516 0.048828 0.042969
0 0.792969 0.100586 0.031250 0.048828
0 0.468750 0.222656 0.035156 0.054688
0 0.435547 0.337891 0.058594 0.031250
0 0.339844 0.320312 0.035156 0.054688
0 0.931641 0.417969 0.058594 0.050781
0 0.729492 0.817383 0.056641 0.048828
0 0.263672 0.321289 0.054688 0.056641
0 0.579102 0.895508 0.044922 0.052734
0 0.584961 0.748047 0.048828 0.039062
0 0.348633 0.542969 0.033203 0.054688
0 0.944336 0.139648 0.033203 0.056641
0 0.351562 0.077148 0.035156 0.052734
0 0.184570 0.343750 0.056641 0.054688
0 0.743164 0.747070 0.041016 0.037109
0 0.125000 0.333984 0.046875 0.058594
0 0.392578 0.092773 0.031250 0.048828
0 0.373047 0.241211 0.035156 0.052734
0 0.120117 0.803711 0.044922 0.037109
0 0.447266 0.045898 0.050781 0.056641
0 0.591797 0.815430 0.058594 0.037109
0 0.111328 0.938477 0.050781 0.056641
0 0.910156 0.522461 0.054688 0.037109
0 0.869141 0.096680 0.050781 0.041016
0 0.580078 0.171875 0.042969 0.054688
0 0.078125 0.867188 0.050781 0.031250
0 0.778320 0.178711 0.056641 0.048828
0 0.052734 0.305664 0.035156 0.056641
0 0.625000 0.057617 0.058594 0.041016
0 0.668945 0.824219 0.037109 0.039062
0 0.541016 0.637695 0.035156 0.041016
0 0.708984 0.175781 0.039062 0.050781
0 0.938477 0.251953 0.041016 0.031250
0 0.511719 0.158203 0.058594 0.031250
0 0.156250 0.442383 0.031250 0.044922
0 0.852539 0.519531 0.041016 0.031250
0 0.545898 0.043945 0.041016 0.033203
1 0.186523 0.568359 0.208984 0.148438
1 0.745117 0.629883 0.271484 0.162109
1 0.244141 0.799805 0.187500 0.224609
1 0.726562 0.383789 0.269531 0.208984
1 0.883789 0.871094 0.189453 0.203125
1 0.206055 0.166016 0.197266 0.175781
1 0.463867 0.472656 0.173828 0.214844
1 0.466797 0.764648 0.160156 0.162109