0 0.200195 0.100586 0.048828 0.048828
0 0.589844 0.412109 0.054688 0.050781
0 0.188477 0.839844 0.033203 0.046875
0 0.260742 0.788086 0.037109 0.037109
0 0.121094 0.087891 0.035156 0.042969
0 0.686523 0.045898 0.056641 0.041016
0 0.378906 0.086914 0.035156 0.041016
0 0.132812 0.950195 0.046875 0.056641
0 0.201172 0.738281 0.035156 0.042969
0 0.477539 0.548828 0.048828 0.050781
0 0.397461 0.535156 0.048828 0.046875
0 0.743164 0.411133 0.052734 0.037109
0 0.076172 0.224609 0.058594 0.054688
0 0.524414 0.879883 0.033203 0.044922
0 0.898438 0.450195 0.039062 0.056641
0 0.248047 0.237305 0.058594 0.033203
0 0.542969 0.624023 0.042969 0.037109
0 0.135742 0.770508 0.056641 0.052734
0 0.581055 0.779297 0.056641 0.035156
0 0.291992 0.728516 0.044922 0.058594
0 0.055664 0.919922 0.048828 0.035156
0 0.438477 0.609375 0.056641 0.042969
0 0.389648 0.913086 0.033203 0.033203
0 0.469727 0.916016 0.044922 0.035156
0 0.165039 0.346680 0.037109 0.037109
0 0.960938 0.207031 0.039062 0.035156
0 0.176758 0.656250 0.052734 0.031250
0 0.880859 0.569336 0.039062 0.044922
0 0.097656 0.617188 0.031250 0.050781
0 0.287109 0.166992 0.031250 0.056641
0 0.909180 0.821289 0.048828 0.056641
0 0.930664 0.353516 0.052734 0.058594
0 0.933594 0.719727 0.054688 0.037109
0 0.578125 0.953125 0.050781 0.035156
0 0.865234 0.632812 0.039062 0.050781
1 0.153320 0.495117 0.267578 0.146484
1 0.440430 0.734375 0.197266 0.164062
1 0.679688 0.554688 0.191406 0.187500
1 0.422852 0.226562 0.185547 0.156250
1 0.858398 0.186523 0.146484 0.259766
1 0.643555 0.198242 0.189453 0.169922
1 0.429688 0.410156 0.179688 0.144531
1 0.762695 0.835938 0.224609 0.230469