0 0.697266 0.821528 0.025781 0.031944
0 0.627344 0.304167 0.025000 0.027778
0 0.127344 0.588889 0.017188 0.033333
0 0.104297 0.092361 0.027344 0.037500
0 0.751563 0.503472 0.015625 0.034722
0 0.897266 0.395833 0.022656 0.030556
0 0.954297 0.381250 0.016406 0.026389
0 0.529687 0.101389 0.023438 0.033333
0 0.469141 0.735417 0.024219 0.029167
0 0.189453 0.194444 0.014844 0.047222
0 0.924609 0.593750 0.024219 0.026389
0 0.694141 0.320139 0.024219 0.031944
0 0.632812 0.945833 0.015625 0.033333
0 0.686719 0.545833 0.015625 0.047222
0 0.213672 0.103472 0.019531 0.029167
0 0.935937 0.702778 0.021875 0.027778
0 0.301953 0.263194 0.027344 0.026389
0 0.976562 0.791667 0.020313 0.041667
0 0.669141 0.496528 0.017969 0.031944
0 0.026562 0.173611 0.023438 0.044444
0 0.103516 0.727083 0.024219 0.037500
0 0.526953 0.181250 0.014844 0.034722
0 0.650781 0.722222 0.021875 0.044444
0 0.042578 0.792361 0.027344 0.029167
0 0.064844 0.362500 0.014063 0.041667
0 0.021484 0.098611 0.024219 0.030556
0 0.622656 0.804167 0.026562 0.030556
0 0.076953 0.590972 0.017969 0.029167
0 0.631641 0.225000 0.016406 0.025000
0 0.469141 0.853472 0.021094 0.034722
0 0.173828 0.491667 0.024219 0.050000
0 0.925000 0.488889 0.015625 0.025000
0 0.465625 0.199306 0.025000 0.043056
0 0.605859 0.347917 0.022656 0.037500
0 0.838281 0.383333 0.021875 0.025000
0 0.259375 0.056944 0.014063 0.036111
0 0.578906 0.900694 0.023438 0.048611
0 0.282813 0.081944 0.023438 0.027778
0 0.424219 0.790278 0.017188 0.050000
0 0.942187 0.650694 0.020313 0.043056
0 0.330469 0.248611 0.017188 0.038889
0 0.271875 0.267361 0.015625 0.045833
0 0.205859 0.468056 0.027344 0.027778
0 0.973047 0.707639 0.025781 0.026389
0 0.332031 0.619444 0.023438 0.038889
0 0.394531 0.863194 0.014063 0.026389
0 0.201563 0.280556 0.025000 0.030556
0 0.551562 0.764583 0.028125 0.048611
0 0.435156 0.148611 0.023438 0.041667
0 0.848437 0.047917 0.025000 0.045833
0 0.923828 0.364583 0.024219 0.034722
0 0.966016 0.629861 0.016406 0.048611
0 0.096484 0.518056 0.025781 0.025000
0 0.372266 0.811806 0.024219 0.029167
0 0.671484 0.672917 0.014844 0.031944
0 0.037500 0.881250 0.023438 0.037500
0 0.045703 0.417361 0.021094 0.034722
0 0.394922 0.303472 0.021094 0.026389
0 0.078906 0.786806 0.026562 0.045833
0 0.749219 0.951389 0.017188 0.041667
0 0.496875 0.220139 0.026562 0.043056
0 0.101953 0.675000 0.027344 0.038889
0 0.708984 0.457639 0.024219 0.043056
0 0.148047 0.397222 0.024219 0.047222
0 0.698438 0.698611 0.025000 0.041667
0 0.203125 0.578472 0.020313 0.045833
0 0.135547 0.341667 0.019531 0.047222
0 0.219531 0.226389 0.014063 0.044444
0 0.250000 0.255556 0.017188 0.025000
0 0.744141 0.349306 0.019531 0.029167
0 0.353516 0.687500 0.017969 0.036111
0 0.328906 0.927083 0.021875 0.026389
0 0.318750 0.701389 0.020313 0.036111
0 0.380078 0.954861 0.025781 0.048611
0 0.300000 0.136111 0.018750 0.041667
1 0.506641 0.394444 0.119531 0.269444
1 0.180469 0.841667 0.100000 0.172222
1 0.737109 0.157639 0.147656 0.231944
1 0.329688 0.458333 0.148438 0.263889
1 0.839063 0.570833 0.115625 0.261111
1 0.890234 0.180556 0.102344 0.186111
1 0.775391 0.822222 0.116406 0.186111