0 0.053516 0.764583 0.024219 0.031944
0 0.941016 0.039583 0.014844 0.034722
0 0.607422 0.207639 0.016406 0.040278
0 0.769531 0.484028 0.018750 0.031944
0 0.194922 0.063194 0.017969 0.040278
0 0.174609 0.103472 0.019531 0.029167
0 0.152734 0.197222 0.021094 0.041667
0 0.219531 0.964583 0.023438 0.026389
0 0.433594 0.492361 0.017188 0.026389
0 0.842969 0.665278 0.015625 0.041667
0 0.032031 0.284028 0.023438 0.037500
0 0.101172 0.909722 0.024219 0.025000
0 0.895312 0.234722 0.028125 0.044444
0 0.356250 0.734722 0.014063 0.047222
0 0.133203 0.804167 0.022656 0.027778
0 0.336328 0.088889 0.022656 0.050000
0 0.929297 0.766667 0.017969 0.044444
0 0.677734 0.841667 0.025781 0.038889
0 0.857812 0.358333 0.014063 0.047222
0 0.860547 0.156250 0.027344 0.048611
0 0.478125 0.083333 0.021875 0.036111
0 0.683594 0.784028 0.017188 0.043056
0 0.243359 0.078472 0.022656 0.029167
0 0.652734 0.928472 0.014844 0.034722
0 0.207813 0.527083 0.018750 0.045833
0 0.919531 0.956250 0.014063 0.026389
0 0.829688 0.564583 0.017188 0.031944
0 0.054297 0.349306 0.016406 0.031944
0 0.960938 0.895833 0.017188 0.044444
0 0.587891 0.924306 0.017969 0.045833
0 0.400391 0.438889 0.024219 0.050000
0 0.682813 0.364583 0.025000 0.026389
0 0.064062 0.950000 0.015625 0.047222
0 0.373437 0.838889 0.014063 0.041667
0 0.384766 0.604167 0.022656 0.036111
0 0.705859 0.928472 0.024219 0.043056
0 0.608203 0.116667 0.014844 0.047222
0 0.557031 0.036111 0.026562 0.027778
0 0.182422 0.172222 0.022656 0.033333
0 0.381250 0.692361 0.028125 0.026389
0 0.680078 0.625000 0.019531 0.047222
0 0.132031 0.642361 0.021875 0.031944
0 0.585547 0.803472 0.021094 0.045833
0 0.680859 0.554861 0.016406 0.026389
0 0.937109 0.225694 0.027344 0.029167
0 0.031250 0.677778 0.020313 0.038889
0 0.924219 0.181250 0.025000 0.040278
0 0.588672 0.695833 0.014844 0.033333
0 0.037500 0.615972 0.026562 0.040278
0 0.512109 0.907639 0.027344 0.031944
0 0.063281 0.840278 0.014063 0.027778
0 0.033594 0.850694 0.018750 0.037500
0 0.480469 0.168750 0.026562 0.029167
0 0.424609 0.740278 0.024219 0.041667
0 0.975781 0.143750 0.015625 0.034722
0 0.082812 0.594444 0.021875 0.036111
0 0.107813 0.116667 0.026562 0.050000
0 0.319531 0.952778 0.023438 0.025000
0 0.390625 0.900000 0.017188 0.050000
0 0.362891 0.071528 0.016406 0.048611
0 0.664453 0.105556 0.017969 0.025000
0 0.836719 0.054167 0.017188 0.038889
0 0.417187 0.830556 0.018750 0.036111
0 0.971094 0.201389 0.015625 0.041667
0 0.426953 0.159028 0.027344 0.026389
0 0.914062 0.358333 0.018750 0.047222
0 0.341016 0.478472 0.021094 0.048611
0 0.690234 0.709028 0.025781 0.026389
0 0.689844 0.092361 0.021875 0.037500
0 0.751953 0.564583 0.024219 0.029167
0 0.216406 0.918750 0.014063 0.045833
0 0.235937 0.904861 0.017188 0.034722
0 0.711719 0.554861 0.017188 0.048611
0 0.797266 0.620833 0.019531 0.027778
0 0.778125 0.440278 0.017188 0.038889
0 0.530859 0.043750 0.014844 0.037500
0 0.140625 0.874306 0.028125 0.040278
0 0.157812 0.924306 0.017188 0.034722
0 0.448047 0.783333 0.014844 0.038889
1 0.546484 0.422222 0.149219 0.269444
1 0.511719 0.740972 0.095312 0.187500
1 0.270703 0.710417 0.138281 0.298611
1 0.829688 0.845833 0.146875 0.213889
1 0.151562 0.355556 0.160938 0.230556
1 0.772266 0.234028 0.116406 0.298611
1 0.383984 0.290972 0.105469 0.220833