0 0.578516 0.520833 0.025781 0.047222
0 0.693359 0.503472 0.016406 0.026389
0 0.805859 0.403472 0.021094 0.048611
0 0.491406 0.055556 0.023438 0.033333
0 0.506641 0.511806 0.016406 0.045833
0 0.498828 0.395833 0.016406 0.041667
0 0.922266 0.318056 0.022656 0.038889
0 0.382422 0.297222 0.021094 0.047222
0 0.458594 0.932639 0.015625 0.026389
0 0.378125 0.484028 0.021875 0.048611
0 0.765234 0.477083 0.027344 0.029167
0 0.823047 0.463889 0.016406 0.041667
0 0.637500 0.890278 0.017188 0.041667
0 0.973047 0.486111 0.024219 0.025000
0 0.970703 0.597917 0.027344 0.026389
0 0.882812 0.928472 0.017188 0.045833
0 0.926562 0.395139 0.026562 0.040278
0 0.938672 0.492361 0.014844 0.026389
0 0.753125 0.559028 0.015625 0.034722
0 0.800781 0.567361 0.021875 0.048611
0 0.099219 0.913194 0.020313 0.048611
0 0.926953 0.444444 0.025781 0.041667
0 0.454297 0.701389 0.024219 0.038889
0 0.566016 0.403472 0.021094 0.026389
0 0.494922 0.836111 0.021094 0.038889
0 0.840234 0.507639 0.016406 0.031944
0 0.746875 0.346528 0.020313 0.040278
0 0.071094 0.750694 0.014063 0.037500
0 0.496094 0.957639 0.021875 0.037500
0 0.056250 0.411806 0.017188 0.034722
0 0.891016 0.393056 0.017969 0.038889
0 0.541016 0.034722 0.014844 0.025000
0 0.341016 0.452083 0.017969 0.045833
0 0.398828 0.205556 0.024219 0.030556
0 0.461328 0.391667 0.025781 0.044444
0 0.704688 0.422917 0.015625 0.040278
0 0.971094 0.749306 0.014063 0.026389
0 0.909766 0.946528 0.027344 0.031944
0 0.942187 0.756944 0.025000 0.038889
0 0.893750 0.099306 0.017188 0.029167
0 0.942187 0.090278 0.026562 0.025000
0 0.207031 0.033333 0.017188 0.033333
0 0.535547 0.399306 0.027344 0.031944
0 0.944531 0.899306 0.026562 0.026389
0 0.937891 0.568750 0.016406 0.043056
0 0.537891 0.135417 0.025781 0.031944
0 0.368359 0.866667 0.027344 0.044444
0 0.403125 0.829861 0.025000 0.043056
0 0.371875 0.925694 0.014063 0.043056
0 0.215625 0.910417 0.021875 0.040278
0 0.341016 0.118750 0.016406 0.040278
0 0.969531 0.284722 0.020313 0.036111
0 0.642188 0.783333 0.018750 0.047222
0 0.319922 0.958333 0.014844 0.033333
0 0.241797 0.545139 0.022656 0.048611
0 0.112891 0.772222 0.016406 0.047222
0 0.701172 0.770139 0.027344 0.029167
0 0.408203 0.036806 0.016406 0.040278
0 0.338672 0.840972 0.017969 0.026389
0 0.439844 0.640972 0.023438 0.037500
0 0.117969 0.857639 0.014063 0.037500
0 0.173047 0.868750 0.027344 0.026389
0 0.830469 0.946528 0.028125 0.037500
0 0.936328 0.227778 0.019531 0.027778
0 0.402734 0.431250 0.014844 0.029167
0 0.330469 0.880556 0.017188 0.025000
0 0.366016 0.108333 0.016406 0.044444
0 0.634375 0.417361 0.014063 0.045833
0 0.435156 0.770833 0.020313 0.036111
0 0.892969 0.605556 0.017188 0.030556
0 0.724609 0.920833 0.014844 0.050000
0 0.478125 0.471528 0.021875 0.031944
0 0.463672 0.842361 0.014844 0.031944
0 0.046875 0.312500 0.023438 0.027778
0 0.144922 0.891667 0.022656 0.033333
0 0.426172 0.090278 0.019531 0.041667
0 0.416406 0.936111 0.014063 0.050000
0 0.664844 0.934722 0.015625 0.050000
0 0.975000 0.955556 0.026562 0.025000
0 0.548047 0.455556 0.025781 0.044444
0 0.295703 0.895833 0.027344 0.038889
0 0.750000 0.283333 0.021875 0.033333
0 0.185547 0.585417 0.017969 0.026389
0 0.185547 0.765972 0.019531 0.034722
0 0.066797 0.871528 0.014844 0.034722
0 0.568359 0.884722 0.016406 0.041667
0 0.384375 0.526389 0.015625 0.025000
0 0.280078 0.504167 0.016406 0.036111
0 0.973828 0.650000 0.021094 0.033333
1 0.821094 0.195833 0.098437 0.297222
1 0.833594 0.764583 0.153125 0.240278
1 0.536719 0.675000 0.101562 0.213889
1 0.224609 0.277083 0.153906 0.287500
1 0.509766 0.266667 0.133594 0.183333
1 0.687109 0.136806 0.139844 0.170833
1 0.251172 0.715278 0.100781 0.202778
1 0.680859 0.618750 0.103906 0.170833
1 0.098437 0.606944 0.140625 0.191667
1 0.367969 0.682639 0.096875 0.231944