0 0.512500 0.519444 0.018750 0.038889
0 0.085156 0.156944 0.028125 0.030556
0 0.255859 0.517361 0.019531 0.048611
0 0.281641 0.468056 0.019531 0.027778
0 0.666797 0.400000 0.019531 0.044444
0 0.433594 0.522917 0.017188 0.031944
0 0.257031 0.043056 0.023438 0.038889
0 0.941797 0.803472 0.025781 0.029167
0 0.541797 0.893750 0.024219 0.040278
0 0.923828 0.558333 0.021094 0.050000
0 0.607422 0.791667 0.022656 0.036111
0 0.633984 0.436111 0.024219 0.044444
0 0.555469 0.844444 0.028125 0.036111
0 0.174219 0.594444 0.025000 0.041667
0 0.551953 0.447917 0.021094 0.048611
0 0.972266 0.654861 0.017969 0.031944
0 0.653125 0.552083 0.026562 0.029167
0 0.360938 0.918056 0.026562 0.038889
0 0.637500 0.660417 0.021875 0.043056
0 0.138281 0.579167 0.014063 0.036111
0 0.564453 0.345139 0.017969 0.031944
0 0.965234 0.493056 0.022656 0.030556
0 0.116797 0.577083 0.022656 0.040278
0 0.027734 0.809722 0.024219 0.044444
0 0.966016 0.328472 0.021094 0.037500
0 0.765625 0.963889 0.018750 0.036111
0 0.923828 0.280556 0.014844 0.025000
0 0.766797 0.048611 0.021094 0.041667
0 0.506250 0.600000 0.021875 0.036111
0 0.538672 0.295139 0.027344 0.048611
0 0.210547 0.172917 0.024219 0.040278
0 0.048438 0.654861 0.028125 0.026389
0 0.177344 0.120139 0.028125 0.034722
0 0.131250 0.188889 0.023438 0.033333
0 0.342187 0.772917 0.014063 0.034722
0 0.131250 0.538194 0.017188 0.026389
0 0.516797 0.140278 0.027344 0.041667
0 0.530469 0.634722 0.015625 0.050000
0 0.607031 0.630556 0.023438 0.025000
0 0.936328 0.059722 0.017969 0.027778
0 0.562891 0.947222 0.027344 0.030556
0 0.875000 0.041667 0.023438 0.050000
0 0.954297 0.275694 0.017969 0.029167
0 0.275781 0.143750 0.015625 0.040278
0 0.310937 0.616667 0.020313 0.025000
0 0.864844 0.595139 0.021875 0.043056
0 0.229297 0.852778 0.014844 0.030556
0 0.042578 0.893750 0.021094 0.026389
0 0.130859 0.961806 0.021094 0.037500
0 0.096484 0.050694 0.025781 0.043056
0 0.313672 0.777083 0.025781 0.034722
0 0.669922 0.485417 0.014844 0.040278
0 0.192578 0.963889 0.024219 0.027778
0 0.880859 0.843056 0.016406 0.050000
0 0.869922 0.895139 0.016406 0.040278
0 0.904297 0.052083 0.016406 0.029167
0 0.066016 0.496528 0.016406 0.040278
0 0.043750 0.747917 0.018750 0.043056
0 0.302734 0.722222 0.021094 0.033333
0 0.692187 0.483333 0.020313 0.036111
0 0.850000 0.716667 0.026562 0.033333
0 0.035547 0.572917 0.021094 0.045833
0 0.556641 0.745833 0.022656 0.041667
0 0.315625 0.860417 0.028125 0.031944
0 0.491406 0.656944 0.020313 0.041667
0 0.855469 0.646528 0.026562 0.045833
0 0.028516 0.067361 0.017969 0.043056
0 0.676562 0.629861 0.025000 0.029167
0 0.051562 0.098611 0.015625 0.033333
0 0.630469 0.372222 0.025000 0.038889
0 0.914062 0.488194 0.023438 0.031944
0 0.200391 0.609028 0.017969 0.045833
0 0.463672 0.938194 0.027344 0.029167
0 0.394141 0.044444 0.019531 0.047222
0 0.436328 0.845139 0.024219 0.031944
0 0.556250 0.239583 0.017188 0.031944
0 0.063281 0.210417 0.018750 0.043056
0 0.791797 0.844444 0.017969 0.030556
0 0.356641 0.419444 0.027344 0.033333
0 0.743359 0.593056 0.016406 0.041667
0 0.385937 0.543750 0.021875 0.029167
0 0.885938 0.731944 0.018750 0.044444
0 0.558203 0.497222 0.016406 0.025000
0 0.900000 0.544444 0.014063 0.025000
0 0.976953 0.269444 0.014844 0.036111
0 0.283203 0.504167 0.021094 0.025000
0 0.550000 0.127778 0.021875 0.050000
0 0.953906 0.764583 0.026562 0.026389
0 0.769141 0.643750 0.017969 0.043056
0 0.909375 0.216667 0.017188 0.036111
0 0.019531 0.513194 0.018750 0.029167
0 0.217188 0.100000 0.020313 0.027778
0 0.024219 0.411111 0.018750 0.050000
0 0.969531 0.034028 0.014063 0.029167
1 0.419141 0.706250 0.113281 0.198611
1 0.805078 0.402083 0.124219 0.220833
1 0.154688 0.356944 0.171875 0.172222
1 0.397266 0.224306 0.160156 0.295833
1 0.630078 0.168056 0.117969 0.230556
1 0.676953 0.813889 0.099219 0.180556
1 0.133984 0.750000 0.119531 0.216667