0 0.293945 0.632812 0.056641 0.039062
0 0.957031 0.108398 0.039062 0.037109
0 0.470703 0.633789 0.039062 0.044922
0 0.939453 0.952148 0.058594 0.056641
0 0.764648 0.943359 0.056641 0.039062
0 0.851562 0.928711 0.039062 0.052734
0 0.867188 0.531250 0.054688 0.042969
0 0.843750 0.288086 0.035156 0.052734
0 0.815430 0.208984 0.044922 0.042969
0 0.956055 0.883789 0.037109 0.041016
0 0.927734 0.335938 0.050781 0.042969
0 0.597656 0.673828 0.050781 0.035156
0 0.508789 0.927734 0.056641 0.039062
0 0.617188 0.897461 0.058594 0.033203
0 0.610352 0.836914 0.056641 0.052734
0 0.880859 0.067383 0.054688 0.052734
0 0.682617 0.886719 0.056641 0.042969
0 0.621094 0.787109 0.050781 0.031250
0 0.538086 0.878906 0.048828 0.039062
0 0.919922 0.166992 0.031250 0.052734
0 0.564453 0.193359 0.035156 0.031250
0 0.619141 0.614258 0.058594 0.044922
0 0.269531 0.693359 0.046875 0.050781
0 0.773438 0.655273 0.035156 0.052734
0 0.543945 0.652344 0.037109 0.031250
0 0.699219 0.326172 0.050781 0.042969
0 0.108398 0.932617 0.033203 0.033203
0 0.531250 0.149414 0.054688 0.033203
0 0.779297 0.323242 0.035156 0.048828
0 0.350586 0.271484 0.041016 0.031250
0 0.388672 0.628906 0.050781 0.050781
1 0.173828 0.373047 0.246094 0.191406
1 0.668945 0.169922 0.142578 0.210938
1 0.783203 0.781250 0.242188 0.140625
1 0.719727 0.468750 0.208984 0.203125
1 0.465820 0.473633 0.224609 0.244141
1 0.154297 0.620117 0.164062 0.205078
1 0.281250 0.857422 0.234375 0.207031
1 0.358398 0.130859 0.244141 0.179688
1 0.129883 0.138672 0.158203 0.175781