0 0.908203 0.797852 0.035156 0.037109
0 0.900391 0.153320 0.042969 0.052734
0 0.725586 0.787109 0.048828 0.054688
0 0.836914 0.206055 0.041016 0.044922
0 0.209961 0.060547 0.052734 0.039062
0 0.054688 0.381836 0.050781 0.044922
0 0.085938 0.916992 0.050781 0.033203
0 0.892578 0.094727 0.031250 0.044922
0 0.198242 0.178711 0.041016 0.056641
0 0.865234 0.959961 0.031250 0.037109
0 0.122070 0.239258 0.056641 0.041016
0 0.883789 0.360352 0.033203 0.048828
0 0.256836 0.592773 0.052734 0.033203
0 0.881836 0.901367 0.044922 0.033203
0 0.562500 0.337891 0.031250 0.039062
0 0.610352 0.356445 0.044922 0.041016
0 0.859375 0.541016 0.050781 0.050781
0 0.797852 0.752930 0.044922 0.041016
0 0.774414 0.323242 0.056641 0.056641
0 0.623047 0.703125 0.031250 0.031250
0 0.833984 0.809570 0.031250 0.056641
0 0.821289 0.090820 0.044922 0.048828
0 0.162109 0.909180 0.046875 0.048828
0 0.924805 0.251953 0.048828 0.039062
0 0.090820 0.306641 0.048828 0.050781
0 0.171875 0.322266 0.054688 0.031250
0 0.919922 0.664062 0.046875 0.058594
0 0.103516 0.791016 0.058594 0.035156
0 0.864258 0.257812 0.048828 0.042969
0 0.128906 0.097656 0.035156 0.050781
0 0.488281 0.652344 0.031250 0.054688
0 0.948242 0.397461 0.052734 0.033203
0 0.927734 0.945312 0.031250 0.058594
0 0.693359 0.383789 0.031250 0.037109
0 0.505859 0.541016 0.042969 0.042969
0 0.486328 0.737305 0.050781 0.033203
0 0.852539 0.484375 0.048828 0.046875
0 0.143555 0.161133 0.041016 0.041016
0 0.570312 0.766602 0.035156 0.052734
0 0.064453 0.093750 0.046875 0.058594
0 0.501953 0.466797 0.042969 0.031250
0 0.428711 0.666992 0.056641 0.056641
0 0.244141 0.488281 0.050781 0.058594
0 0.510742 0.339844 0.033203 0.054688
0 0.833008 0.658203 0.056641 0.050781
0 0.097656 0.705078 0.042969 0.046875
0 0.189453 0.416992 0.039062 0.056641
1 0.341797 0.326172 0.226562 0.175781
1 0.306641 0.812500 0.222656 0.203125
1 0.645508 0.178711 0.263672 0.212891
1 0.675781 0.551758 0.234375 0.255859
1 0.384766 0.534180 0.175781 0.166016
1 0.735352 0.907227 0.142578 0.154297
1 0.106445 0.570312 0.150391 0.160156
1 0.331055 0.090820 0.150391 0.138672
1 0.538086 0.906250 0.150391 0.144531