0 0.409375 0.559028 0.021875 0.040278
0 0.318359 0.471528 0.024219 0.029167
0 0.466016 0.891667 0.022656 0.030556
0 0.053516 0.188194 0.019531 0.043056
0 0.424609 0.245139 0.022656 0.048611
0 0.401953 0.438194 0.025781 0.043056
0 0.589844 0.953472 0.023438 0.029167
0 0.620313 0.295139 0.014063 0.026389
0 0.042188 0.831944 0.018750 0.044444
0 0.789453 0.044444 0.021094 0.033333
0 0.340234 0.295833 0.025781 0.041667
0 0.646094 0.228472 0.018750 0.029167
0 0.868750 0.284028 0.026562 0.040278
0 0.577344 0.775694 0.023438 0.040278
0 0.594141 0.859722 0.014844 0.047222
0 0.266016 0.504167 0.022656 0.050000
0 0.521094 0.781250 0.020313 0.026389
0 0.450391 0.119444 0.021094 0.033333
0 0.394922 0.500000 0.017969 0.025000
0 0.958203 0.145139 0.016406 0.048611
0 0.475391 0.581250 0.017969 0.037500
0 0.262891 0.893750 0.022656 0.040278
0 0.566797 0.040972 0.014844 0.048611
0 0.242578 0.946528 0.027344 0.048611
0 0.880859 0.219444 0.019531 0.030556
0 0.710547 0.085417 0.017969 0.043056
0 0.253516 0.220139 0.021094 0.031944
0 0.038281 0.247917 0.014063 0.029167
0 0.053516 0.072222 0.024219 0.030556
0 0.596094 0.711111 0.026562 0.041667
0 0.791016 0.172222 0.027344 0.027778
0 0.579297 0.094444 0.021094 0.030556
0 0.353125 0.938194 0.025000 0.043056
0 0.512500 0.671528 0.021875 0.043056
0 0.802344 0.084028 0.026562 0.029167
0 0.251563 0.125694 0.021875 0.048611
0 0.860938 0.962500 0.020313 0.027778
0 0.346484 0.472222 0.022656 0.038889
0 0.225000 0.650000 0.021875 0.038889
0 0.630859 0.043750 0.022656 0.029167
0 0.743750 0.068750 0.015625 0.037500
0 0.027734 0.589583 0.014844 0.037500
0 0.498828 0.166667 0.021094 0.033333
0 0.130859 0.950000 0.017969 0.050000
0 0.052734 0.960417 0.025781 0.029167
0 0.237891 0.809722 0.021094 0.041667
0 0.778516 0.775000 0.016406 0.038889
0 0.431250 0.881250 0.017188 0.029167
0 0.417969 0.093056 0.014063 0.025000
0 0.494922 0.925000 0.014844 0.036111
0 0.899609 0.954167 0.014844 0.047222
0 0.976172 0.301389 0.024219 0.030556
0 0.543750 0.883333 0.025000 0.038889
0 0.755078 0.165278 0.024219 0.047222
0 0.174219 0.854861 0.021875 0.031944
0 0.733984 0.254861 0.027344 0.040278
0 0.917188 0.041667 0.021875 0.033333
0 0.275781 0.136806 0.014063 0.037500
0 0.433203 0.613889 0.024219 0.027778
0 0.707031 0.203472 0.028125 0.045833
0 0.468359 0.070833 0.027344 0.050000
0 0.801953 0.126389 0.025781 0.036111
0 0.911328 0.277778 0.017969 0.038889
0 0.936719 0.251389 0.025000 0.025000
0 0.216797 0.468750 0.024219 0.040278
0 0.334766 0.531944 0.019531 0.041667
0 0.348047 0.184722 0.019531 0.047222
0 0.925391 0.120833 0.014844 0.038889
0 0.773828 0.092361 0.021094 0.037500
0 0.513281 0.063194 0.014063 0.037500
0 0.442188 0.662500 0.020313 0.030556
0 0.041797 0.302778 0.021094 0.050000
0 0.148438 0.059028 0.028125 0.026389
0 0.885547 0.073611 0.025781 0.027778
0 0.215234 0.743750 0.022656 0.029167
0 0.298438 0.291667 0.017188 0.050000
0 0.177344 0.963889 0.023438 0.030556
0 0.564063 0.829861 0.014063 0.048611
0 0.475781 0.805556 0.015625 0.038889
0 0.680859 0.286111 0.017969 0.033333
0 0.890234 0.125694 0.022656 0.026389
0 0.476172 0.523611 0.017969 0.047222
0 0.821484 0.218056 0.025781 0.030556
0 0.088672 0.940972 0.022656 0.037500
0 0.398047 0.313889 0.025781 0.050000
0 0.295703 0.213889 0.027344 0.041667
0 0.102344 0.064583 0.018750 0.048611
0 0.833203 0.965972 0.014844 0.031944
0 0.363672 0.044444 0.022656 0.044444
0 0.085938 0.889583 0.020313 0.026389
0 0.028125 0.165278 0.018750 0.050000
1 0.121094 0.642361 0.145313 0.301389
1 0.154297 0.215972 0.160156 0.187500
1 0.876563 0.479861 0.150000 0.287500
1 0.323047 0.728472 0.108594 0.218056
1 0.519531 0.349306 0.151562 0.273611
1 0.875391 0.811111 0.166406 0.213889
1 0.703516 0.425000 0.136719 0.172222
1 0.685937 0.794444 0.139063 0.300000