0 0.495312 0.517361 0.014063 0.045833
0 0.825391 0.084722 0.025781 0.044444
0 0.967187 0.924306 0.018750 0.040278
0 0.640625 0.104167 0.020313 0.038889
0 0.223047 0.052083 0.016406 0.026389
0 0.112891 0.923611 0.017969 0.036111
0 0.743359 0.134028 0.022656 0.029167
0 0.635938 0.671528 0.026562 0.045833
0 0.190234 0.104167 0.019531 0.036111
0 0.475391 0.494444 0.019531 0.025000
0 0.233594 0.138889 0.014063 0.027778
0 0.674219 0.186806 0.018750 0.045833
0 0.891406 0.201389 0.021875 0.050000
0 0.741406 0.898611 0.028125 0.027778
0 0.067969 0.568750 0.025000 0.034722
0 0.417969 0.131250 0.014063 0.048611
0 0.513672 0.258333 0.027344 0.050000
0 0.532422 0.418056 0.016406 0.025000
0 0.976562 0.127083 0.023438 0.034722
0 0.690625 0.102083 0.014063 0.045833
0 0.327344 0.425000 0.023438 0.027778
0 0.916406 0.198611 0.021875 0.050000
0 0.802734 0.292361 0.025781 0.026389
0 0.916016 0.813889 0.021094 0.027778
0 0.035547 0.105556 0.014844 0.038889
0 0.836719 0.162500 0.017188 0.033333
0 0.089453 0.881250 0.014844 0.045833
0 0.761328 0.807639 0.017969 0.048611
0 0.928516 0.859722 0.021094 0.044444
0 0.355859 0.323611 0.017969 0.038889
0 0.362109 0.112500 0.016406 0.030556
0 0.319141 0.260417 0.014844 0.026389
0 0.678125 0.673611 0.028125 0.050000
0 0.095703 0.081944 0.025781 0.036111
0 0.120313 0.134028 0.018750 0.026389
0 0.867578 0.154861 0.022656 0.029167
0 0.774219 0.391667 0.026562 0.050000
0 0.271094 0.165972 0.015625 0.037500
0 0.587891 0.961111 0.021094 0.027778
0 0.775781 0.901389 0.026562 0.041667
0 0.471875 0.721528 0.020313 0.040278
0 0.509766 0.322222 0.014844 0.030556
0 0.532031 0.582639 0.020313 0.031944
0 0.495312 0.432639 0.014063 0.031944
0 0.748047 0.473611 0.022656 0.038889
0 0.597656 0.203472 0.023438 0.034722
0 0.151562 0.202778 0.025000 0.027778
0 0.271094 0.628472 0.021875 0.037500
0 0.470703 0.447917 0.019531 0.048611
0 0.742188 0.232639 0.017188 0.026389
0 0.027344 0.061806 0.014063 0.037500
0 0.708594 0.831944 0.014063 0.030556
0 0.103125 0.408333 0.017188 0.044444
0 0.677734 0.515972 0.021094 0.045833
0 0.483594 0.936111 0.017188 0.025000
0 0.829688 0.206250 0.025000 0.034722
0 0.863672 0.196528 0.017969 0.026389
0 0.369922 0.386806 0.025781 0.029167
0 0.017969 0.472917 0.015625 0.029167
0 0.593750 0.596528 0.020313 0.029167
0 0.339844 0.181250 0.021875 0.026389
0 0.716797 0.351389 0.014844 0.025000
0 0.469531 0.861111 0.014063 0.030556
0 0.914453 0.147917 0.017969 0.031944
0 0.799609 0.188194 0.021094 0.040278
0 0.832812 0.752778 0.015625 0.047222
0 0.388281 0.840278 0.018750 0.038889
0 0.393750 0.134028 0.021875 0.026389
0 0.077734 0.270833 0.021094 0.036111
0 0.714063 0.234722 0.018750 0.050000
0 0.508203 0.642361 0.016406 0.034722
0 0.364453 0.191667 0.021094 0.038889
0 0.189844 0.218056 0.020313 0.038889
0 0.341016 0.954861 0.022656 0.037500
0 0.495703 0.091667 0.019531 0.033333
0 0.297266 0.260417 0.014844 0.048611
0 0.485156 0.174306 0.014063 0.040278
0 0.114844 0.868056 0.021875 0.030556
0 0.071094 0.486111 0.025000 0.041667
0 0.791406 0.077778 0.021875 0.027778
0 0.321094 0.884028 0.025000 0.031944
0 0.723047 0.054861 0.021094 0.034722
0 0.437500 0.142361 0.018750 0.034722
0 0.480859 0.264583 0.027344 0.029167
0 0.115625 0.182639 0.025000 0.040278
0 0.452344 0.086806 0.015625 0.040278
0 0.309766 0.302778 0.014844 0.025000
0 0.530469 0.197222 0.014063 0.050000
0 0.810937 0.946528 0.014063 0.026389
0 0.765625 0.956250 0.017188 0.040278
0 0.393359 0.924306 0.025781 0.029167
0 0.808594 0.887500 0.025000 0.047222
0 0.390234 0.238889 0.021094 0.027778
0 0.319531 0.114583 0.014063 0.026389
0 0.298828 0.131944 0.016406 0.033333
0 0.110547 0.618056 0.019531 0.047222
0 0.545312 0.077083 0.021875 0.045833
0 0.830078 0.938889 0.014844 0.044444
0 0.158203 0.075000 0.016406 0.038889
0 0.600000 0.681944 0.021875 0.033333
0 0.041016 0.404167 0.022656 0.030556
1 0.603125 0.425694 0.107813 0.287500
1 0.108594 0.745139 0.143750 0.184722
1 0.369922 0.647917 0.132031 0.256944
1 0.201172 0.453472 0.163281 0.262500
1 0.928125 0.380556 0.093750 0.258333
1 0.755859 0.633333 0.117969 0.250000
1 0.607031 0.821528 0.134375 0.206944