0 0.452148 0.871094 0.056641 0.031250
0 0.233398 0.277344 0.044922 0.039062
0 0.698242 0.408203 0.052734 0.058594
0 0.357422 0.686523 0.046875 0.037109
0 0.522461 0.792969 0.044922 0.031250
0 0.728516 0.592773 0.035156 0.037109
0 0.344727 0.504883 0.048828 0.037109
0 0.080078 0.047852 0.042969 0.044922
0 0.162109 0.398438 0.054688 0.058594
0 0.619141 0.596680 0.031250 0.052734
0 0.468750 0.762695 0.046875 0.033203
0 0.691406 0.324219 0.050781 0.042969
0 0.527344 0.740234 0.050781 0.031250
0 0.877930 0.049805 0.048828 0.052734
0 0.624023 0.172852 0.052734 0.037109
0 0.629883 0.929688 0.037109 0.035156
0 0.339844 0.956055 0.054688 0.056641
0 0.554688 0.182617 0.050781 0.056641
0 0.946289 0.298828 0.052734 0.054688
0 0.952148 0.828125 0.037109 0.031250
0 0.675781 0.101562 0.031250 0.058594
0 0.252930 0.593750 0.044922 0.042969
0 0.333984 0.062500 0.042969 0.039062
0 0.163086 0.540039 0.056641 0.048828
0 0.789062 0.925781 0.046875 0.035156
0 0.053711 0.529297 0.056641 0.035156
0 0.067383 0.944336 0.056641 0.048828
0 0.906250 0.700195 0.042969 0.052734
0 0.577148 0.298828 0.037109 0.050781
0 0.589844 0.853516 0.042969 0.054688
0 0.628906 0.523438 0.042969 0.035156
0 0.350586 0.455078 0.044922 0.035156
0 0.266602 0.404297 0.041016 0.035156
0 0.067383 0.317383 0.044922 0.044922
1 0.421875 0.222656 0.152344 0.210938
1 0.851562 0.515625 0.164062 0.144531
1 0.195312 0.782227 0.175781 0.259766
1 0.492188 0.545898 0.171875 0.236328
1 0.749023 0.747070 0.236328 0.205078
1 0.829102 0.206055 0.138672 0.228516