0 0.716406 0.163194 0.023438 0.043056
0 0.382422 0.156944 0.017969 0.036111
0 0.216406 0.963889 0.025000 0.030556
0 0.080859 0.597222 0.019531 0.030556
0 0.636328 0.204861 0.019531 0.029167
0 0.739062 0.714583 0.017188 0.029167
0 0.605859 0.041667 0.022656 0.047222
0 0.339844 0.899306 0.025000 0.037500
0 0.194531 0.209028 0.014063 0.034722
0 0.170703 0.290972 0.017969 0.045833
0 0.762891 0.710417 0.022656 0.037500
0 0.043750 0.116667 0.020313 0.033333
0 0.976562 0.804861 0.020313 0.034722
0 0.632031 0.784028 0.028125 0.045833
0 0.835156 0.675000 0.021875 0.044444
0 0.064062 0.819444 0.021875 0.036111
0 0.193750 0.443750 0.026562 0.043056
0 0.282422 0.131250 0.016406 0.034722
0 0.669922 0.214583 0.021094 0.043056
0 0.411328 0.773611 0.014844 0.030556
0 0.219141 0.578472 0.016406 0.037500
0 0.624609 0.130556 0.025781 0.027778
0 0.832031 0.962500 0.021875 0.025000
0 0.297266 0.235417 0.016406 0.048611
0 0.932031 0.900694 0.017188 0.026389
0 0.213281 0.113889 0.025000 0.025000
0 0.310547 0.734722 0.016406 0.033333
0 0.496875 0.906250 0.026562 0.043056
0 0.058984 0.642361 0.025781 0.043056
0 0.483984 0.106944 0.024219 0.047222
0 0.366406 0.709028 0.017188 0.043056
0 0.688281 0.081250 0.023438 0.029167
0 0.126953 0.639583 0.024219 0.045833
0 0.377734 0.051389 0.022656 0.033333
0 0.158203 0.232639 0.014844 0.037500
0 0.644922 0.947222 0.021094 0.041667
0 0.055859 0.951389 0.017969 0.047222
0 0.246094 0.138889 0.026562 0.025000
0 0.450391 0.871528 0.024219 0.037500
0 0.975781 0.120139 0.014063 0.031944
0 0.422266 0.965972 0.025781 0.031944
0 0.095312 0.148611 0.025000 0.050000
0 0.739062 0.642361 0.028125 0.040278
0 0.408203 0.262500 0.016406 0.025000
0 0.352734 0.651389 0.024219 0.027778
0 0.325781 0.844444 0.025000 0.047222
0 0.979688 0.940972 0.015625 0.043056
0 0.543359 0.882639 0.017969 0.026389
0 0.480078 0.966667 0.027344 0.025000
0 0.301172 0.564583 0.022656 0.029167
0 0.628906 0.032639 0.015625 0.031944
0 0.212500 0.628472 0.025000 0.037500
0 0.390234 0.875694 0.025781 0.045833
0 0.962500 0.413194 0.028125 0.031944
0 0.782813 0.302778 0.026562 0.033333
0 0.324609 0.158333 0.024219 0.050000
0 0.603516 0.370139 0.027344 0.037500
0 0.069531 0.242361 0.025000 0.048611
0 0.409375 0.097917 0.023438 0.037500
0 0.896484 0.715278 0.024219 0.027778
0 0.791016 0.696528 0.025781 0.045833
0 0.308594 0.097222 0.023438 0.044444
0 0.562500 0.099306 0.028125 0.031944
0 0.675781 0.954167 0.028125 0.027778
0 0.560547 0.938889 0.021094 0.033333
0 0.716406 0.077778 0.026562 0.050000
0 0.601562 0.941667 0.015625 0.047222
0 0.533594 0.949306 0.023438 0.043056
0 0.172266 0.672917 0.016406 0.043056
0 0.354297 0.605556 0.017969 0.027778
0 0.433594 0.470833 0.018750 0.038889
0 0.043359 0.226389 0.016406 0.044444
0 0.664062 0.423611 0.025000 0.025000
0 0.689453 0.852083 0.024219 0.029167
0 0.252344 0.060417 0.015625 0.029167
0 0.937891 0.752778 0.021094 0.036111
0 0.662891 0.345139 0.014844 0.045833
0 0.419141 0.884722 0.017969 0.047222
0 0.127344 0.258333 0.020313 0.038889
0 0.092188 0.675694 0.015625 0.043056
0 0.606641 0.881944 0.024219 0.050000
0 0.353906 0.809722 0.025000 0.044444
0 0.021484 0.720139 0.019531 0.040278
0 0.332422 0.221528 0.017969 0.048611
0 0.353906 0.108333 0.021875 0.038889
0 0.600781 0.754861 0.014063 0.026389
0 0.682031 0.275694 0.021875 0.045833
0 0.935156 0.833333 0.020313 0.044444
0 0.044141 0.777083 0.019531 0.026389
0 0.410938 0.649306 0.028125 0.034722
0 0.700000 0.775000 0.020313 0.036111
0 0.071094 0.166667 0.015625 0.041667
0 0.666406 0.745139 0.028125 0.043056
0 0.612891 0.221528 0.016406 0.031944
0 0.282422 0.922222 0.016406 0.041667
0 0.712109 0.880556 0.014844 0.047222
0 0.771094 0.194444 0.015625 0.030556
1 0.503516 0.302083 0.155469 0.240278
1 0.772656 0.447222 0.162500 0.213889
1 0.107031 0.454861 0.131250 0.220833
1 0.510938 0.704861 0.151562 0.245833
1 0.200781 0.806250 0.151562 0.170833
1 0.298438 0.408333 0.157812 0.197222
1 0.817187 0.847917 0.151562 0.179167
1 0.882812 0.178472 0.129688 0.220833