0 0.844727 0.872070 0.044922 0.056641
0 0.717773 0.057617 0.052734 0.044922
0 0.388672 0.611328 0.042969 0.054688
0 0.571289 0.933594 0.052734 0.042969
0 0.613281 0.258789 0.035156 0.037109
0 0.961914 0.388672 0.041016 0.050781
0 0.349609 0.859375 0.058594 0.039062
0 0.460938 0.065430 0.046875 0.056641
0 0.964844 0.726562 0.039062 0.058594
0 0.803711 0.234375 0.056641 0.042969
0 0.138672 0.674805 0.031250 0.044922
0 0.894531 0.415039 0.050781 0.056641
0 0.805664 0.083008 0.052734 0.044922
0 0.197266 0.256836 0.042969 0.041016
0 0.552734 0.764648 0.058594 0.037109
0 0.271484 0.928711 0.031250 0.056641
0 0.039062 0.594727 0.042969 0.041016
0 0.956055 0.802734 0.056641 0.039062
0 0.508789 0.835938 0.041016 0.058594
0 0.961914 0.462891 0.044922 0.031250
0 0.440430 0.751953 0.044922 0.058594
0 0.202148 0.660156 0.048828 0.046875
0 0.543945 0.167969 0.056641 0.058594
0 0.327148 0.059570 0.037109 0.052734
0 0.166016 0.555664 0.031250 0.048828
0 0.099609 0.068359 0.058594 0.050781
0 0.795898 0.955078 0.037109 0.050781
0 0.538086 0.456055 0.056641 0.048828
0 0.878906 0.220703 0.042969 0.031250
0 0.082031 0.522461 0.054688 0.037109
0 0.343750 0.523438 0.042969 0.046875
1 0.750000 0.353516 0.207031 0.175781
1 0.132812 0.855469 0.214844 0.164062
1 0.525391 0.604492 0.164062 0.154297
1 0.682617 0.786133 0.185547 0.158203
1 0.208008 0.368164 0.267578 0.146484
1 0.323242 0.181641 0.185547 0.160156
1 0.785156 0.568359 0.230469 0.191406