0 0.345703 0.337891 0.046875 0.058594
0 0.757812 0.909180 0.039062 0.041016
0 0.900391 0.869141 0.031250 0.046875
0 0.490234 0.645508 0.039062 0.044922
0 0.042969 0.638672 0.035156 0.031250
0 0.221680 0.781250 0.037109 0.054688
0 0.863281 0.251953 0.046875 0.050781
0 0.138672 0.349609 0.042969 0.035156
0 0.395508 0.449219 0.033203 0.058594
0 0.556641 0.179688 0.054688 0.042969
0 0.612305 0.128906 0.048828 0.035156
0 0.053711 0.119141 0.044922 0.058594
0 0.441406 0.057617 0.035156 0.041016
0 0.958008 0.172852 0.044922 0.037109
0 0.672852 0.039062 0.056641 0.031250
0 0.435547 0.281250 0.035156 0.042969
0 0.611328 0.075195 0.039062 0.044922
0 0.669922 0.511719 0.031250 0.054688
0 0.232422 0.096680 0.058594 0.048828
0 0.436523 0.379883 0.033203 0.056641
0 0.151367 0.778320 0.056641 0.037109
0 0.048828 0.331055 0.042969 0.044922
0 0.495117 0.325195 0.056641 0.044922
0 0.071289 0.516602 0.033203 0.052734
0 0.613281 0.192383 0.031250 0.033203
0 0.624023 0.530273 0.037109 0.052734
0 0.565430 0.944336 0.037109 0.041016
0 0.592773 0.480469 0.048828 0.031250
0 0.453125 0.166016 0.054688 0.031250
0 0.044922 0.787109 0.058594 0.046875
0 0.476562 0.560547 0.054688 0.035156
0 0.797852 0.160156 0.052734 0.042969
0 0.800781 0.960938 0.039062 0.046875
0 0.895508 0.094727 0.052734 0.052734
0 0.049805 0.048828 0.056641 0.054688
1 0.833984 0.667969 0.136719 0.265625
1 0.227539 0.464844 0.259766 0.171875
1 0.628906 0.696289 0.207031 0.259766
1 0.222656 0.219727 0.230469 0.142578
1 0.243164 0.651367 0.267578 0.150391
1 0.666016 0.301758 0.187500 0.162109
1 0.864258 0.399414 0.162109 0.220703
1 0.372070 0.852539 0.248047 0.181641