0 0.268359 0.695139 0.017969 0.043056
0 0.288281 0.146528 0.017188 0.045833
0 0.599609 0.921528 0.017969 0.043056
0 0.157031 0.802083 0.023438 0.029167
0 0.901563 0.334028 0.018750 0.048611
0 0.135937 0.872222 0.025000 0.025000
0 0.347656 0.893056 0.025000 0.041667
0 0.916406 0.915278 0.028125 0.044444
0 0.951953 0.111806 0.016406 0.026389
0 0.884375 0.743056 0.021875 0.025000
0 0.249609 0.202778 0.014844 0.050000
0 0.174609 0.051389 0.014844 0.033333
0 0.064844 0.628472 0.021875 0.040278
0 0.760547 0.320139 0.022656 0.043056
0 0.223828 0.042361 0.025781 0.031944
0 0.170313 0.900694 0.023438 0.026389
0 0.552344 0.133333 0.015625 0.047222
0 0.393359 0.940972 0.014844 0.040278
0 0.603125 0.579861 0.020313 0.040278
0 0.042578 0.550694 0.027344 0.031944
0 0.126172 0.798611 0.014844 0.025000
0 0.041406 0.838889 0.020313 0.044444
0 0.906641 0.713194 0.016406 0.037500
0 0.859375 0.788194 0.021875 0.034722
0 0.554297 0.581944 0.027344 0.030556
0 0.958203 0.461111 0.022656 0.038889
0 0.203906 0.154167 0.025000 0.025000
0 0.174219 0.460417 0.015625 0.045833
0 0.962891 0.935417 0.016406 0.040278
0 0.068359 0.876389 0.014844 0.044444
0 0.830469 0.874306 0.017188 0.043056
0 0.960156 0.887500 0.028125 0.025000
0 0.282422 0.197917 0.021094 0.034722
0 0.031641 0.773611 0.016406 0.025000
0 0.891797 0.632639 0.025781 0.037500
0 0.524219 0.070139 0.025000 0.045833
0 0.205469 0.101389 0.025000 0.047222
0 0.921484 0.150694 0.014844 0.048611
0 0.750781 0.218750 0.017188 0.029167
0 0.950000 0.708333 0.025000 0.044444
0 0.916406 0.808333 0.026562 0.050000
0 0.441797 0.111806 0.017969 0.048611
0 0.463672 0.033333 0.021094 0.027778
0 0.189844 0.752778 0.015625 0.025000
0 0.925000 0.518056 0.025000 0.038889
0 0.689844 0.856944 0.023438 0.027778
0 0.836719 0.758333 0.017188 0.030556
0 0.790234 0.731250 0.022656 0.029167
0 0.110547 0.072222 0.025781 0.041667
0 0.078906 0.681944 0.015625 0.025000
0 0.634766 0.420833 0.027344 0.044444
0 0.180859 0.527778 0.016406 0.027778
0 0.216797 0.891667 0.022656 0.050000
0 0.815625 0.035417 0.018750 0.034722
0 0.727344 0.044444 0.028125 0.038889
0 0.707422 0.421528 0.022656 0.029167
0 0.148828 0.099306 0.016406 0.029167
0 0.037500 0.085417 0.017188 0.034722
0 0.898438 0.427083 0.028125 0.045833
0 0.119141 0.906944 0.025781 0.027778
0 0.935937 0.051389 0.014063 0.030556
0 0.263281 0.865278 0.023438 0.030556
0 0.203516 0.659722 0.019531 0.041667
0 0.967578 0.373611 0.021094 0.033333
0 0.684375 0.928472 0.018750 0.045833
0 0.242969 0.125000 0.028125 0.025000
0 0.208984 0.959722 0.025781 0.044444
0 0.803906 0.150694 0.028125 0.034722
0 0.170703 0.343750 0.027344 0.040278
0 0.461719 0.218750 0.021875 0.034722
0 0.771094 0.879861 0.028125 0.048611
0 0.275391 0.309028 0.017969 0.034722
0 0.973437 0.084028 0.017188 0.048611
0 0.941016 0.229167 0.027344 0.027778
0 0.361719 0.301389 0.014063 0.038889
0 0.926172 0.465972 0.014844 0.040278
0 0.538281 0.633333 0.028125 0.027778
0 0.392969 0.778472 0.023438 0.031944
0 0.841406 0.081250 0.017188 0.043056
0 0.855078 0.227778 0.021094 0.050000
0 0.971875 0.559028 0.026562 0.048611
0 0.945703 0.630556 0.016406 0.047222
0 0.715625 0.262500 0.015625 0.044444
0 0.884766 0.213194 0.024219 0.043056
0 0.883203 0.084028 0.014844 0.045833
0 0.587109 0.415278 0.014844 0.050000
0 0.106250 0.663889 0.018750 0.044444
0 0.069922 0.473611 0.016406 0.038889
0 0.437891 0.204861 0.019531 0.029167
0 0.672656 0.450000 0.026562 0.025000
0 0.042969 0.941667 0.026562 0.036111
0 0.867969 0.875000 0.015625 0.030556
0 0.809375 0.226389 0.018750 0.041667
1 0.445703 0.493056 0.144531 0.277778
1 0.083984 0.270833 0.096094 0.277778
1 0.365234 0.175000 0.097656 0.177778
1 0.488672 0.813889 0.153906 0.255556
1 0.695312 0.723611 0.132812 0.180556
1 0.278906 0.477083 0.110937 0.273611
1 0.642969 0.212500 0.110937 0.300000
1 0.801953 0.453472 0.138281 0.184722