0 0.644531 0.536133 0.046875 0.056641
0 0.638672 0.426758 0.031250 0.044922
0 0.667969 0.793945 0.058594 0.041016
0 0.100586 0.509766 0.048828 0.046875
0 0.833008 0.572266 0.033203 0.042969
0 0.552734 0.322266 0.054688 0.042969
0 0.657227 0.884766 0.048828 0.054688
0 0.611328 0.042969 0.042969 0.042969
0 0.474609 0.338867 0.035156 0.056641
0 0.058594 0.156250 0.031250 0.031250
0 0.544922 0.859375 0.031250 0.031250
0 0.729492 0.061523 0.033203 0.033203
0 0.586914 0.532227 0.037109 0.033203
0 0.963867 0.666016 0.033203 0.042969
0 0.941406 0.480469 0.039062 0.050781
0 0.271484 0.366211 0.042969 0.044922
0 0.347656 0.366211 0.058594 0.056641
0 0.820312 0.842773 0.050781 0.041016
0 0.548828 0.739258 0.058594 0.052734
0 0.552734 0.591797 0.046875 0.035156
0 0.068359 0.857422 0.035156 0.046875
0 0.067383 0.614258 0.033203 0.056641
0 0.956055 0.093750 0.044922 0.054688
0 0.920898 0.597656 0.056641 0.031250
0 0.097656 0.918945 0.042969 0.041016
0 0.583984 0.642578 0.054688 0.042969
0 0.232422 0.060547 0.058594 0.035156
0 0.468750 0.104492 0.054688 0.044922
0 0.586914 0.936523 0.048828 0.033203
0 0.773438 0.453125 0.058594 0.058594
0 0.887695 0.074219 0.033203 0.042969
0 0.498047 0.045898 0.054688 0.037109
0 0.456055 0.868164 0.048828 0.037109
0 0.212891 0.552734 0.031250 0.039062
0 0.453125 0.416016 0.050781 0.054688
0 0.127930 0.088867 0.033203 0.044922
0 0.718750 0.898438 0.035156 0.039062
0 0.568359 0.204102 0.050781 0.052734
0 0.378906 0.770508 0.035156 0.056641
0 0.469727 0.238281 0.041016 0.035156
0 0.773438 0.615234 0.054688 0.039062
0 0.232422 0.260742 0.035156 0.041016
0 0.363281 0.868164 0.035156 0.052734
0 0.551758 0.397461 0.056641 0.048828
0 0.669922 0.048828 0.042969 0.035156
0 0.917969 0.191406 0.046875 0.042969
0 0.277344 0.616211 0.050781 0.056641
0 0.852539 0.137695 0.044922 0.048828
0 0.878906 0.296875 0.054688 0.035156
0 0.853516 0.469727 0.031250 0.041016
1 0.437500 0.577148 0.140625 0.240234
1 0.231445 0.786133 0.138672 0.263672
1 0.769531 0.288086 0.144531 0.236328
1 0.120117 0.333008 0.146484 0.267578
1 0.860352 0.728516 0.150391 0.164062
1 0.346680 0.230469 0.150391 0.160156