0 0.129883 0.198242 0.033203 0.041016
0 0.730469 0.707031 0.039062 0.042969
0 0.614258 0.396484 0.056641 0.054688
0 0.482422 0.396484 0.039062 0.046875
0 0.460938 0.779297 0.035156 0.054688
0 0.909180 0.950195 0.048828 0.037109
0 0.640625 0.210938 0.039062 0.046875
0 0.517578 0.845703 0.039062 0.054688
0 0.093750 0.292969 0.054688 0.042969
0 0.683594 0.717773 0.035156 0.037109
0 0.123047 0.121094 0.058594 0.039062
0 0.826172 0.950195 0.046875 0.056641
0 0.929688 0.410156 0.031250 0.042969
0 0.635742 0.039062 0.056641 0.042969
0 0.801758 0.888672 0.052734 0.031250
0 0.195312 0.332031 0.039062 0.035156
0 0.303711 0.149414 0.041016 0.033203
0 0.708984 0.651367 0.035156 0.044922
0 0.935547 0.885742 0.031250 0.048828
0 0.618164 0.588867 0.044922 0.044922
0 0.110352 0.699219 0.041016 0.031250
0 0.359375 0.595703 0.046875 0.042969
0 0.649414 0.501953 0.033203 0.035156
0 0.576172 0.948242 0.046875 0.033203
0 0.250977 0.207031 0.048828 0.042969
0 0.357422 0.927734 0.054688 0.046875
0 0.168945 0.677734 0.041016 0.058594
0 0.415039 0.459961 0.033203 0.037109
0 0.291016 0.282227 0.035156 0.044922
0 0.254883 0.362305 0.033203 0.044922
0 0.626953 0.111328 0.039062 0.058594
0 0.349609 0.391602 0.031250 0.037109
1 0.455078 0.259766 0.234375 0.207031
1 0.211914 0.506836 0.220703 0.201172
1 0.310547 0.760742 0.160156 0.138672
1 0.848633 0.135742 0.244141 0.185547
1 0.484375 0.564453 0.187500 0.152344
1 0.850586 0.678711 0.181641 0.248047
1 0.788086 0.410156 0.146484 0.195312
1 0.648438 0.842773 0.175781 0.138672