0 0.180859 0.091667 0.016406 0.036111
0 0.092578 0.929167 0.016406 0.047222
0 0.108594 0.422222 0.015625 0.041667
0 0.708594 0.729167 0.021875 0.044444
0 0.432812 0.558333 0.026562 0.027778
0 0.261328 0.181250 0.022656 0.043056
0 0.465234 0.606250 0.024219 0.026389
0 0.667969 0.102083 0.018750 0.048611
0 0.558984 0.316667 0.019531 0.036111
0 0.208984 0.179167 0.017969 0.027778
0 0.737500 0.781944 0.020313 0.047222
0 0.961328 0.906944 0.027344 0.047222
0 0.634766 0.031944 0.021094 0.025000
0 0.083594 0.865972 0.021875 0.029167
0 0.299219 0.293750 0.026562 0.043056
0 0.203906 0.276389 0.018750 0.050000
0 0.748828 0.094444 0.019531 0.025000
0 0.450781 0.134722 0.021875 0.044444
0 0.078516 0.216667 0.022656 0.050000
0 0.585938 0.172917 0.015625 0.026389
0 0.428516 0.871528 0.019531 0.048611
0 0.051953 0.211111 0.024219 0.036111
0 0.574219 0.124306 0.026562 0.043056
0 0.513281 0.697222 0.018750 0.027778
0 0.198828 0.925000 0.017969 0.050000
0 0.357422 0.376389 0.017969 0.033333
0 0.062891 0.313889 0.019531 0.033333
0 0.635156 0.370833 0.017188 0.044444
0 0.214453 0.049306 0.021094 0.043056
0 0.019531 0.197222 0.017188 0.025000
0 0.898828 0.709028 0.019531 0.043056
0 0.203125 0.340278 0.025000 0.030556
0 0.032422 0.105556 0.024219 0.033333
0 0.660547 0.591667 0.016406 0.036111
0 0.953125 0.625694 0.023438 0.040278
0 0.156641 0.558333 0.025781 0.033333
0 0.721484 0.840278 0.016406 0.050000
0 0.347266 0.896528 0.016406 0.029167
0 0.115625 0.045833 0.017188 0.041667
0 0.363672 0.937500 0.016406 0.027778
0 0.122656 0.917361 0.028125 0.040278
0 0.710938 0.895139 0.026562 0.029167
0 0.607031 0.435417 0.025000 0.026389
0 0.257422 0.918056 0.022656 0.027778
0 0.571484 0.517361 0.025781 0.045833
0 0.288281 0.377778 0.015625 0.050000
0 0.034766 0.434028 0.025781 0.040278
0 0.977734 0.406944 0.025781 0.036111
0 0.476562 0.955556 0.028125 0.033333
0 0.633594 0.186806 0.023438 0.026389
0 0.056641 0.913194 0.014844 0.043056
0 0.236719 0.218056 0.018750 0.033333
0 0.473047 0.194444 0.014844 0.038889
0 0.436719 0.640278 0.014063 0.036111
0 0.066406 0.448611 0.025000 0.030556
0 0.600391 0.938194 0.019531 0.031944
0 0.241016 0.768056 0.025781 0.050000
0 0.198047 0.430556 0.021094 0.036111
0 0.937109 0.754861 0.016406 0.034722
0 0.034375 0.303472 0.026562 0.026389
0 0.145703 0.290278 0.016406 0.041667
0 0.180078 0.779861 0.016406 0.026389
0 0.342969 0.740278 0.025000 0.041667
0 0.324609 0.956944 0.022656 0.047222
0 0.853516 0.092361 0.024219 0.040278
0 0.502734 0.195139 0.016406 0.043056
0 0.498828 0.561111 0.016406 0.044444
0 0.412109 0.929167 0.025781 0.030556
0 0.533203 0.951389 0.024219 0.027778
0 0.817969 0.081944 0.014063 0.038889
0 0.281641 0.834028 0.021094 0.045833
0 0.696094 0.942361 0.025000 0.029167
0 0.246094 0.336111 0.018750 0.044444
0 0.706641 0.661111 0.024219 0.050000
0 0.332422 0.124306 0.016406 0.048611
0 0.168750 0.389583 0.015625 0.043056
0 0.646094 0.661111 0.026562 0.041667
0 0.526953 0.090278 0.027344 0.044444
0 0.368359 0.271528 0.022656 0.031944
0 0.174219 0.654861 0.026562 0.048611
0 0.346484 0.581944 0.019531 0.044444
0 0.578125 0.069444 0.025000 0.027778
0 0.647266 0.513194 0.027344 0.045833
0 0.605469 0.333333 0.017188 0.050000
0 0.767188 0.908333 0.026562 0.044444
0 0.371484 0.694444 0.017969 0.025000
0 0.926953 0.879167 0.027344 0.044444
0 0.532813 0.201389 0.015625 0.041667
0 0.691406 0.071528 0.021875 0.031944
0 0.389062 0.218750 0.021875 0.040278
0 0.582031 0.382639 0.014063 0.043056
0 0.267578 0.351389 0.014844 0.041667
0 0.666797 0.953472 0.022656 0.040278
0 0.660547 0.280556 0.017969 0.030556
1 0.732031 0.422917 0.115625 0.245833
1 0.273438 0.532639 0.115625 0.184722
1 0.801953 0.724306 0.097656 0.273611
1 0.465234 0.386806 0.152344 0.279167
1 0.886719 0.271528 0.135937 0.251389
1 0.073828 0.672222 0.096094 0.275000
1 0.576953 0.681250 0.097656 0.226389