0 0.955859 0.660417 0.021094 0.040278
0 0.898828 0.629861 0.019531 0.034722
0 0.839844 0.961806 0.020313 0.034722
0 0.557422 0.658333 0.021094 0.027778
0 0.460156 0.315972 0.015625 0.034722
0 0.942969 0.527778 0.014063 0.044444
0 0.260547 0.492361 0.024219 0.040278
0 0.087500 0.514583 0.014063 0.043056
0 0.800000 0.562500 0.023438 0.025000
0 0.207813 0.884028 0.023438 0.043056
0 0.553125 0.438194 0.017188 0.040278
0 0.514453 0.653472 0.024219 0.045833
0 0.045703 0.493750 0.025781 0.045833
0 0.180078 0.068056 0.017969 0.033333
0 0.568359 0.087500 0.019531 0.027778
0 0.545703 0.581250 0.021094 0.040278
0 0.831641 0.779167 0.017969 0.038889
0 0.666797 0.104861 0.022656 0.048611
0 0.280859 0.877778 0.025781 0.033333
0 0.675391 0.577778 0.021094 0.044444
0 0.199609 0.166667 0.016406 0.050000
0 0.462891 0.565972 0.021094 0.029167
0 0.248047 0.423611 0.021094 0.041667
0 0.104688 0.456250 0.018750 0.031944
0 0.654297 0.957639 0.027344 0.043056
0 0.701562 0.570833 0.023438 0.050000
0 0.832031 0.220139 0.020313 0.031944
0 0.869922 0.699306 0.025781 0.029167
0 0.033594 0.079861 0.015625 0.040278
0 0.595313 0.170833 0.014063 0.030556
0 0.520703 0.798611 0.014844 0.047222
0 0.329297 0.125000 0.024219 0.050000
0 0.892188 0.109722 0.025000 0.033333
0 0.062500 0.445139 0.023438 0.037500
0 0.979688 0.365972 0.020313 0.043056
0 0.166016 0.945833 0.022656 0.047222
0 0.958594 0.611111 0.021875 0.041667
0 0.897656 0.795139 0.015625 0.040278
0 0.827734 0.299306 0.016406 0.031944
0 0.217969 0.225000 0.026562 0.025000
0 0.809375 0.596528 0.018750 0.029167
0 0.334375 0.181250 0.028125 0.045833
0 0.590234 0.229861 0.017969 0.040278
0 0.411719 0.119444 0.023438 0.027778
0 0.232031 0.731250 0.021875 0.026389
0 0.299219 0.129167 0.018750 0.038889
0 0.522656 0.463889 0.014063 0.033333
0 0.021094 0.887500 0.020313 0.041667
0 0.872266 0.750000 0.019531 0.030556
0 0.684375 0.056944 0.015625 0.030556
0 0.228906 0.266667 0.014063 0.030556
0 0.363281 0.921528 0.028125 0.037500
0 0.620313 0.085417 0.017188 0.026389
0 0.243750 0.881944 0.025000 0.025000
0 0.064844 0.062500 0.028125 0.033333
0 0.372266 0.097917 0.022656 0.048611
0 0.909375 0.384722 0.028125 0.027778
0 0.490625 0.893056 0.026562 0.041667
0 0.691797 0.102083 0.016406 0.048611
0 0.969141 0.934028 0.021094 0.031944
0 0.257422 0.964583 0.024219 0.031944
0 0.033984 0.755556 0.014844 0.041667
0 0.920703 0.570139 0.017969 0.043056
0 0.942187 0.068750 0.026562 0.048611
0 0.950000 0.853472 0.021875 0.034722
0 0.427344 0.374306 0.018750 0.029167
0 0.814063 0.663194 0.015625 0.045833
0 0.274219 0.129167 0.025000 0.033333
0 0.109766 0.090278 0.019531 0.036111
0 0.479297 0.615972 0.022656 0.045833
0 0.301172 0.206944 0.017969 0.033333
0 0.323437 0.926389 0.015625 0.027778
0 0.266406 0.747222 0.020313 0.038889
0 0.621484 0.250000 0.025781 0.050000
0 0.878516 0.205556 0.021094 0.038889
0 0.435547 0.738194 0.016406 0.040278
0 0.644922 0.114583 0.014844 0.031944
0 0.841797 0.668750 0.021094 0.026389
0 0.450000 0.479167 0.028125 0.027778
0 0.348438 0.265972 0.018750 0.031944
0 0.794531 0.042361 0.015625 0.048611
0 0.932031 0.321528 0.017188 0.031944
0 0.902734 0.715278 0.027344 0.036111
0 0.176953 0.525694 0.016406 0.043056
0 0.892969 0.308333 0.028125 0.027778
0 0.482031 0.480556 0.021875 0.038889
0 0.183594 0.580556 0.014063 0.033333
0 0.273438 0.568056 0.026562 0.025000
0 0.614844 0.558333 0.015625 0.025000
0 0.237891 0.844444 0.024219 0.033333
0 0.592578 0.532639 0.022656 0.034722
0 0.834375 0.172222 0.023438 0.050000
0 0.487500 0.114583 0.025000 0.031944
0 0.604688 0.412500 0.018750 0.047222
0 0.860547 0.626389 0.024219 0.033333
1 0.339844 0.414583 0.118750 0.184722
1 0.700000 0.715972 0.151562 0.193056
1 0.125391 0.769444 0.125781 0.258333
1 0.720703 0.252083 0.153906 0.176389
1 0.098828 0.292361 0.142969 0.234722
1 0.351562 0.725694 0.117188 0.243056
1 0.524609 0.277083 0.100781 0.179167