0 0.783203 0.294922 0.050781 0.031250
0 0.819336 0.180664 0.041016 0.041016
0 0.480469 0.587891 0.050781 0.039062
0 0.614258 0.850586 0.033203 0.052734
0 0.649414 0.730469 0.033203 0.035156
0 0.514648 0.512695 0.033203 0.041016
0 0.659180 0.064453 0.052734 0.058594
0 0.761719 0.619141 0.035156 0.039062
0 0.050781 0.322266 0.035156 0.050781
0 0.617188 0.957031 0.035156 0.054688
0 0.627930 0.562500 0.056641 0.050781
0 0.176758 0.073242 0.056641 0.048828
0 0.664062 0.871094 0.046875 0.039062
0 0.428711 0.045898 0.041016 0.048828
0 0.869141 0.118164 0.046875 0.033203
0 0.587891 0.399414 0.031250 0.056641
0 0.289062 0.049805 0.058594 0.056641
0 0.712891 0.644531 0.035156 0.031250
0 0.085938 0.075195 0.042969 0.048828
0 0.449219 0.518555 0.046875 0.056641
0 0.954102 0.763672 0.037109 0.050781
0 0.530273 0.431641 0.056641 0.039062
0 0.827148 0.605469 0.056641 0.039062
0 0.098633 0.140625 0.044922 0.042969
0 0.448242 0.653320 0.044922 0.048828
0 0.651367 0.684570 0.044922 0.033203
0 0.048828 0.961914 0.054688 0.044922
0 0.908203 0.192383 0.054688 0.048828
0 0.780273 0.047852 0.041016 0.041016
0 0.546875 0.326172 0.031250 0.039062
0 0.950195 0.291016 0.056641 0.042969
0 0.458008 0.244141 0.037109 0.039062
0 0.318359 0.830078 0.050781 0.058594
0 0.047852 0.251953 0.033203 0.035156
0 0.329102 0.761719 0.033203 0.031250
1 0.208984 0.528320 0.265625 0.255859
1 0.271484 0.233398 0.246094 0.244141
1 0.813477 0.447266 0.244141 0.164062
1 0.473633 0.830078 0.216797 0.250000
1 0.610352 0.211914 0.232422 0.169922
1 0.160156 0.828125 0.148438 0.238281
1 0.810547 0.833008 0.214844 0.259766