0 0.793359 0.952083 0.021094 0.037500
0 0.478906 0.917361 0.015625 0.031944
0 0.940234 0.709722 0.027344 0.027778
0 0.616406 0.850000 0.017188 0.036111
0 0.159766 0.397222 0.025781 0.041667
0 0.485938 0.453472 0.021875 0.034722
0 0.676953 0.051389 0.017969 0.050000
0 0.636328 0.062500 0.025781 0.025000
0 0.405078 0.479167 0.025781 0.044444
0 0.298047 0.358333 0.019531 0.025000
0 0.296484 0.923611 0.022656 0.027778
0 0.550000 0.932639 0.018750 0.043056
0 0.044141 0.368750 0.024219 0.034722
0 0.683594 0.706944 0.014063 0.050000
0 0.600781 0.190972 0.028125 0.026389
0 0.780469 0.555556 0.017188 0.025000
0 0.974609 0.179861 0.022656 0.040278
0 0.555078 0.310417 0.014844 0.026389
0 0.228125 0.648611 0.020313 0.033333
0 0.912109 0.842361 0.014844 0.031944
0 0.110937 0.208333 0.018750 0.050000
0 0.476562 0.338889 0.028125 0.047222
0 0.512109 0.258333 0.014844 0.050000
0 0.372266 0.377083 0.027344 0.045833
0 0.790625 0.035417 0.028125 0.031944
0 0.814453 0.938194 0.014844 0.048611
0 0.666406 0.150000 0.014063 0.033333
0 0.077734 0.397917 0.024219 0.026389
0 0.668359 0.184722 0.014844 0.025000
0 0.205078 0.120139 0.027344 0.048611
0 0.077734 0.063889 0.027344 0.025000
0 0.512109 0.069444 0.014844 0.044444
0 0.555859 0.767361 0.027344 0.031944
0 0.791016 0.088889 0.022656 0.047222
0 0.265625 0.935417 0.017188 0.031944
0 0.607422 0.956250 0.021094 0.029167
0 0.500781 0.390278 0.020313 0.033333
0 0.301953 0.200694 0.014844 0.026389
0 0.099609 0.456944 0.017969 0.036111
0 0.914453 0.256250 0.024219 0.037500
0 0.171484 0.489583 0.027344 0.043056
0 0.742188 0.826389 0.015625 0.036111
0 0.571094 0.391667 0.015625 0.027778
0 0.148047 0.124306 0.019531 0.026389
0 0.619141 0.660417 0.019531 0.043056
0 0.261328 0.350000 0.017969 0.033333
0 0.582031 0.827778 0.028125 0.041667
0 0.948438 0.086111 0.026562 0.050000
0 0.146484 0.512500 0.014844 0.027778
0 0.085156 0.288194 0.023438 0.040278
0 0.658984 0.808333 0.014844 0.036111
0 0.726172 0.934722 0.014844 0.038889
0 0.858203 0.875000 0.022656 0.030556
0 0.356641 0.913194 0.014844 0.045833
0 0.219922 0.321528 0.021094 0.029167
0 0.415234 0.931250 0.014844 0.037500
0 0.385547 0.295139 0.025781 0.048611
0 0.849609 0.045139 0.014844 0.045833
0 0.193359 0.959028 0.024219 0.045833
0 0.618359 0.114583 0.019531 0.031944
0 0.924609 0.109722 0.014844 0.033333
0 0.285938 0.269444 0.021875 0.044444
0 0.536719 0.147917 0.021875 0.029167
0 0.164844 0.281944 0.015625 0.033333
0 0.901172 0.188194 0.014844 0.034722
0 0.234766 0.916667 0.014844 0.047222
0 0.608984 0.064583 0.022656 0.026389
0 0.946875 0.925694 0.028125 0.040278
0 0.335156 0.863889 0.018750 0.030556
0 0.659766 0.599306 0.021094 0.045833
0 0.960156 0.630556 0.021875 0.025000
0 0.576953 0.148611 0.025781 0.041667
0 0.122656 0.336111 0.026562 0.027778
0 0.546484 0.870833 0.024219 0.027778
0 0.062500 0.197917 0.025000 0.048611
0 0.304297 0.853472 0.019531 0.045833
0 0.758203 0.111806 0.022656 0.045833
0 0.653516 0.885417 0.016406 0.026389
0 0.275391 0.401389 0.019531 0.041667
0 0.920703 0.653472 0.019531 0.040278
0 0.250781 0.098611 0.028125 0.025000
0 0.679297 0.943750 0.017969 0.043056
0 0.196094 0.071528 0.025000 0.026389
0 0.306250 0.110417 0.015625 0.045833
0 0.039453 0.098611 0.027344 0.030556
0 0.247266 0.036111 0.014844 0.036111
0 0.821484 0.045139 0.014844 0.040278
0 0.508594 0.331944 0.028125 0.047222
0 0.029687 0.263889 0.017188 0.030556
0 0.278516 0.211806 0.019531 0.043056
0 0.066016 0.955556 0.024219 0.041667
0 0.073828 0.479167 0.022656 0.025000
0 0.329297 0.327083 0.027344 0.034722
0 0.652344 0.670139 0.014063 0.043056
0 0.063281 0.515972 0.025000 0.029167
0 0.392969 0.884028 0.018750 0.029167
0 0.402344 0.386806 0.017188 0.031944
0 0.633984 0.762500 0.025781 0.050000
0 0.339062 0.403472 0.026562 0.048611
0 0.181250 0.183333 0.014063 0.050000
1 0.470313 0.702083 0.134375 0.281944
1 0.407422 0.154861 0.158594 0.179167
1 0.825391 0.361806 0.138281 0.279167
1 0.826953 0.734028 0.132031 0.234722
1 0.103125 0.821528 0.143750 0.190278
1 0.303125 0.548611 0.115625 0.186111
1 0.672266 0.415278 0.121094 0.302778