0 0.976953 0.140278 0.024219 0.050000
0 0.385156 0.384722 0.025000 0.027778
0 0.296094 0.752778 0.018750 0.038889
0 0.825391 0.604167 0.022656 0.030556
0 0.651172 0.582639 0.017969 0.040278
0 0.061328 0.881944 0.017969 0.038889
0 0.255859 0.967361 0.027344 0.026389
0 0.963672 0.867361 0.017969 0.026389
0 0.906250 0.850000 0.017188 0.027778
0 0.031250 0.779167 0.028125 0.047222
0 0.884766 0.319444 0.024219 0.038889
0 0.230078 0.765278 0.024219 0.047222
0 0.928906 0.364583 0.017188 0.031944
0 0.047266 0.457639 0.027344 0.034722
0 0.048828 0.244444 0.019531 0.041667
0 0.216797 0.958333 0.016406 0.030556
0 0.191406 0.764583 0.017188 0.031944
0 0.959375 0.665972 0.026562 0.043056
0 0.878516 0.232639 0.025781 0.045833
0 0.397656 0.490278 0.021875 0.050000
0 0.096875 0.820833 0.021875 0.041667
0 0.270703 0.307639 0.017969 0.043056
0 0.160547 0.915972 0.019531 0.031944
0 0.978125 0.275000 0.025000 0.050000
0 0.366016 0.486806 0.027344 0.045833
0 0.596094 0.145833 0.023438 0.050000
0 0.837891 0.097222 0.014844 0.027778
0 0.973437 0.433333 0.020313 0.027778
0 0.119141 0.675694 0.024219 0.037500
0 0.151172 0.759722 0.017969 0.041667
0 0.959375 0.370139 0.017188 0.034722
0 0.937891 0.786806 0.017969 0.031944
0 0.533594 0.351389 0.017188 0.041667
0 0.318359 0.039583 0.022656 0.034722
0 0.933594 0.192361 0.025000 0.029167
0 0.080469 0.702778 0.020313 0.038889
0 0.429688 0.622222 0.025000 0.036111
0 0.812500 0.080556 0.025000 0.027778
0 0.410156 0.284028 0.020313 0.045833
0 0.089063 0.347917 0.020313 0.048611
0 0.322656 0.259028 0.020313 0.037500
0 0.899609 0.718056 0.021094 0.025000
0 0.927344 0.899306 0.021875 0.048611
0 0.509766 0.777778 0.019531 0.036111
0 0.396875 0.425000 0.028125 0.030556
0 0.467578 0.516667 0.017969 0.047222
0 0.620313 0.304861 0.025000 0.048611
0 0.132812 0.903472 0.017188 0.029167
0 0.468750 0.378472 0.020313 0.031944
0 0.939844 0.100000 0.020313 0.036111
0 0.087891 0.250000 0.016406 0.036111
0 0.059766 0.766667 0.017969 0.044444
0 0.333594 0.347917 0.026562 0.026389
0 0.537891 0.856250 0.016406 0.048611
0 0.662500 0.181250 0.020313 0.045833
0 0.267188 0.208333 0.014063 0.050000
0 0.866797 0.705556 0.021094 0.041667
0 0.926562 0.740278 0.020313 0.033333
0 0.295703 0.906250 0.014844 0.043056
0 0.891016 0.958333 0.021094 0.047222
0 0.957422 0.213194 0.014844 0.040278
0 0.907813 0.586111 0.018750 0.050000
0 0.695703 0.158333 0.019531 0.030556
0 0.125000 0.954167 0.028125 0.047222
0 0.967187 0.936111 0.015625 0.027778
0 0.590625 0.303472 0.014063 0.037500
0 0.493359 0.873611 0.022656 0.027778
0 0.943359 0.511806 0.016406 0.026389
0 0.876563 0.781250 0.026562 0.045833
0 0.972656 0.036806 0.023438 0.026389
0 0.343750 0.309028 0.014063 0.040278
0 0.301563 0.117361 0.020313 0.043056
0 0.512891 0.729167 0.027344 0.025000
0 0.099219 0.189583 0.020313 0.031944
0 0.080078 0.047222 0.017969 0.033333
0 0.837500 0.841667 0.017188 0.047222
0 0.344922 0.200694 0.027344 0.043056
0 0.055469 0.321528 0.020313 0.034722
0 0.434375 0.407639 0.020313 0.031944
0 0.150000 0.677083 0.023438 0.034722
0 0.548438 0.642361 0.023438 0.034722
0 0.037500 0.507639 0.015625 0.048611
0 0.217969 0.842361 0.018750 0.031944
0 0.929688 0.050000 0.018750 0.033333
0 0.628516 0.204861 0.025781 0.026389
0 0.586328 0.048611 0.016406 0.044444
0 0.410547 0.120833 0.025781 0.050000
0 0.355469 0.055556 0.023438 0.030556
0 0.362500 0.625000 0.025000 0.044444
0 0.586328 0.236806 0.019531 0.037500
0 0.460938 0.575694 0.026562 0.031944
0 0.381641 0.247917 0.024219 0.037500
0 0.032813 0.695139 0.014063 0.037500
0 0.183203 0.815278 0.016406 0.041667
0 0.594531 0.616667 0.014063 0.030556
0 0.393359 0.341667 0.019531 0.027778
0 0.335938 0.400694 0.015625 0.026389
0 0.839453 0.789583 0.024219 0.040278
0 0.880859 0.150694 0.014844 0.031944
0 0.187109 0.879861 0.025781 0.037500
0 0.202344 0.054167 0.017188 0.041667
1 0.728125 0.347917 0.156250 0.215278
1 0.132031 0.529167 0.096875 0.225000
1 0.753516 0.828472 0.110156 0.223611
1 0.192578 0.202778 0.110156 0.238889
1 0.499609 0.164583 0.127344 0.245833
1 0.396094 0.811111 0.157812 0.275000
1 0.576953 0.468750 0.114844 0.176389
1 0.630859 0.809722 0.107031 0.297222