0 0.132812 0.869141 0.039062 0.031250
0 0.418945 0.303711 0.037109 0.033203
0 0.562500 0.655273 0.050781 0.044922
0 0.721680 0.570312 0.052734 0.054688
0 0.889648 0.765625 0.056641 0.031250
0 0.835938 0.957031 0.035156 0.035156
0 0.041016 0.729492 0.035156 0.048828
0 0.866211 0.705078 0.044922 0.046875
0 0.885742 0.617188 0.044922 0.058594
0 0.635742 0.630859 0.033203 0.054688
0 0.214844 0.848633 0.054688 0.048828
0 0.929688 0.809570 0.042969 0.033203
0 0.212891 0.944336 0.042969 0.037109
0 0.105469 0.951172 0.054688 0.046875
0 0.926758 0.697266 0.052734 0.050781
0 0.582031 0.043945 0.046875 0.048828
0 0.625000 0.186523 0.046875 0.048828
0 0.128906 0.555664 0.046875 0.048828
0 0.697266 0.060547 0.035156 0.046875
0 0.434570 0.193359 0.048828 0.031250
0 0.446289 0.381836 0.044922 0.041016
0 0.797852 0.909180 0.044922 0.041016
0 0.861328 0.862305 0.031250 0.037109
0 0.212891 0.070312 0.039062 0.046875
0 0.847656 0.490234 0.050781 0.039062
0 0.469727 0.261719 0.044922 0.058594
0 0.442383 0.647461 0.056641 0.044922
0 0.048828 0.258789 0.058594 0.056641
0 0.295898 0.668945 0.056641 0.037109
0 0.399414 0.083008 0.044922 0.056641
0 0.049805 0.535156 0.056641 0.058594
0 0.755859 0.057617 0.039062 0.033203
0 0.531250 0.166016 0.054688 0.042969
0 0.057617 0.410156 0.037109 0.031250
0 0.645508 0.040039 0.037109 0.048828
0 0.796875 0.767578 0.054688 0.054688
0 0.875000 0.383789 0.042969 0.033203
0 0.494141 0.537109 0.039062 0.039062
0 0.316406 0.949219 0.035156 0.042969
0 0.370117 0.933594 0.044922 0.042969
0 0.087891 0.347656 0.031250 0.050781
0 0.699219 0.644531 0.058594 0.054688
0 0.715820 0.182617 0.056641 0.048828
0 0.513672 0.643555 0.031250 0.041016
0 0.787109 0.352539 0.039062 0.056641
0 0.542969 0.291016 0.054688 0.031250
0 0.042969 0.634766 0.046875 0.046875
0 0.118164 0.504883 0.052734 0.033203
1 0.405273 0.815430 0.259766 0.150391
1 0.260742 0.300781 0.228516 0.203125
1 0.885742 0.146484 0.181641 0.136719
1 0.659180 0.421875 0.162109 0.167969
1 0.161133 0.702148 0.158203 0.162109
1 0.366211 0.534180 0.193359 0.154297
1 0.666016 0.821289 0.164062 0.240234