0 0.600586 0.305664 0.033203 0.044922
0 0.583984 0.706055 0.046875 0.056641
0 0.260742 0.727539 0.041016 0.041016
0 0.345703 0.697266 0.031250 0.039062
0 0.934570 0.888672 0.033203 0.042969
0 0.448242 0.375000 0.033203 0.031250
0 0.342773 0.193359 0.037109 0.058594
0 0.665039 0.391602 0.044922 0.037109
0 0.186523 0.733398 0.048828 0.041016
0 0.250977 0.825195 0.033203 0.048828
0 0.108398 0.724609 0.052734 0.042969
0 0.333008 0.393555 0.033203 0.041016
0 0.380859 0.482422 0.031250 0.050781
0 0.139648 0.820312 0.037109 0.031250
0 0.338867 0.337891 0.033203 0.035156
0 0.612305 0.881836 0.048828 0.056641
0 0.432617 0.655273 0.037109 0.033203
0 0.398438 0.416992 0.031250 0.056641
0 0.192383 0.796875 0.041016 0.031250
0 0.233398 0.041992 0.056641 0.041016
0 0.626953 0.164062 0.039062 0.058594
0 0.708984 0.818359 0.031250 0.058594
0 0.314453 0.135742 0.058594 0.037109
0 0.173828 0.891602 0.054688 0.033203
0 0.882812 0.839844 0.046875 0.054688
0 0.940430 0.537109 0.041016 0.031250
0 0.939453 0.364258 0.046875 0.044922
0 0.619141 0.763672 0.054688 0.042969
0 0.518555 0.111328 0.056641 0.046875
0 0.109375 0.368164 0.039062 0.044922
0 0.084961 0.107422 0.041016 0.046875
0 0.077148 0.861328 0.048828 0.039062
0 0.044922 0.375000 0.042969 0.050781
0 0.298828 0.052734 0.050781 0.042969
0 0.195312 0.353516 0.058594 0.039062
0 0.662109 0.067383 0.039062 0.052734
0 0.076172 0.809570 0.058594 0.048828
0 0.466797 0.751953 0.046875 0.035156
0 0.445312 0.122070 0.035156 0.033203
0 0.665039 0.861328 0.037109 0.031250
0 0.507812 0.614258 0.050781 0.041016
0 0.666992 0.227539 0.037109 0.052734
0 0.944336 0.488281 0.033203 0.050781
0 0.686523 0.299805 0.033203 0.044922
0 0.274414 0.927734 0.052734 0.046875
0 0.667969 0.917969 0.035156 0.039062
1 0.211914 0.562500 0.255859 0.214844
1 0.459961 0.260742 0.166016 0.181641
1 0.453125 0.876953 0.242188 0.148438
1 0.828125 0.671875 0.265625 0.207031
1 0.812500 0.388672 0.187500 0.167969
1 0.532227 0.493164 0.212891 0.142578
1 0.161133 0.227539 0.212891 0.166016
1 0.820312 0.163086 0.253906 0.212891