0 0.569922 0.579167 0.024219 0.025000
0 0.582031 0.627083 0.023438 0.043056
0 0.589453 0.503472 0.017969 0.026389
0 0.845703 0.281944 0.022656 0.044444
0 0.388672 0.548611 0.022656 0.038889
0 0.060937 0.704861 0.017188 0.045833
0 0.536719 0.385417 0.023438 0.029167
0 0.930859 0.638194 0.027344 0.048611
0 0.916406 0.348611 0.018750 0.041667
0 0.162109 0.122222 0.024219 0.036111
0 0.814844 0.278472 0.014063 0.031944
0 0.275781 0.098611 0.017188 0.033333
0 0.067578 0.276389 0.027344 0.036111
0 0.327734 0.488194 0.017969 0.040278
0 0.533594 0.597917 0.028125 0.043056
0 0.604688 0.431250 0.018750 0.034722
0 0.096875 0.884028 0.023438 0.037500
0 0.255469 0.756250 0.023438 0.043056
0 0.947266 0.381944 0.017969 0.044444
0 0.686328 0.121528 0.016406 0.048611
0 0.953906 0.719444 0.025000 0.047222
0 0.971875 0.859722 0.018750 0.036111
0 0.175391 0.071528 0.022656 0.031944
0 0.128125 0.396528 0.015625 0.045833
0 0.289844 0.754861 0.025000 0.048611
0 0.402734 0.090972 0.025781 0.029167
0 0.812109 0.153472 0.024219 0.029167
0 0.654687 0.076389 0.020313 0.050000
0 0.067969 0.589583 0.025000 0.048611
0 0.925781 0.937500 0.014063 0.033333
0 0.958203 0.929167 0.017969 0.047222
0 0.178125 0.429167 0.015625 0.041667
0 0.147266 0.518750 0.027344 0.034722
0 0.902734 0.233333 0.019531 0.033333
0 0.910547 0.281250 0.024219 0.037500
0 0.905469 0.105556 0.018750 0.030556
0 0.106250 0.109722 0.023438 0.036111
0 0.083203 0.482639 0.019531 0.037500
0 0.923438 0.806250 0.025000 0.037500
0 0.730469 0.129167 0.028125 0.050000
0 0.443750 0.161806 0.023438 0.043056
0 0.785937 0.319444 0.023438 0.025000
0 0.908594 0.882639 0.025000 0.031944
0 0.019531 0.468750 0.018750 0.037500
0 0.575000 0.303472 0.028125 0.026389
0 0.135156 0.469444 0.021875 0.027778
0 0.782031 0.263194 0.015625 0.040278
0 0.578125 0.391667 0.017188 0.047222
0 0.197656 0.939583 0.023438 0.043056
0 0.075391 0.763889 0.016406 0.033333
0 0.076172 0.652083 0.022656 0.048611
0 0.553516 0.520833 0.017969 0.036111
0 0.125391 0.918056 0.016406 0.030556
0 0.714063 0.961806 0.015625 0.037500
0 0.108594 0.234028 0.028125 0.048611
0 0.410938 0.038194 0.018750 0.043056
0 0.121875 0.350694 0.023438 0.026389
0 0.303125 0.072222 0.028125 0.047222
0 0.806250 0.116667 0.023438 0.030556
0 0.058203 0.435417 0.019531 0.026389
0 0.195312 0.109722 0.021875 0.025000
0 0.038281 0.770833 0.023438 0.030556
0 0.365234 0.500694 0.022656 0.040278
0 0.069922 0.831250 0.021094 0.034722
0 0.614844 0.640972 0.026562 0.043056
0 0.550781 0.037500 0.020313 0.025000
0 0.150781 0.171528 0.028125 0.048611
0 0.827734 0.223611 0.019531 0.033333
0 0.048828 0.363889 0.025781 0.036111
0 0.247656 0.963194 0.026562 0.037500
0 0.710547 0.555556 0.025781 0.025000
0 0.688281 0.172222 0.026562 0.027778
0 0.390234 0.630556 0.022656 0.025000
0 0.621094 0.523611 0.028125 0.027778
0 0.814453 0.352778 0.014844 0.025000
0 0.258984 0.653472 0.024219 0.037500
0 0.616797 0.139583 0.017969 0.045833
0 0.102344 0.411806 0.025000 0.037500
0 0.706641 0.707639 0.016406 0.048611
0 0.861328 0.966667 0.017969 0.027778
0 0.829297 0.070139 0.022656 0.045833
0 0.941406 0.029861 0.015625 0.026389
0 0.728906 0.659028 0.026562 0.031944
0 0.961328 0.544444 0.024219 0.027778
1 0.302344 0.254861 0.154688 0.234722
1 0.850391 0.466667 0.113281 0.177778
1 0.455469 0.447917 0.095312 0.290278
1 0.259375 0.488889 0.098437 0.180556
1 0.662500 0.843750 0.160938 0.181944
1 0.169531 0.727778 0.134375 0.197222
1 0.400391 0.795139 0.163281 0.248611
1 0.823047 0.772917 0.102344 0.284722
1 0.684766 0.353472 0.111719 0.265278
1 0.537109 0.144444 0.113281 0.169444