0 0.308984 0.880556 0.014844 0.044444
0 0.728516 0.959722 0.016406 0.030556
0 0.626563 0.865972 0.021875 0.031944
0 0.264453 0.598611 0.014844 0.030556
0 0.871484 0.563194 0.021094 0.034722
0 0.291797 0.178472 0.024219 0.048611
0 0.254688 0.160417 0.014063 0.037500
0 0.183203 0.167361 0.024219 0.043056
0 0.081641 0.085417 0.017969 0.037500
0 0.368750 0.036111 0.026562 0.033333
0 0.763281 0.890278 0.021875 0.033333
0 0.925000 0.397917 0.028125 0.029167
0 0.447266 0.770139 0.025781 0.043056
0 0.561719 0.442361 0.020313 0.045833
0 0.578125 0.037500 0.015625 0.030556
0 0.465234 0.855556 0.025781 0.047222
0 0.582812 0.635417 0.025000 0.048611
0 0.316406 0.760417 0.020313 0.029167
0 0.593750 0.683333 0.028125 0.036111
0 0.219922 0.756250 0.027344 0.034722
0 0.971875 0.879861 0.026562 0.043056
0 0.218359 0.470833 0.024219 0.027778
0 0.976953 0.961806 0.025781 0.037500
0 0.276953 0.112500 0.025781 0.027778
0 0.931641 0.473611 0.014844 0.038889
0 0.917969 0.225694 0.021875 0.037500
0 0.491406 0.529861 0.028125 0.043056
0 0.553906 0.897222 0.017188 0.036111
0 0.920312 0.343750 0.021875 0.048611
0 0.053906 0.170139 0.014063 0.026389
0 0.944922 0.534028 0.021094 0.037500
0 0.221484 0.947917 0.025781 0.048611
0 0.596875 0.415278 0.020313 0.027778
0 0.834766 0.154167 0.021094 0.030556
0 0.832031 0.927778 0.017188 0.027778
0 0.481250 0.754861 0.017188 0.031944
0 0.244531 0.559028 0.021875 0.029167
0 0.493750 0.672917 0.015625 0.034722
0 0.845313 0.572917 0.014063 0.029167
0 0.942578 0.752778 0.017969 0.050000
0 0.679688 0.802778 0.018750 0.025000
0 0.924609 0.915972 0.017969 0.048611
0 0.338281 0.087500 0.025000 0.044444
0 0.791406 0.726389 0.014063 0.050000
0 0.444922 0.915278 0.025781 0.036111
0 0.214062 0.590278 0.023438 0.036111
0 0.076563 0.942361 0.017188 0.048611
0 0.381641 0.280556 0.021094 0.044444
0 0.671875 0.706250 0.026562 0.048611
0 0.905859 0.824306 0.014844 0.031944
0 0.953906 0.106944 0.026562 0.027778
0 0.163281 0.934028 0.014063 0.048611
0 0.273438 0.505556 0.014063 0.027778
0 0.391406 0.780556 0.025000 0.044444
0 0.403516 0.183333 0.016406 0.033333
0 0.838281 0.641667 0.028125 0.027778
0 0.957812 0.405556 0.017188 0.041667
0 0.724609 0.760417 0.017969 0.043056
0 0.645703 0.927778 0.017969 0.030556
0 0.087500 0.520833 0.014063 0.025000
0 0.248438 0.470139 0.015625 0.043056
0 0.667578 0.967361 0.021094 0.026389
0 0.884375 0.271528 0.014063 0.029167
0 0.525391 0.782639 0.014844 0.031944
0 0.723047 0.812500 0.021094 0.041667
0 0.951562 0.252083 0.025000 0.026389
0 0.303906 0.623611 0.026562 0.033333
0 0.873437 0.147917 0.023438 0.037500
0 0.475391 0.420833 0.021094 0.033333
0 0.909766 0.127778 0.019531 0.036111
0 0.266406 0.059722 0.028125 0.041667
0 0.051172 0.725000 0.016406 0.044444
0 0.512500 0.865278 0.015625 0.044444
0 0.792578 0.941667 0.019531 0.025000
0 0.575781 0.851389 0.021875 0.027778
0 0.970703 0.179861 0.022656 0.029167
0 0.391406 0.388889 0.023438 0.033333
0 0.810937 0.757639 0.014063 0.029167
0 0.278125 0.919444 0.026562 0.036111
0 0.460547 0.131250 0.024219 0.040278
0 0.970703 0.924306 0.017969 0.026389
0 0.695312 0.918056 0.025000 0.047222
0 0.120703 0.897917 0.016406 0.026389
0 0.824219 0.844444 0.015625 0.047222
0 0.238281 0.842361 0.014063 0.048611
0 0.922266 0.174306 0.022656 0.026389
0 0.901563 0.677778 0.025000 0.027778
0 0.031641 0.481250 0.021094 0.048611
0 0.060547 0.893750 0.022656 0.034722
1 0.706250 0.534722 0.165625 0.272222
1 0.118359 0.348611 0.139844 0.302778
1 0.403125 0.592361 0.131250 0.268056
1 0.738672 0.188889 0.125781 0.277778
1 0.123047 0.720833 0.107031 0.263889
1 0.508984 0.261111 0.150781 0.172222
1 0.285547 0.311111 0.094531 0.172222