0 0.263672 0.758789 0.046875 0.044922
0 0.628906 0.186523 0.050781 0.052734
0 0.337891 0.730469 0.031250 0.031250
0 0.735352 0.870117 0.037109 0.056641
0 0.160156 0.750000 0.050781 0.054688
0 0.789062 0.741211 0.046875 0.033203
0 0.397461 0.057617 0.037109 0.033203
0 0.747070 0.659180 0.052734 0.037109
0 0.324219 0.393555 0.031250 0.041016
0 0.554688 0.103516 0.054688 0.039062
0 0.503906 0.076172 0.031250 0.046875
0 0.558594 0.408203 0.058594 0.035156
0 0.236328 0.224609 0.042969 0.035156
0 0.702148 0.776367 0.037109 0.048828
0 0.418945 0.517578 0.041016 0.042969
0 0.366211 0.875977 0.033203 0.056641
0 0.144531 0.541016 0.039062 0.058594
0 0.580078 0.295898 0.042969 0.033203
0 0.828125 0.291016 0.050781 0.031250
0 0.809570 0.954102 0.033203 0.056641
0 0.380859 0.943359 0.039062 0.046875
0 0.935547 0.427734 0.031250 0.054688
0 0.595703 0.577148 0.046875 0.048828
0 0.749023 0.944336 0.037109 0.052734
0 0.583008 0.510742 0.056641 0.041016
0 0.401367 0.166016 0.037109 0.058594
0 0.419922 0.455078 0.058594 0.031250
0 0.686523 0.298828 0.044922 0.054688
0 0.567383 0.914062 0.052734 0.035156
0 0.520508 0.968750 0.056641 0.031250
0 0.306641 0.097656 0.031250 0.042969
0 0.236328 0.048828 0.039062 0.050781
0 0.324219 0.949219 0.035156 0.039062
0 0.624023 0.111328 0.044922 0.054688
0 0.783203 0.577148 0.058594 0.033203
0 0.073242 0.721680 0.056641 0.037109
0 0.787109 0.831055 0.035156 0.052734
0 0.534180 0.588867 0.056641 0.056641
0 0.390625 0.792969 0.039062 0.035156
0 0.041016 0.663086 0.039062 0.056641
0 0.382812 0.653320 0.046875 0.041016
0 0.952148 0.297852 0.033203 0.048828
0 0.963867 0.100586 0.041016 0.056641
0 0.481445 0.917969 0.056641 0.054688
0 0.745117 0.807617 0.033203 0.041016
0 0.037109 0.931641 0.042969 0.039062
0 0.496094 0.458984 0.031250 0.054688
1 0.816406 0.142578 0.234375 0.218750
1 0.775391 0.441406 0.253906 0.210938
1 0.543945 0.744141 0.232422 0.238281
1 0.907227 0.730469 0.150391 0.214844
1 0.111328 0.125977 0.179688 0.197266
1 0.301758 0.536133 0.150391 0.169922
1 0.390625 0.283203 0.238281 0.156250
1 0.170898 0.879883 0.189453 0.166016
1 0.105469 0.357422 0.171875 0.203125