0 0.654297 0.961914 0.031250 0.037109
0 0.042969 0.054688 0.046875 0.035156
0 0.752930 0.198242 0.033203 0.044922
0 0.618164 0.351562 0.052734 0.039062
0 0.677734 0.697266 0.035156 0.058594
0 0.100586 0.408203 0.048828 0.035156
0 0.662109 0.546875 0.046875 0.035156
0 0.037109 0.502930 0.035156 0.037109
0 0.071289 0.330078 0.052734 0.039062
0 0.950195 0.051758 0.033203 0.044922
0 0.587891 0.901367 0.035156 0.044922
0 0.816406 0.151367 0.058594 0.056641
0 0.416016 0.041992 0.031250 0.044922
0 0.924805 0.184570 0.041016 0.048828
0 0.766602 0.258789 0.044922 0.041016
0 0.435547 0.294922 0.050781 0.046875
0 0.512695 0.483398 0.033203 0.056641
0 0.750000 0.936523 0.042969 0.052734
0 0.092773 0.546875 0.052734 0.046875
0 0.607422 0.806641 0.046875 0.054688
0 0.371094 0.195312 0.050781 0.046875
0 0.195312 0.088867 0.058594 0.037109
0 0.523438 0.407227 0.039062 0.037109
0 0.780273 0.882812 0.048828 0.035156
0 0.649414 0.433594 0.041016 0.058594
0 0.916016 0.238281 0.035156 0.042969
0 0.430664 0.118164 0.056641 0.037109
0 0.300781 0.914062 0.031250 0.039062
0 0.124023 0.052734 0.052734 0.058594
0 0.445312 0.187500 0.031250 0.035156
0 0.726562 0.136719 0.046875 0.035156
0 0.567383 0.417969 0.033203 0.054688
0 0.938477 0.865234 0.052734 0.031250
0 0.535156 0.308594 0.039062 0.058594
0 0.234375 0.581055 0.039062 0.033203
0 0.668945 0.844727 0.056641 0.037109
0 0.338867 0.080078 0.033203 0.031250
0 0.052734 0.825195 0.054688 0.056641
0 0.053711 0.744141 0.037109 0.046875
0 0.335938 0.517578 0.031250 0.039062
0 0.881836 0.864258 0.037109 0.041016
0 0.264648 0.534180 0.037109 0.033203
1 0.578125 0.169922 0.207031 0.187500
1 0.467773 0.857422 0.169922 0.230469
1 0.259766 0.381836 0.250000 0.150391
1 0.822266 0.702148 0.214844 0.259766
1 0.208984 0.742188 0.230469 0.273438
1 0.815430 0.421875 0.251953 0.195312
1 0.202148 0.209961 0.271484 0.142578
1 0.504883 0.615234 0.232422 0.164062