0 0.363281 0.656250 0.046875 0.046875
0 0.908203 0.039062 0.050781 0.031250
0 0.465820 0.361328 0.041016 0.050781
0 0.401367 0.511719 0.041016 0.054688
0 0.855469 0.404297 0.031250 0.039062
0 0.737305 0.042969 0.033203 0.050781
0 0.744141 0.418945 0.031250 0.044922
0 0.208008 0.850586 0.041016 0.044922
0 0.699219 0.601562 0.058594 0.054688
0 0.111328 0.917969 0.058594 0.054688
0 0.048828 0.606445 0.046875 0.044922
0 0.304688 0.886719 0.039062 0.046875
0 0.476562 0.455078 0.035156 0.050781
0 0.385742 0.215820 0.052734 0.048828
0 0.339844 0.323242 0.042969 0.037109
0 0.290039 0.814453 0.056641 0.035156
0 0.759766 0.940430 0.035156 0.033203
0 0.452148 0.288086 0.048828 0.044922
0 0.087891 0.832031 0.039062 0.046875
0 0.404297 0.104492 0.050781 0.056641
0 0.295898 0.225586 0.056641 0.037109
0 0.909180 0.460938 0.044922 0.054688
0 0.952148 0.585938 0.041016 0.058594
0 0.395508 0.952148 0.033203 0.048828
0 0.091797 0.523438 0.050781 0.050781
0 0.853516 0.509766 0.035156 0.058594
0 0.943359 0.757812 0.058594 0.039062
0 0.088867 0.765625 0.041016 0.054688
0 0.038086 0.771484 0.037109 0.046875
0 0.586914 0.672852 0.037109 0.044922
0 0.393555 0.393555 0.037109 0.041016
0 0.884766 0.104492 0.054688 0.052734
0 0.529297 0.947266 0.039062 0.050781
0 0.296875 0.136719 0.042969 0.042969
0 0.778320 0.109375 0.041016 0.035156
0 0.042969 0.140625 0.042969 0.035156
0 0.637695 0.714844 0.041016 0.039062
0 0.856445 0.953125 0.044922 0.042969
1 0.612305 0.335938 0.177734 0.199219
1 0.197266 0.646484 0.214844 0.148438
1 0.175781 0.381836 0.269531 0.169922
1 0.502930 0.821289 0.259766 0.138672
1 0.542969 0.131836 0.179688 0.158203
1 0.807617 0.786133 0.197266 0.216797
1 0.177734 0.162109 0.136719 0.214844
1 0.839844 0.251953 0.214844 0.214844
1 0.583008 0.555664 0.158203 0.158203