0 0.663281 0.881944 0.015625 0.033333
0 0.121094 0.239583 0.017188 0.040278
0 0.607031 0.126389 0.018750 0.027778
0 0.948047 0.322222 0.016406 0.027778
0 0.727344 0.681944 0.025000 0.036111
0 0.955469 0.767361 0.025000 0.040278
0 0.269141 0.538194 0.025781 0.037500
0 0.253516 0.134722 0.022656 0.033333
0 0.356641 0.177778 0.016406 0.033333
0 0.639062 0.226389 0.014063 0.044444
0 0.688281 0.131944 0.018750 0.027778
0 0.376172 0.091667 0.017969 0.025000
0 0.753906 0.957639 0.015625 0.048611
0 0.264453 0.401389 0.017969 0.027778
0 0.935156 0.893056 0.018750 0.038889
0 0.578516 0.395139 0.021094 0.037500
0 0.512109 0.821528 0.014844 0.029167
0 0.308594 0.267361 0.025000 0.026389
0 0.505078 0.764583 0.022656 0.043056
0 0.172266 0.319444 0.021094 0.047222
0 0.575391 0.297917 0.022656 0.026389
0 0.872266 0.815278 0.016406 0.050000
0 0.617969 0.286806 0.026562 0.045833
0 0.849609 0.943750 0.014844 0.031944
0 0.586719 0.805556 0.020313 0.033333
0 0.064844 0.056944 0.018750 0.025000
0 0.579297 0.215972 0.017969 0.040278
0 0.358594 0.547222 0.021875 0.025000
0 0.675781 0.244444 0.026562 0.036111
0 0.398828 0.596528 0.024219 0.031944
0 0.510547 0.643750 0.017969 0.037500
0 0.459766 0.501389 0.024219 0.047222
0 0.960156 0.220139 0.018750 0.045833
0 0.775391 0.745139 0.016406 0.026389
0 0.260937 0.359028 0.026562 0.029167
0 0.026172 0.411806 0.016406 0.034722
0 0.543359 0.105556 0.017969 0.050000
0 0.425391 0.508333 0.027344 0.030556
0 0.683594 0.086806 0.017188 0.043056
0 0.767578 0.855556 0.024219 0.044444
0 0.700781 0.181944 0.023438 0.030556
0 0.483984 0.562500 0.021094 0.033333
0 0.504687 0.456250 0.018750 0.026389
0 0.428906 0.969444 0.023438 0.025000
0 0.537500 0.213194 0.020313 0.037500
0 0.484766 0.202778 0.025781 0.025000
0 0.493750 0.038889 0.026562 0.033333
0 0.398438 0.122917 0.017188 0.040278
0 0.071484 0.800000 0.019531 0.036111
0 0.530469 0.308333 0.026562 0.044444
0 0.375781 0.455556 0.017188 0.041667
0 0.671875 0.045139 0.023438 0.026389
0 0.262500 0.198611 0.028125 0.038889
0 0.485547 0.877778 0.021094 0.025000
0 0.815625 0.772917 0.023438 0.031944
0 0.057813 0.509722 0.018750 0.041667
0 0.920312 0.816667 0.023438 0.038889
0 0.057422 0.196528 0.017969 0.034722
0 0.042188 0.323611 0.020313 0.033333
0 0.502734 0.366667 0.016406 0.047222
0 0.648438 0.402083 0.028125 0.043056
0 0.224609 0.085417 0.024219 0.034722
0 0.958594 0.143750 0.021875 0.048611
0 0.111328 0.915972 0.021094 0.034722
0 0.328516 0.170833 0.019531 0.036111
0 0.816016 0.934722 0.027344 0.050000
0 0.570312 0.265278 0.026562 0.027778
0 0.225781 0.308333 0.020313 0.030556
0 0.792188 0.899306 0.014063 0.048611
0 0.339844 0.490972 0.017188 0.045833
0 0.728516 0.588889 0.019531 0.038889
0 0.733203 0.900694 0.021094 0.040278
0 0.606250 0.384028 0.017188 0.029167
0 0.271094 0.630556 0.015625 0.030556
0 0.434766 0.436806 0.022656 0.034722
1 0.160547 0.512500 0.133594 0.230556
1 0.403125 0.324306 0.093750 0.170833
1 0.169141 0.794444 0.138281 0.166667
1 0.624219 0.622917 0.134375 0.293056
1 0.800781 0.217361 0.167187 0.201389
1 0.341406 0.770139 0.143750 0.212500
1 0.828125 0.509722 0.157812 0.258333