0 0.591797 0.818750 0.016406 0.029167
0 0.281641 0.838889 0.019531 0.050000
0 0.912500 0.638889 0.021875 0.041667
0 0.321484 0.679167 0.014844 0.041667
0 0.848437 0.102083 0.028125 0.029167
0 0.392188 0.954167 0.028125 0.050000
0 0.025000 0.073611 0.026562 0.025000
0 0.366016 0.502778 0.016406 0.030556
0 0.091016 0.406250 0.025781 0.040278
0 0.935156 0.724306 0.025000 0.029167
0 0.620313 0.606250 0.018750 0.034722
0 0.194141 0.848611 0.021094 0.027778
0 0.085547 0.808333 0.027344 0.027778
0 0.192188 0.931944 0.017188 0.036111
0 0.149219 0.262500 0.023438 0.050000
0 0.351172 0.110417 0.014844 0.048611
0 0.782813 0.909028 0.026562 0.037500
0 0.621094 0.136806 0.020313 0.026389
0 0.373047 0.369444 0.025781 0.044444
0 0.069531 0.034028 0.020313 0.029167
0 0.371094 0.266667 0.017188 0.036111
0 0.033594 0.625694 0.023438 0.026389
0 0.021875 0.117361 0.025000 0.048611
0 0.440625 0.597917 0.023438 0.040278
0 0.357422 0.675000 0.022656 0.047222
0 0.710938 0.493056 0.015625 0.038889
0 0.116406 0.159028 0.017188 0.029167
0 0.880078 0.038889 0.019531 0.038889
0 0.388281 0.173611 0.026562 0.025000
0 0.643750 0.715278 0.015625 0.041667
0 0.390625 0.413194 0.015625 0.029167
0 0.142969 0.034722 0.014063 0.030556
0 0.678516 0.915972 0.017969 0.034722
0 0.200781 0.597917 0.018750 0.045833
0 0.844531 0.031944 0.021875 0.027778
0 0.739844 0.863194 0.018750 0.048611
0 0.383984 0.078472 0.014844 0.034722
0 0.160547 0.145139 0.024219 0.026389
0 0.787500 0.077778 0.017188 0.027778
0 0.042188 0.399306 0.020313 0.026389
0 0.197266 0.086111 0.024219 0.025000
0 0.706250 0.782639 0.018750 0.037500
0 0.146094 0.375694 0.017188 0.043056
0 0.599219 0.661111 0.023438 0.041667
0 0.256250 0.821528 0.017188 0.029167
0 0.109766 0.205556 0.024219 0.038889
0 0.201563 0.458333 0.014063 0.044444
0 0.449609 0.946528 0.022656 0.031944
0 0.093750 0.353472 0.015625 0.040278
0 0.060156 0.696528 0.025000 0.029167
0 0.640625 0.930556 0.021875 0.033333
0 0.612500 0.877778 0.028125 0.041667
0 0.948438 0.155556 0.017188 0.047222
0 0.636719 0.484028 0.023438 0.037500
0 0.191406 0.671528 0.028125 0.026389
0 0.339844 0.800694 0.021875 0.034722
0 0.591797 0.740278 0.025781 0.036111
0 0.496484 0.035417 0.016406 0.031944
0 0.301953 0.703472 0.014844 0.048611
0 0.164453 0.762500 0.017969 0.050000
0 0.219922 0.375694 0.019531 0.034722
0 0.969531 0.316667 0.021875 0.041667
0 0.580469 0.128472 0.021875 0.043056
0 0.325000 0.941667 0.025000 0.025000
0 0.366406 0.568750 0.015625 0.048611
0 0.403516 0.473611 0.024219 0.050000
0 0.300781 0.775000 0.026562 0.044444
0 0.345313 0.743056 0.026562 0.044444
0 0.646484 0.644444 0.024219 0.025000
0 0.037500 0.686111 0.014063 0.050000
0 0.243750 0.878472 0.028125 0.048611
0 0.622656 0.047917 0.023438 0.037500
0 0.629687 0.095139 0.025000 0.026389
0 0.133594 0.924306 0.014063 0.043056
1 0.306250 0.497917 0.093750 0.265278
1 0.796484 0.600000 0.135156 0.244444
1 0.652344 0.318750 0.162500 0.170833
1 0.252734 0.250000 0.133594 0.177778
1 0.466797 0.297917 0.138281 0.168056
1 0.102344 0.562500 0.103125 0.216667
1 0.501953 0.795833 0.121094 0.236111
1 0.519141 0.563889 0.099219 0.169444
1 0.856641 0.262500 0.157031 0.263889
1 0.898047 0.870139 0.146094 0.170833