0 0.600781 0.177083 0.023438 0.031944
0 0.504687 0.140278 0.021875 0.027778
0 0.132422 0.065278 0.025781 0.025000
0 0.414453 0.518750 0.022656 0.045833
0 0.961719 0.048611 0.015625 0.041667
0 0.499609 0.084028 0.024219 0.034722
0 0.747266 0.447222 0.019531 0.041667
0 0.367969 0.218750 0.014063 0.048611
0 0.198437 0.815278 0.020313 0.044444
0 0.709766 0.495833 0.016406 0.041667
0 0.052344 0.218056 0.028125 0.030556
0 0.744141 0.061111 0.021094 0.050000
0 0.447266 0.131944 0.027344 0.033333
0 0.503906 0.694444 0.025000 0.047222
0 0.882422 0.197222 0.016406 0.036111
0 0.271484 0.738194 0.019531 0.029167
0 0.189844 0.922917 0.020313 0.034722
0 0.795312 0.157639 0.020313 0.034722
0 0.027734 0.626389 0.014844 0.050000
0 0.262109 0.896528 0.024219 0.031944
0 0.958984 0.590972 0.014844 0.026389
0 0.225000 0.768056 0.021875 0.050000
0 0.189062 0.685417 0.020313 0.034722
0 0.146094 0.925694 0.015625 0.045833
0 0.326562 0.152778 0.026562 0.033333
0 0.284766 0.087500 0.016406 0.038889
0 0.867578 0.347917 0.024219 0.040278
0 0.065234 0.146528 0.021094 0.031944
0 0.575781 0.040972 0.028125 0.048611
0 0.565625 0.284722 0.026562 0.038889
0 0.967187 0.897917 0.023438 0.037500
0 0.514062 0.223611 0.028125 0.044444
0 0.056250 0.269444 0.023438 0.041667
0 0.473047 0.781250 0.021094 0.048611
0 0.869141 0.056944 0.019531 0.044444
0 0.752344 0.342361 0.023438 0.048611
0 0.415625 0.590278 0.018750 0.038889
0 0.244531 0.959028 0.015625 0.045833
0 0.026562 0.930556 0.015625 0.030556
0 0.183203 0.102778 0.019531 0.036111
0 0.603125 0.120833 0.028125 0.025000
0 0.667188 0.331250 0.015625 0.026389
0 0.796875 0.342361 0.026562 0.048611
0 0.949219 0.775694 0.021875 0.034722
0 0.480469 0.850694 0.014063 0.040278
0 0.406641 0.270833 0.017969 0.030556
0 0.376172 0.071528 0.019531 0.026389
0 0.204297 0.594444 0.021094 0.027778
0 0.830078 0.066667 0.017969 0.030556
0 0.533203 0.114583 0.024219 0.045833
0 0.551953 0.181944 0.021094 0.050000
0 0.973437 0.406944 0.014063 0.038889
0 0.931250 0.150000 0.023438 0.033333
0 0.242969 0.593056 0.020313 0.030556
0 0.089063 0.749306 0.026562 0.029167
0 0.579688 0.959722 0.025000 0.025000
0 0.526563 0.300694 0.026562 0.040278
0 0.447656 0.221528 0.017188 0.034722
0 0.123047 0.786111 0.027344 0.025000
0 0.417187 0.226389 0.023438 0.044444
0 0.480078 0.493750 0.027344 0.029167
0 0.142969 0.719444 0.023438 0.038889
0 0.321484 0.248611 0.027344 0.027778
0 0.843359 0.373611 0.017969 0.038889
0 0.173437 0.054167 0.023438 0.050000
0 0.407422 0.415278 0.017969 0.050000
0 0.948047 0.265972 0.025781 0.043056
0 0.356641 0.271528 0.017969 0.031944
0 0.112109 0.143056 0.019531 0.036111
0 0.086719 0.191667 0.021875 0.038889
0 0.777344 0.471528 0.017188 0.045833
0 0.444531 0.936806 0.025000 0.026389
0 0.410938 0.945139 0.014063 0.031944
0 0.707031 0.354167 0.028125 0.027778
0 0.041406 0.754167 0.017188 0.041667
0 0.476172 0.684722 0.024219 0.038889
0 0.038281 0.077083 0.028125 0.029167
0 0.941406 0.223611 0.021875 0.030556
0 0.617188 0.247222 0.021875 0.033333
0 0.892578 0.136111 0.021094 0.033333
0 0.699219 0.868056 0.017188 0.030556
0 0.114844 0.913194 0.017188 0.026389
0 0.123047 0.220833 0.017969 0.036111
0 0.595313 0.320833 0.021875 0.036111
0 0.219531 0.653472 0.015625 0.029167
0 0.352734 0.604167 0.017969 0.025000
0 0.721094 0.095833 0.018750 0.038889
0 0.350391 0.327778 0.027344 0.033333
0 0.318359 0.904861 0.016406 0.029167
0 0.730859 0.938194 0.019531 0.043056
0 0.673438 0.073611 0.021875 0.050000
0 0.902344 0.287500 0.020313 0.038889
0 0.243750 0.820833 0.028125 0.033333
0 0.079297 0.098611 0.019531 0.050000
1 0.601953 0.814583 0.128906 0.248611
1 0.108984 0.451389 0.119531 0.302778
1 0.592187 0.507639 0.165625 0.215278
1 0.305078 0.464583 0.166406 0.187500
1 0.874609 0.546528 0.138281 0.287500
1 0.367578 0.761111 0.155469 0.175000
1 0.707422 0.210417 0.122656 0.170833
1 0.843359 0.835417 0.133594 0.190278
1 0.247266 0.231944 0.099219 0.175000