0 0.031250 0.435417 0.015625 0.037500
0 0.092969 0.815972 0.014063 0.031944
0 0.074609 0.388889 0.014844 0.027778
0 0.528125 0.831250 0.023438 0.048611
0 0.742969 0.362500 0.026562 0.027778
0 0.299219 0.965972 0.023438 0.029167
0 0.568750 0.804861 0.026562 0.034722
0 0.447656 0.268056 0.015625 0.044444
0 0.085938 0.540972 0.014063 0.045833
0 0.737109 0.128472 0.014844 0.045833
0 0.049609 0.327083 0.017969 0.029167
0 0.086719 0.041667 0.020313 0.047222
0 0.508203 0.216667 0.017969 0.027778
0 0.398047 0.381944 0.017969 0.047222
0 0.032813 0.904861 0.018750 0.031944
0 0.040234 0.384028 0.024219 0.048611
0 0.477344 0.934722 0.015625 0.041667
0 0.752734 0.951389 0.025781 0.033333
0 0.041406 0.806944 0.017188 0.047222
0 0.441406 0.038889 0.023438 0.025000
0 0.914062 0.962500 0.017188 0.025000
0 0.743750 0.864583 0.028125 0.040278
0 0.648828 0.857639 0.027344 0.048611
0 0.543750 0.187500 0.018750 0.033333
0 0.958594 0.162500 0.017188 0.044444
0 0.171875 0.143750 0.026562 0.029167
0 0.856250 0.920139 0.020313 0.040278
0 0.446875 0.167361 0.020313 0.045833
0 0.342969 0.100000 0.014063 0.027778
0 0.323047 0.356944 0.019531 0.047222
0 0.537891 0.476389 0.022656 0.030556
0 0.207813 0.078472 0.020313 0.031944
0 0.533203 0.936111 0.019531 0.030556
0 0.336719 0.556250 0.025000 0.045833
0 0.538672 0.243056 0.027344 0.030556
0 0.306250 0.181944 0.026562 0.041667
0 0.079687 0.267361 0.014063 0.043056
0 0.630859 0.951389 0.027344 0.047222
0 0.708594 0.100694 0.015625 0.043056
0 0.268359 0.525000 0.022656 0.050000
0 0.095703 0.345139 0.017969 0.037500
0 0.119141 0.120833 0.024219 0.047222
0 0.545312 0.611806 0.026562 0.026389
0 0.022266 0.591667 0.017969 0.027778
0 0.204687 0.194444 0.025000 0.047222
0 0.425000 0.120833 0.026562 0.030556
0 0.402344 0.287500 0.025000 0.025000
0 0.928906 0.398611 0.015625 0.041667
0 0.978125 0.429167 0.015625 0.033333
0 0.155078 0.051389 0.025781 0.050000
0 0.082422 0.933333 0.022656 0.036111
0 0.457031 0.334028 0.023438 0.040278
0 0.452734 0.215278 0.014844 0.033333
0 0.133203 0.887500 0.014844 0.025000
0 0.948047 0.040972 0.019531 0.043056
0 0.355859 0.347917 0.016406 0.048611
0 0.294922 0.254861 0.014844 0.026389
0 0.705859 0.847917 0.021094 0.031944
0 0.089453 0.625000 0.016406 0.041667
0 0.961328 0.212500 0.016406 0.041667
0 0.279687 0.070833 0.020313 0.025000
0 0.154688 0.206944 0.015625 0.027778
0 0.977734 0.381944 0.021094 0.047222
0 0.675000 0.127083 0.014063 0.037500
0 0.201172 0.947222 0.017969 0.030556
0 0.473438 0.136111 0.018750 0.050000
0 0.865625 0.034722 0.017188 0.036111
0 0.123438 0.180556 0.026562 0.025000
0 0.927734 0.340972 0.025781 0.045833
0 0.310156 0.472917 0.018750 0.034722
0 0.052344 0.220833 0.017188 0.050000
0 0.677734 0.072917 0.027344 0.037500
0 0.942578 0.485417 0.022656 0.029167
0 0.545703 0.324306 0.024219 0.045833
0 0.676562 0.815972 0.021875 0.040278
0 0.077734 0.722222 0.016406 0.036111
0 0.093359 0.856250 0.027344 0.037500
0 0.028906 0.707639 0.020313 0.034722
0 0.619141 0.820139 0.014844 0.043056
0 0.121875 0.804167 0.028125 0.044444
0 0.678125 0.035417 0.014063 0.026389
0 0.254688 0.093750 0.023438 0.045833
0 0.517969 0.321528 0.025000 0.031944
0 0.174609 0.952778 0.014844 0.027778
0 0.424219 0.188889 0.015625 0.030556
0 0.376563 0.211806 0.021875 0.029167
0 0.542188 0.692361 0.017188 0.026389
0 0.563672 0.956944 0.019531 0.033333
0 0.719922 0.801389 0.024219 0.027778
0 0.311719 0.611111 0.023438 0.030556
0 0.334375 0.494444 0.018750 0.050000
0 0.350391 0.277083 0.027344 0.048611
0 0.600391 0.779167 0.017969 0.027778
0 0.272656 0.604861 0.028125 0.037500
0 0.490625 0.306944 0.018750 0.050000
0 0.776172 0.913194 0.027344 0.031944
0 0.972266 0.323611 0.025781 0.025000
0 0.600781 0.050694 0.021875 0.043056
0 0.124609 0.940278 0.025781 0.038889
0 0.545703 0.740972 0.025781 0.048611
0 0.554688 0.379861 0.015625 0.048611
0 0.587109 0.907639 0.021094 0.037500
0 0.647656 0.900694 0.017188 0.026389
0 0.816016 0.034722 0.025781 0.030556
0 0.705078 0.916667 0.024219 0.030556
0 0.025000 0.533333 0.014063 0.038889
1 0.644531 0.522222 0.114062 0.286111
1 0.186328 0.634028 0.125781 0.268056
1 0.462109 0.502778 0.100781 0.252778
1 0.371484 0.784722 0.125781 0.250000
1 0.639844 0.254167 0.143750 0.175000
1 0.869141 0.697917 0.141406 0.293056
1 0.200391 0.348611 0.122656 0.194444
1 0.844141 0.154861 0.161719 0.168056
1 0.826953 0.393750 0.125781 0.223611