0 0.740234 0.232422 0.058594 0.058594
0 0.055664 0.404297 0.044922 0.050781
0 0.345703 0.074219 0.050781 0.042969
0 0.912109 0.437500 0.046875 0.031250
0 0.118164 0.574219 0.056641 0.035156
0 0.288086 0.653320 0.056641 0.041016
0 0.417969 0.867188 0.035156 0.054688
0 0.475586 0.462891 0.037109 0.058594
0 0.214844 0.137695 0.054688 0.044922
0 0.853516 0.100586 0.054688 0.056641
0 0.787109 0.083008 0.031250 0.044922
0 0.051758 0.628906 0.056641 0.054688
0 0.741211 0.734375 0.033203 0.031250
0 0.237305 0.060547 0.048828 0.046875
0 0.125000 0.083984 0.035156 0.031250
0 0.239258 0.921875 0.056641 0.031250
0 0.916016 0.706055 0.035156 0.056641
0 0.725586 0.330078 0.033203 0.039062
0 0.630859 0.629883 0.031250 0.037109
0 0.750977 0.410156 0.037109 0.042969
0 0.489258 0.078125 0.041016 0.042969
0 0.738281 0.103516 0.046875 0.039062
0 0.041016 0.256836 0.042969 0.052734
0 0.615234 0.439453 0.031250 0.050781
0 0.957031 0.543945 0.035156 0.048828
0 0.749023 0.581055 0.033203 0.044922
0 0.668945 0.062500 0.033203 0.039062
0 0.306641 0.810547 0.046875 0.042969
0 0.320312 0.216797 0.054688 0.046875
0 0.958984 0.625977 0.042969 0.037109
0 0.138672 0.908203 0.046875 0.039062
0 0.916992 0.161133 0.056641 0.052734
0 0.738281 0.476562 0.050781 0.031250
0 0.824219 0.499023 0.042969 0.052734
0 0.102539 0.523438 0.048828 0.042969
0 0.114258 0.160156 0.048828 0.039062
0 0.359375 0.291016 0.031250 0.031250
0 0.502930 0.916992 0.037109 0.041016
0 0.922852 0.042969 0.041016 0.042969
0 0.522461 0.156250 0.041016 0.031250
0 0.458984 0.808594 0.058594 0.042969
0 0.204102 0.218750 0.041016 0.035156
0 0.271484 0.473633 0.054688 0.041016
0 0.688477 0.555664 0.048828 0.037109
0 0.382812 0.199219 0.035156 0.042969
0 0.410156 0.959961 0.054688 0.033203
0 0.578125 0.078125 0.039062 0.054688
0 0.616211 0.574219 0.044922 0.050781
0 0.899414 0.541992 0.056641 0.033203
0 0.405273 0.101562 0.037109 0.042969
1 0.532227 0.286133 0.244141 0.154297
1 0.863281 0.323242 0.171875 0.146484
1 0.445312 0.643555 0.203125 0.251953
1 0.847656 0.888672 0.226562 0.183594
1 0.169922 0.770508 0.156250 0.201172
1 0.620117 0.876953 0.181641 0.167969
1 0.220703 0.335938 0.136719 0.152344