0 0.891602 0.509766 0.048828 0.050781
0 0.779297 0.933594 0.031250 0.042969
0 0.333984 0.539062 0.039062 0.046875
0 0.864258 0.640625 0.041016 0.058594
0 0.944336 0.318359 0.048828 0.042969
0 0.860352 0.347656 0.044922 0.058594
0 0.530273 0.937500 0.048828 0.031250
0 0.362305 0.068359 0.048828 0.046875
0 0.846680 0.124023 0.052734 0.052734
0 0.125000 0.092773 0.042969 0.044922
0 0.262695 0.746094 0.048828 0.035156
0 0.154297 0.488281 0.035156 0.042969
0 0.884766 0.248047 0.039062 0.031250
0 0.616211 0.955078 0.048828 0.046875
0 0.944336 0.088867 0.052734 0.033203
0 0.626953 0.675781 0.035156 0.050781
0 0.228516 0.463867 0.058594 0.052734
0 0.681641 0.928711 0.058594 0.048828
0 0.661133 0.347656 0.041016 0.050781
0 0.372070 0.398438 0.048828 0.042969
0 0.837891 0.206055 0.031250 0.052734
0 0.336914 0.923828 0.052734 0.046875
0 0.955078 0.817383 0.054688 0.037109
0 0.260742 0.408203 0.056641 0.042969
0 0.785156 0.421875 0.054688 0.046875
0 0.917969 0.724609 0.050781 0.046875
0 0.916992 0.863281 0.052734 0.031250
0 0.315430 0.692383 0.037109 0.056641
0 0.720703 0.668945 0.031250 0.033203
0 0.131836 0.750000 0.037109 0.031250
0 0.800781 0.625000 0.035156 0.035156
0 0.473633 0.835938 0.044922 0.039062
0 0.446289 0.041992 0.048828 0.048828
0 0.520508 0.892578 0.033203 0.039062
0 0.928711 0.584961 0.048828 0.048828
1 0.408203 0.199219 0.175781 0.179688
1 0.700195 0.805664 0.271484 0.181641
1 0.447266 0.684570 0.164062 0.240234
1 0.165039 0.626953 0.248047 0.187500
1 0.688477 0.188477 0.224609 0.248047
1 0.488281 0.442383 0.140625 0.193359
1 0.192383 0.867188 0.181641 0.171875
1 0.170898 0.239258 0.251953 0.224609
1 0.666992 0.517578 0.154297 0.210938