0 0.635742 0.090820 0.056641 0.056641
0 0.343750 0.904297 0.054688 0.046875
0 0.139648 0.837891 0.056641 0.042969
0 0.726562 0.716797 0.058594 0.054688
0 0.808594 0.143555 0.031250 0.056641
0 0.656250 0.432617 0.031250 0.033203
0 0.587891 0.427734 0.046875 0.031250
0 0.529297 0.215820 0.058594 0.052734
0 0.874023 0.037109 0.056641 0.039062
0 0.245117 0.951172 0.041016 0.031250
0 0.233398 0.491211 0.056641 0.056641
0 0.942383 0.218750 0.048828 0.042969
0 0.945312 0.059570 0.058594 0.048828
0 0.631836 0.940430 0.033203 0.048828
0 0.837891 0.237305 0.046875 0.037109
0 0.271484 0.416016 0.054688 0.042969
0 0.790039 0.660156 0.033203 0.054688
0 0.708008 0.077148 0.056641 0.033203
0 0.778320 0.246094 0.048828 0.031250
0 0.805664 0.774414 0.037109 0.033203
0 0.550781 0.897461 0.058594 0.052734
0 0.160156 0.595703 0.050781 0.042969
0 0.880859 0.130859 0.050781 0.031250
0 0.184570 0.360352 0.056641 0.044922
0 0.528320 0.321289 0.052734 0.037109
0 0.066406 0.508789 0.039062 0.041016
0 0.695312 0.961914 0.035156 0.037109
0 0.120117 0.309570 0.056641 0.041016
0 0.762695 0.403320 0.037109 0.044922
0 0.207031 0.831055 0.042969 0.041016
0 0.462891 0.915039 0.054688 0.033203
0 0.631836 0.149414 0.056641 0.041016
0 0.135742 0.494141 0.056641 0.050781
0 0.742188 0.138672 0.050781 0.046875
0 0.443359 0.054688 0.058594 0.039062
0 0.211914 0.298828 0.041016 0.035156
1 0.663086 0.283203 0.166016 0.156250
1 0.356445 0.744141 0.177734 0.218750
1 0.364258 0.197266 0.248047 0.230469
1 0.651367 0.562500 0.189453 0.179688
1 0.408203 0.461914 0.195312 0.181641
1 0.109375 0.704102 0.156250 0.154297
1 0.896484 0.544922 0.148438 0.257812
1 0.861328 0.897461 0.222656 0.169922
1 0.085938 0.172852 0.140625 0.208984