0 0.947266 0.517578 0.035156 0.042969
0 0.095703 0.092773 0.042969 0.037109
0 0.262695 0.706055 0.041016 0.033203
0 0.461914 0.818359 0.033203 0.054688
0 0.201172 0.216797 0.046875 0.054688
0 0.788086 0.907227 0.052734 0.037109
0 0.058594 0.688477 0.054688 0.048828
0 0.815430 0.580078 0.044922 0.031250
0 0.928711 0.244141 0.041016 0.058594
0 0.153320 0.578125 0.056641 0.035156
0 0.564453 0.065430 0.058594 0.033203
0 0.529297 0.952148 0.031250 0.048828
0 0.833984 0.449219 0.058594 0.054688
0 0.292969 0.372070 0.039062 0.033203
0 0.704102 0.875977 0.041016 0.052734
0 0.247070 0.507812 0.033203 0.058594
0 0.901367 0.319336 0.033203 0.052734
0 0.412109 0.402344 0.058594 0.035156
0 0.608398 0.158203 0.048828 0.042969
0 0.722656 0.165039 0.042969 0.033203
0 0.067383 0.569336 0.048828 0.037109
0 0.308594 0.682617 0.035156 0.048828
0 0.175781 0.657227 0.031250 0.037109
0 0.191406 0.081055 0.031250 0.033203
0 0.606445 0.960938 0.056641 0.046875
0 0.941406 0.378906 0.031250 0.046875
0 0.297852 0.503906 0.037109 0.042969
0 0.144531 0.735352 0.054688 0.037109
0 0.233398 0.600586 0.037109 0.056641
0 0.208008 0.762695 0.037109 0.037109
0 0.468750 0.889648 0.031250 0.048828
1 0.588867 0.415039 0.150391 0.216797
1 0.413086 0.183594 0.232422 0.156250
1 0.853516 0.769531 0.144531 0.164062
1 0.772461 0.332031 0.154297 0.164062
1 0.412109 0.659180 0.144531 0.201172
1 0.151367 0.904297 0.216797 0.152344
1 0.632812 0.651367 0.230469 0.169922
1 0.106445 0.385742 0.158203 0.146484