0 0.475391 0.104861 0.024219 0.040278
0 0.639844 0.855556 0.014063 0.033333
0 0.964063 0.702083 0.014063 0.045833
0 0.517188 0.331944 0.026562 0.050000
0 0.796094 0.246528 0.017188 0.029167
0 0.333203 0.365972 0.016406 0.043056
0 0.455469 0.431250 0.017188 0.045833
0 0.294141 0.351389 0.027344 0.050000
0 0.663672 0.924306 0.021094 0.048611
0 0.805859 0.913194 0.022656 0.043056
0 0.975781 0.597222 0.021875 0.030556
0 0.754297 0.882639 0.019531 0.037500
0 0.285547 0.447222 0.024219 0.027778
0 0.728516 0.901389 0.014844 0.036111
0 0.250000 0.176389 0.021875 0.041667
0 0.379688 0.456250 0.018750 0.048611
0 0.178516 0.066667 0.014844 0.044444
0 0.153516 0.618750 0.024219 0.029167
0 0.309766 0.615972 0.025781 0.045833
0 0.780078 0.133333 0.024219 0.044444
0 0.270313 0.064583 0.018750 0.031944
0 0.331641 0.302778 0.027344 0.030556
0 0.491016 0.228472 0.027344 0.029167
0 0.728906 0.833333 0.017188 0.033333
0 0.934766 0.729167 0.025781 0.047222
0 0.218359 0.241667 0.014844 0.030556
0 0.706641 0.881250 0.019531 0.048611
0 0.800000 0.393750 0.021875 0.034722
0 0.403906 0.680556 0.014063 0.025000
0 0.041797 0.556944 0.025781 0.041667
0 0.094531 0.468750 0.028125 0.045833
0 0.364844 0.789583 0.026562 0.026389
0 0.416016 0.317361 0.022656 0.043056
0 0.375781 0.876389 0.028125 0.030556
0 0.352734 0.259028 0.021094 0.043056
0 0.973047 0.917361 0.027344 0.043056
0 0.546875 0.195139 0.020313 0.026389
0 0.262109 0.928472 0.024219 0.029167
0 0.284375 0.259722 0.021875 0.025000
0 0.868359 0.031944 0.024219 0.027778
0 0.452344 0.539583 0.026562 0.048611
0 0.959375 0.548611 0.014063 0.038889
0 0.033203 0.054167 0.019531 0.033333
0 0.802344 0.843750 0.021875 0.031944
0 0.400000 0.248611 0.014063 0.041667
0 0.568359 0.956250 0.019531 0.037500
0 0.425781 0.240278 0.014063 0.038889
0 0.899609 0.488194 0.024219 0.045833
0 0.682031 0.838194 0.015625 0.034722
0 0.405078 0.600000 0.017969 0.041667
0 0.512500 0.184028 0.028125 0.031944
0 0.108594 0.122222 0.020313 0.033333
0 0.368359 0.736111 0.019531 0.036111
0 0.408984 0.134028 0.027344 0.048611
0 0.376172 0.338194 0.016406 0.031944
0 0.950000 0.046528 0.028125 0.031944
0 0.679688 0.487500 0.021875 0.030556
0 0.349219 0.640972 0.026562 0.031944
0 0.862500 0.572917 0.015625 0.031944
0 0.928906 0.558333 0.020313 0.027778
0 0.396875 0.081944 0.014063 0.041667
0 0.954688 0.786111 0.017188 0.041667
0 0.352344 0.106250 0.014063 0.048611
0 0.251563 0.220833 0.026562 0.033333
0 0.883594 0.574306 0.015625 0.031944
0 0.610156 0.506250 0.028125 0.031944
0 0.877344 0.882639 0.020313 0.026389
0 0.514844 0.106250 0.028125 0.037500
0 0.833594 0.046528 0.018750 0.045833
0 0.739844 0.274306 0.017188 0.029167
0 0.968359 0.638194 0.025781 0.034722
0 0.731250 0.463194 0.026562 0.040278
0 0.318359 0.219444 0.024219 0.047222
0 0.392969 0.181250 0.014063 0.026389
0 0.421094 0.907639 0.021875 0.045833
0 0.030078 0.118056 0.025781 0.038889
0 0.279297 0.504861 0.027344 0.031944
0 0.208984 0.137500 0.016406 0.038889
0 0.363672 0.386806 0.014844 0.031944
0 0.547656 0.387500 0.026562 0.030556
0 0.201172 0.636111 0.021094 0.025000
0 0.047656 0.468750 0.028125 0.045833
0 0.428516 0.360417 0.025781 0.031944
0 0.287891 0.159722 0.027344 0.030556
0 0.786719 0.184028 0.023438 0.034722
0 0.452734 0.245139 0.022656 0.048611
0 0.469531 0.925000 0.020313 0.033333
0 0.628906 0.465972 0.020313 0.031944
0 0.813672 0.294444 0.027344 0.030556
0 0.364453 0.204861 0.014844 0.026389
0 0.768359 0.936111 0.025781 0.027778
0 0.044531 0.648611 0.020313 0.036111
0 0.617188 0.036111 0.014063 0.027778
0 0.591406 0.436111 0.018750 0.050000
1 0.899609 0.285417 0.135156 0.304167
1 0.857031 0.720833 0.117188 0.197222
1 0.195312 0.443056 0.128125 0.266667
1 0.496484 0.744444 0.147656 0.263889
1 0.646484 0.215972 0.138281 0.265278
1 0.100391 0.793056 0.128906 0.236111
1 0.266797 0.784722 0.160156 0.205556
1 0.698438 0.677778 0.142187 0.219444