0 0.952148 0.738281 0.037109 0.046875
0 0.572266 0.233398 0.050781 0.048828
0 0.075195 0.535156 0.056641 0.050781
0 0.059570 0.878906 0.056641 0.039062
0 0.661133 0.203125 0.033203 0.042969
0 0.091797 0.623047 0.046875 0.031250
0 0.782227 0.072266 0.052734 0.050781
0 0.594727 0.909180 0.052734 0.041016
0 0.753906 0.216797 0.058594 0.058594
0 0.804688 0.421875 0.042969 0.046875
0 0.526367 0.085938 0.033203 0.039062
0 0.678711 0.145508 0.041016 0.056641
0 0.062500 0.817383 0.039062 0.048828
0 0.966797 0.920898 0.035156 0.044922
0 0.045898 0.929688 0.056641 0.035156
0 0.147461 0.854492 0.033203 0.052734
0 0.295898 0.044922 0.033203 0.042969
0 0.488281 0.479492 0.035156 0.041016
0 0.221680 0.894531 0.037109 0.031250
0 0.210938 0.948242 0.054688 0.033203
0 0.078125 0.111328 0.035156 0.058594
0 0.454102 0.135742 0.041016 0.041016
0 0.777344 0.336914 0.039062 0.052734
0 0.354492 0.035156 0.037109 0.031250
0 0.644531 0.044922 0.046875 0.042969
0 0.118164 0.285156 0.033203 0.046875
0 0.481445 0.346680 0.052734 0.056641
0 0.061523 0.677734 0.048828 0.050781
0 0.282227 0.137695 0.056641 0.048828
0 0.179688 0.113281 0.054688 0.050781
0 0.576172 0.079102 0.042969 0.044922
0 0.178711 0.049805 0.037109 0.056641
0 0.558594 0.172852 0.035156 0.052734
0 0.079102 0.226562 0.056641 0.054688
0 0.584961 0.956055 0.052734 0.033203
0 0.406250 0.075195 0.050781 0.037109
0 0.395508 0.725586 0.033203 0.056641
0 0.953125 0.868164 0.035156 0.033203
0 0.655273 0.922852 0.044922 0.048828
0 0.429688 0.650391 0.042969 0.042969
0 0.104492 0.939453 0.033203 0.054688
0 0.787109 0.711914 0.058594 0.044922
0 0.428711 0.479492 0.044922 0.041016
0 0.486328 0.887695 0.042969 0.048828
0 0.862305 0.429688 0.056641 0.039062
0 0.047852 0.366211 0.033203 0.041016
0 0.043945 0.458984 0.044922 0.035156
0 0.534180 0.880859 0.037109 0.035156
0 0.898438 0.350586 0.058594 0.044922
1 0.579102 0.724609 0.240234 0.253906
1 0.294922 0.278320 0.269531 0.205078
1 0.634766 0.420898 0.230469 0.259766
1 0.278320 0.768555 0.169922 0.205078
1 0.805664 0.847656 0.158203 0.156250
1 0.891602 0.165039 0.150391 0.224609
1 0.875977 0.569336 0.177734 0.185547
1 0.256836 0.519531 0.244141 0.222656