0 0.486328 0.916016 0.035156 0.035156
0 0.191406 0.590820 0.042969 0.056641
0 0.813477 0.213867 0.037109 0.037109
0 0.566406 0.079102 0.058594 0.048828
0 0.203125 0.958008 0.042969 0.052734
0 0.161133 0.199219 0.037109 0.046875
0 0.782227 0.308594 0.041016 0.031250
0 0.041016 0.330078 0.035156 0.050781
0 0.062500 0.391602 0.054688 0.033203
0 0.927734 0.399414 0.031250 0.056641
0 0.043945 0.955078 0.052734 0.058594
0 0.197266 0.260742 0.054688 0.044922
0 0.270508 0.398438 0.052734 0.035156
0 0.784180 0.126953 0.048828 0.031250
0 0.087891 0.473633 0.054688 0.044922
0 0.875000 0.419922 0.046875 0.058594
0 0.705078 0.072266 0.050781 0.031250
0 0.468750 0.395508 0.039062 0.033203
0 0.204102 0.456055 0.037109 0.048828
0 0.081055 0.886719 0.052734 0.054688
0 0.129883 0.776367 0.056641 0.041016
0 0.184570 0.356445 0.048828 0.056641
0 0.449219 0.701172 0.042969 0.035156
0 0.852539 0.289062 0.052734 0.031250
0 0.508789 0.730469 0.048828 0.046875
0 0.515625 0.860352 0.035156 0.037109
0 0.209961 0.655273 0.044922 0.037109
0 0.133789 0.541992 0.052734 0.044922
0 0.849609 0.345703 0.050781 0.039062
0 0.326172 0.940430 0.050781 0.044922
0 0.967773 0.522461 0.033203 0.037109
0 0.953125 0.311523 0.058594 0.041016
0 0.110352 0.326172 0.048828 0.050781
0 0.494141 0.350586 0.042969 0.033203
0 0.803711 0.433594 0.041016 0.050781
0 0.841797 0.938477 0.042969 0.044922
0 0.124023 0.412109 0.052734 0.054688
0 0.182617 0.104492 0.048828 0.033203
0 0.936523 0.472656 0.044922 0.031250
0 0.746094 0.397461 0.058594 0.056641
0 0.300781 0.313477 0.031250 0.044922
0 0.863281 0.188477 0.031250 0.044922
0 0.624023 0.521484 0.041016 0.035156
0 0.633789 0.406250 0.052734 0.031250
1 0.625977 0.268555 0.177734 0.169922
1 0.301758 0.800781 0.232422 0.164062
1 0.376953 0.564453 0.179688 0.203125
1 0.852539 0.603516 0.169922 0.144531
1 0.369141 0.152344 0.187500 0.152344
1 0.852539 0.785156 0.216797 0.144531
1 0.639648 0.879883 0.146484 0.208984
1 0.632812 0.648438 0.175781 0.156250