0 0.449609 0.766667 0.016406 0.033333
0 0.897266 0.468056 0.014844 0.038889
0 0.506641 0.711806 0.019531 0.045833
0 0.728125 0.535417 0.026562 0.043056
0 0.398047 0.639583 0.025781 0.029167
0 0.673828 0.318056 0.024219 0.044444
0 0.081641 0.134722 0.024219 0.033333
0 0.930469 0.895833 0.020313 0.047222
0 0.783203 0.151389 0.017969 0.047222
0 0.962109 0.876389 0.017969 0.033333
0 0.017578 0.186806 0.016406 0.048611
0 0.393750 0.494444 0.026562 0.025000
0 0.098828 0.400694 0.021094 0.026389
0 0.697656 0.065278 0.021875 0.033333
0 0.157031 0.068750 0.017188 0.026389
0 0.202344 0.944444 0.028125 0.050000
0 0.957031 0.137500 0.025000 0.050000
0 0.407422 0.795833 0.027344 0.036111
0 0.468359 0.231944 0.016406 0.030556
0 0.663672 0.543056 0.022656 0.041667
0 0.574609 0.165278 0.019531 0.047222
0 0.574219 0.962500 0.015625 0.025000
0 0.383203 0.327778 0.019531 0.025000
0 0.917578 0.320139 0.024219 0.031944
0 0.042969 0.302083 0.028125 0.026389
0 0.624219 0.206250 0.026562 0.029167
0 0.866406 0.514583 0.014063 0.048611
0 0.880078 0.266667 0.014844 0.036111
0 0.976953 0.934722 0.025781 0.025000
0 0.653906 0.372917 0.025000 0.034722
0 0.023047 0.360417 0.017969 0.029167
0 0.611328 0.063889 0.024219 0.041667
0 0.524219 0.936806 0.018750 0.043056
0 0.507422 0.846528 0.021094 0.040278
0 0.696484 0.190972 0.027344 0.048611
0 0.959766 0.281250 0.016406 0.034722
0 0.058984 0.263194 0.019531 0.034722
0 0.474609 0.768750 0.016406 0.029167
0 0.056250 0.079861 0.023438 0.026389
0 0.814844 0.752778 0.025000 0.050000
0 0.624219 0.308333 0.017188 0.050000
0 0.550391 0.259722 0.017969 0.025000
0 0.945312 0.211111 0.026562 0.038889
0 0.746094 0.078472 0.028125 0.029167
0 0.094922 0.040972 0.022656 0.034722
0 0.428906 0.842361 0.021875 0.037500
0 0.932422 0.405556 0.017969 0.033333
0 0.067187 0.590972 0.014063 0.029167
0 0.953125 0.829861 0.020313 0.040278
0 0.050000 0.129167 0.021875 0.050000
0 0.116406 0.550000 0.023438 0.033333
0 0.385547 0.540278 0.022656 0.047222
0 0.729688 0.694444 0.023438 0.030556
0 0.536328 0.841667 0.021094 0.050000
0 0.018750 0.275694 0.014063 0.048611
0 0.258984 0.175694 0.016406 0.043056
0 0.903516 0.372222 0.022656 0.038889
0 0.663672 0.220833 0.017969 0.044444
0 0.657813 0.033333 0.021875 0.025000
0 0.664453 0.420833 0.025781 0.027778
0 0.724609 0.640972 0.021094 0.045833
0 0.750000 0.741667 0.025000 0.044444
0 0.238672 0.173611 0.016406 0.044444
0 0.020313 0.523611 0.015625 0.038889
0 0.951562 0.924306 0.015625 0.037500
0 0.724609 0.828472 0.021094 0.034722
0 0.116406 0.505556 0.020313 0.036111
0 0.549609 0.684028 0.024219 0.045833
0 0.967187 0.617361 0.018750 0.040278
0 0.770703 0.955556 0.024219 0.036111
1 0.312500 0.814583 0.126562 0.204167
1 0.766016 0.364583 0.149219 0.231944
1 0.135547 0.767361 0.167969 0.279167
1 0.512500 0.454167 0.143750 0.269444
1 0.642578 0.844444 0.111719 0.211111
1 0.364453 0.192361 0.142969 0.201389
1 0.885156 0.726389 0.106250 0.272222