0 0.049609 0.700694 0.024219 0.048611
0 0.417969 0.257639 0.015625 0.040278
0 0.497656 0.398611 0.023438 0.025000
0 0.942578 0.544444 0.025781 0.033333
0 0.685547 0.459722 0.019531 0.030556
0 0.220703 0.073611 0.024219 0.036111
0 0.305469 0.147917 0.017188 0.043056
0 0.371094 0.142361 0.023438 0.045833
0 0.548828 0.473611 0.014844 0.047222
0 0.727344 0.590278 0.028125 0.030556
0 0.468750 0.482639 0.018750 0.040278
0 0.540625 0.288194 0.025000 0.040278
0 0.728906 0.787500 0.020313 0.025000
0 0.592969 0.079861 0.015625 0.031944
0 0.535156 0.206944 0.017188 0.050000
0 0.508984 0.487500 0.016406 0.027778
0 0.735938 0.903472 0.021875 0.031944
0 0.935156 0.720833 0.021875 0.030556
0 0.314063 0.828472 0.028125 0.043056
0 0.589063 0.479861 0.017188 0.026389
0 0.375391 0.925000 0.017969 0.044444
0 0.582812 0.386806 0.025000 0.031944
0 0.582812 0.277083 0.021875 0.040278
0 0.372656 0.248611 0.023438 0.025000
0 0.348047 0.791667 0.027344 0.033333
0 0.911719 0.877083 0.020313 0.026389
0 0.677734 0.650694 0.021094 0.048611
0 0.858984 0.043056 0.019531 0.047222
0 0.744531 0.159722 0.026562 0.047222
0 0.275000 0.184722 0.020313 0.038889
0 0.073438 0.109722 0.018750 0.041667
0 0.427344 0.396528 0.021875 0.045833
0 0.885156 0.120833 0.023438 0.050000
0 0.077344 0.036806 0.018750 0.031944
0 0.412891 0.161111 0.014844 0.025000
0 0.953516 0.156250 0.022656 0.037500
0 0.430469 0.519444 0.018750 0.025000
0 0.667578 0.507639 0.027344 0.029167
0 0.026562 0.413194 0.017188 0.037500
0 0.216797 0.435417 0.017969 0.026389
0 0.707031 0.384028 0.025000 0.043056
0 0.948047 0.436806 0.024219 0.029167
0 0.527734 0.618056 0.027344 0.041667
0 0.825391 0.063194 0.017969 0.045833
0 0.948047 0.344444 0.017969 0.047222
0 0.471094 0.543056 0.023438 0.047222
0 0.678906 0.912500 0.018750 0.030556
0 0.039453 0.359722 0.024219 0.044444
0 0.669141 0.865278 0.024219 0.050000
0 0.825781 0.931944 0.028125 0.038889
0 0.547266 0.130556 0.027344 0.033333
0 0.236719 0.557639 0.023438 0.026389
0 0.449219 0.258333 0.017188 0.044444
0 0.916797 0.138194 0.017969 0.048611
0 0.125391 0.030556 0.027344 0.025000
0 0.789062 0.163194 0.015625 0.026389
0 0.407031 0.565278 0.025000 0.041667
0 0.598047 0.714583 0.024219 0.043056
0 0.053516 0.538194 0.027344 0.043056
0 0.957031 0.649306 0.017188 0.034722
0 0.422656 0.920139 0.023438 0.037500
0 0.233984 0.150694 0.022656 0.048611
0 0.603125 0.576389 0.018750 0.036111
0 0.342187 0.093056 0.020313 0.044444
0 0.620703 0.894444 0.022656 0.041667
0 0.976172 0.862500 0.014844 0.027778
0 0.581250 0.958333 0.025000 0.033333
0 0.635938 0.654167 0.021875 0.033333
0 0.398438 0.860417 0.028125 0.026389
0 0.912109 0.677778 0.016406 0.044444
0 0.945312 0.109722 0.023438 0.041667
0 0.067969 0.581250 0.015625 0.031944
0 0.784766 0.916667 0.025781 0.036111
1 0.072656 0.229167 0.098437 0.166667
1 0.494141 0.777778 0.139844 0.230556
1 0.832422 0.710417 0.133594 0.229167
1 0.313672 0.454861 0.113281 0.265278
1 0.180078 0.856944 0.161719 0.202778
1 0.670312 0.197917 0.112500 0.298611
1 0.832422 0.414583 0.163281 0.220833