0 0.935937 0.391667 0.020313 0.027778
0 0.601953 0.635417 0.027344 0.040278
0 0.836328 0.115278 0.014844 0.030556
0 0.621094 0.180556 0.018750 0.036111
0 0.228906 0.406944 0.014063 0.030556
0 0.950000 0.924306 0.028125 0.031944
0 0.049609 0.654167 0.022656 0.036111
0 0.663672 0.170833 0.024219 0.041667
0 0.791406 0.343056 0.020313 0.025000
0 0.251953 0.822222 0.014844 0.036111
0 0.034766 0.064583 0.017969 0.034722
0 0.051953 0.572222 0.025781 0.044444
0 0.860156 0.347917 0.018750 0.034722
0 0.809766 0.036806 0.016406 0.029167
0 0.076953 0.888194 0.024219 0.037500
0 0.571875 0.229167 0.028125 0.044444
0 0.347656 0.557639 0.026562 0.026389
0 0.241797 0.770833 0.016406 0.044444
0 0.527344 0.183333 0.018750 0.030556
0 0.578906 0.101389 0.023438 0.030556
0 0.484375 0.695833 0.014063 0.036111
0 0.895312 0.872917 0.023438 0.034722
0 0.032031 0.164583 0.028125 0.026389
0 0.758594 0.523611 0.023438 0.041667
0 0.514844 0.623611 0.017188 0.036111
0 0.273438 0.129167 0.017188 0.050000
0 0.681250 0.057639 0.015625 0.043056
0 0.041406 0.208333 0.018750 0.050000
0 0.024219 0.312500 0.017188 0.050000
0 0.824609 0.908333 0.027344 0.044444
0 0.615625 0.527778 0.018750 0.041667
0 0.847266 0.202778 0.017969 0.044444
0 0.190625 0.795833 0.015625 0.036111
0 0.706250 0.483333 0.017188 0.050000
0 0.633203 0.236111 0.014844 0.047222
0 0.636719 0.534028 0.015625 0.029167
0 0.441797 0.105556 0.019531 0.044444
0 0.972266 0.482639 0.025781 0.031944
0 0.164453 0.090278 0.024219 0.025000
0 0.035156 0.856250 0.018750 0.048611
0 0.332422 0.954861 0.017969 0.037500
0 0.078125 0.839583 0.017188 0.045833
0 0.922266 0.040278 0.024219 0.041667
0 0.409375 0.574306 0.026562 0.048611
0 0.025391 0.745833 0.025781 0.030556
0 0.745313 0.893056 0.017188 0.038889
0 0.566797 0.644444 0.016406 0.030556
0 0.209375 0.722917 0.017188 0.034722
0 0.028906 0.429167 0.025000 0.036111
0 0.976953 0.748611 0.021094 0.030556
0 0.950781 0.816667 0.015625 0.038889
0 0.841797 0.056250 0.025781 0.043056
0 0.694531 0.097222 0.025000 0.025000
0 0.886328 0.941667 0.017969 0.027778
0 0.811719 0.802778 0.018750 0.041667
0 0.141016 0.792361 0.027344 0.029167
0 0.744531 0.087500 0.023438 0.038889
0 0.870313 0.891667 0.015625 0.047222
0 0.292969 0.067361 0.015625 0.045833
0 0.945703 0.599306 0.021094 0.040278
0 0.165234 0.869444 0.016406 0.044444
0 0.906250 0.719444 0.018750 0.038889
0 0.387891 0.079861 0.019531 0.040278
0 0.786328 0.723611 0.025781 0.036111
0 0.287109 0.747917 0.016406 0.031944
0 0.801562 0.075694 0.014063 0.026389
0 0.057813 0.960417 0.021875 0.037500
0 0.735547 0.184722 0.014844 0.038889
0 0.279297 0.860417 0.016406 0.029167
0 0.658984 0.643056 0.021094 0.047222
0 0.033203 0.378472 0.014844 0.037500
0 0.583984 0.047222 0.024219 0.030556
0 0.368750 0.123611 0.018750 0.030556
0 0.582812 0.536111 0.018750 0.050000
0 0.976953 0.419444 0.019531 0.050000
0 0.224219 0.363194 0.023438 0.040278
0 0.267188 0.388194 0.026562 0.029167
0 0.680078 0.525000 0.019531 0.033333
1 0.391797 0.777083 0.135156 0.284722
1 0.590234 0.813194 0.155469 0.198611
1 0.418359 0.333333 0.166406 0.172222
1 0.712891 0.340278 0.102344 0.219444
1 0.171875 0.232639 0.154688 0.193056
1 0.255078 0.555556 0.107031 0.244444
1 0.843750 0.538889 0.104688 0.305556
1 0.125781 0.575694 0.109375 0.248611
1 0.914844 0.200694 0.106250 0.187500