0 0.564453 0.890625 0.042969 0.039062
0 0.430664 0.073242 0.052734 0.044922
0 0.227539 0.396484 0.037109 0.031250
0 0.962891 0.198242 0.042969 0.044922
0 0.258789 0.446289 0.052734 0.033203
0 0.139648 0.382812 0.037109 0.054688
0 0.480469 0.419922 0.058594 0.042969
0 0.712891 0.140625 0.054688 0.035156
0 0.525391 0.079102 0.031250 0.056641
0 0.635742 0.102539 0.052734 0.033203
0 0.861328 0.148438 0.054688 0.050781
0 0.113281 0.468750 0.035156 0.058594
0 0.584961 0.149414 0.041016 0.041016
0 0.592773 0.496094 0.056641 0.050781
0 0.062500 0.862305 0.042969 0.033203
0 0.447266 0.477539 0.046875 0.044922
0 0.912109 0.654297 0.039062 0.054688
0 0.334961 0.399414 0.037109 0.033203
0 0.074219 0.617188 0.031250 0.054688
0 0.482422 0.107422 0.035156 0.035156
0 0.403320 0.665039 0.033203 0.052734
0 0.406250 0.795898 0.050781 0.048828
0 0.357422 0.871094 0.031250 0.031250
0 0.169922 0.491211 0.050781 0.033203
0 0.046875 0.544922 0.035156 0.046875
0 0.851562 0.056641 0.054688 0.058594
0 0.964844 0.686523 0.031250 0.048828
0 0.422852 0.947266 0.044922 0.058594
0 0.387695 0.537109 0.033203 0.058594
0 0.322266 0.147461 0.050781 0.056641
0 0.125977 0.061523 0.037109 0.052734
0 0.916016 0.830078 0.046875 0.050781
0 0.336914 0.243164 0.052734 0.041016
1 0.683594 0.325195 0.214844 0.244141
1 0.239258 0.654297 0.244141 0.246094
1 0.761719 0.638672 0.242188 0.242188
1 0.758789 0.889648 0.216797 0.154297
1 0.540039 0.711914 0.142578 0.267578
1 0.172852 0.222656 0.220703 0.246094
1 0.898438 0.360352 0.167969 0.255859
1 0.453125 0.240234 0.152344 0.187500
1 0.200195 0.896484 0.205078 0.144531