0 0.864258 0.043945 0.052734 0.041016
0 0.788086 0.126953 0.037109 0.046875
0 0.866211 0.960938 0.044922 0.035156
0 0.403320 0.083984 0.048828 0.039062
0 0.867188 0.328125 0.039062 0.039062
0 0.658203 0.503906 0.046875 0.046875
0 0.935547 0.228516 0.050781 0.054688
0 0.501953 0.114258 0.035156 0.052734
0 0.762695 0.468750 0.041016 0.050781
0 0.634766 0.814453 0.050781 0.031250
0 0.147461 0.329102 0.041016 0.033203
0 0.716797 0.568359 0.042969 0.039062
0 0.100586 0.377930 0.033203 0.052734
0 0.326172 0.458008 0.054688 0.056641
0 0.895508 0.386719 0.033203 0.054688
0 0.067383 0.620117 0.033203 0.044922
0 0.253906 0.343750 0.050781 0.042969
0 0.784180 0.340820 0.041016 0.041016
0 0.041016 0.304688 0.031250 0.031250
0 0.809570 0.237305 0.056641 0.056641
0 0.772461 0.079102 0.044922 0.033203
0 0.493164 0.963867 0.041016 0.041016
0 0.528320 0.493164 0.044922 0.056641
0 0.636719 0.695312 0.046875 0.054688
0 0.241211 0.939453 0.048828 0.058594
0 0.073242 0.923828 0.048828 0.042969
0 0.625977 0.054688 0.033203 0.058594
0 0.954102 0.804688 0.044922 0.054688
0 0.321289 0.957031 0.056641 0.039062
0 0.505859 0.557617 0.046875 0.044922
0 0.689453 0.616211 0.042969 0.041016
0 0.038086 0.438477 0.037109 0.052734
0 0.878906 0.150391 0.054688 0.058594
1 0.618164 0.291016 0.271484 0.250000
1 0.887695 0.551758 0.154297 0.146484
1 0.171875 0.162109 0.191406 0.210938
1 0.116211 0.812500 0.181641 0.160156
1 0.797852 0.806641 0.251953 0.210938
1 0.324219 0.601562 0.273438 0.195312
1 0.408203 0.829102 0.222656 0.181641
1 0.375000 0.270508 0.152344 0.267578