0 0.841797 0.910156 0.046875 0.046875
0 0.065430 0.786133 0.037109 0.052734
0 0.570312 0.156250 0.046875 0.050781
0 0.541016 0.601562 0.046875 0.054688
0 0.326172 0.342773 0.046875 0.048828
0 0.431641 0.731445 0.054688 0.044922
0 0.711914 0.914062 0.033203 0.031250
0 0.199219 0.552734 0.042969 0.031250
0 0.287109 0.585938 0.058594 0.039062
0 0.523438 0.667969 0.031250 0.050781
0 0.613281 0.770508 0.054688 0.041016
0 0.601562 0.517578 0.031250 0.058594
0 0.234375 0.673828 0.042969 0.058594
0 0.810547 0.057617 0.050781 0.041016
0 0.078125 0.675781 0.035156 0.050781
0 0.291992 0.435547 0.044922 0.054688
0 0.961914 0.443359 0.044922 0.042969
0 0.929688 0.809570 0.031250 0.037109
0 0.597656 0.446289 0.039062 0.052734
0 0.926758 0.858398 0.056641 0.037109
0 0.931641 0.099609 0.050781 0.046875
0 0.055664 0.588867 0.041016 0.033203
0 0.339844 0.267578 0.031250 0.031250
0 0.460938 0.142578 0.050781 0.046875
0 0.605469 0.891602 0.042969 0.056641
0 0.513672 0.058594 0.050781 0.042969
0 0.515625 0.153320 0.039062 0.056641
0 0.613281 0.651367 0.031250 0.052734
0 0.628906 0.372070 0.046875 0.052734
0 0.947266 0.738281 0.046875 0.042969
0 0.277344 0.515625 0.031250 0.050781
0 0.493164 0.724609 0.052734 0.035156
0 0.540039 0.480469 0.052734 0.046875
0 0.954102 0.957031 0.052734 0.031250
0 0.296875 0.679688 0.035156 0.039062
0 0.447266 0.050781 0.031250 0.058594
0 0.273438 0.376953 0.042969 0.031250
0 0.375977 0.070312 0.044922 0.046875
0 0.154297 0.651367 0.039062 0.037109
1 0.415039 0.509766 0.181641 0.214844
1 0.788086 0.735352 0.201172 0.208984
1 0.488281 0.276367 0.210938 0.169922
1 0.150391 0.387695 0.148438 0.208984
1 0.797852 0.275391 0.244141 0.257812
1 0.218750 0.841797 0.214844 0.250000
1 0.466797 0.858398 0.199219 0.181641
1 0.779297 0.517578 0.257812 0.179688
1 0.190430 0.138672 0.255859 0.199219