0 0.316406 0.203125 0.039062 0.058594
0 0.375000 0.494141 0.054688 0.046875
0 0.102539 0.818359 0.056641 0.035156
0 0.420898 0.079102 0.052734 0.044922
0 0.893555 0.272461 0.041016 0.044922
0 0.682617 0.313477 0.033203 0.033203
0 0.835938 0.203125 0.050781 0.031250
0 0.118164 0.934570 0.052734 0.056641
0 0.616211 0.512695 0.056641 0.033203
0 0.863281 0.617188 0.039062 0.058594
0 0.588867 0.921875 0.048828 0.046875
0 0.908203 0.482422 0.031250 0.042969
0 0.930664 0.541992 0.056641 0.041016
0 0.137695 0.869141 0.052734 0.050781
0 0.911133 0.342773 0.041016 0.033203
0 0.149414 0.619141 0.041016 0.031250
0 0.468750 0.692383 0.042969 0.033203
0 0.046875 0.896484 0.039062 0.035156
0 0.310547 0.449219 0.058594 0.031250
0 0.400391 0.932617 0.035156 0.037109
0 0.956055 0.817383 0.041016 0.056641
0 0.296875 0.339844 0.058594 0.042969
0 0.076172 0.608398 0.058594 0.056641
0 0.538086 0.093750 0.048828 0.058594
0 0.853516 0.083008 0.035156 0.044922
0 0.478516 0.505859 0.031250 0.058594
0 0.261719 0.273438 0.058594 0.046875
0 0.067383 0.693359 0.041016 0.046875
0 0.258789 0.142578 0.041016 0.042969
0 0.354492 0.068359 0.037109 0.058594
0 0.949219 0.150391 0.050781 0.042969
0 0.922852 0.080078 0.048828 0.050781
1 0.301758 0.727539 0.244141 0.255859
1 0.503906 0.323242 0.214844 0.263672
1 0.705078 0.126953 0.140625 0.210938
1 0.789062 0.416016 0.144531 0.269531
1 0.634766 0.759766 0.246094 0.253906
1 0.139648 0.428711 0.205078 0.248047
1 0.122070 0.129883 0.197266 0.181641
1 0.857422 0.840820 0.136719 0.263672