0 0.054688 0.529167 0.020313 0.038889
0 0.295703 0.126389 0.014844 0.025000
0 0.275781 0.654167 0.025000 0.044444
0 0.025781 0.238194 0.025000 0.045833
0 0.295312 0.034722 0.028125 0.027778
0 0.504297 0.557639 0.027344 0.029167
0 0.406250 0.923611 0.021875 0.030556
0 0.421094 0.861111 0.026562 0.025000
0 0.717969 0.081250 0.025000 0.031944
0 0.133594 0.114583 0.026562 0.026389
0 0.927344 0.556250 0.018750 0.040278
0 0.040625 0.093750 0.015625 0.034722
0 0.046875 0.341667 0.020313 0.047222
0 0.511328 0.945833 0.014844 0.033333
0 0.101953 0.701389 0.021094 0.047222
0 0.078906 0.053472 0.014063 0.034722
0 0.114844 0.878472 0.015625 0.029167
0 0.813672 0.129167 0.014844 0.030556
0 0.237891 0.952083 0.016406 0.026389
0 0.955469 0.554861 0.015625 0.031944
0 0.210938 0.075694 0.018750 0.029167
0 0.258203 0.197222 0.025781 0.025000
0 0.041797 0.651389 0.025781 0.033333
0 0.955469 0.197917 0.020313 0.037500
0 0.114453 0.816667 0.016406 0.050000
0 0.625781 0.504167 0.025000 0.050000
0 0.174219 0.109722 0.014063 0.036111
0 0.660937 0.174306 0.023438 0.026389
0 0.286328 0.963194 0.021094 0.040278
0 0.217188 0.039583 0.014063 0.029167
0 0.825781 0.712500 0.020313 0.033333
0 0.034375 0.849306 0.021875 0.040278
0 0.333203 0.081250 0.024219 0.037500
0 0.257031 0.059722 0.026562 0.025000
0 0.462500 0.810417 0.017188 0.043056
0 0.075781 0.643056 0.026562 0.041667
0 0.762891 0.143750 0.021094 0.031944
0 0.401562 0.612500 0.014063 0.036111
0 0.455078 0.664583 0.019531 0.048611
0 0.171094 0.866667 0.018750 0.050000
0 0.812500 0.081250 0.015625 0.026389
0 0.404297 0.757639 0.025781 0.043056
0 0.353125 0.633333 0.021875 0.041667
0 0.726562 0.517361 0.023438 0.037500
0 0.038672 0.416667 0.021094 0.047222
0 0.026953 0.802083 0.016406 0.034722
0 0.752344 0.054167 0.028125 0.038889
0 0.839453 0.612500 0.016406 0.047222
0 0.103125 0.214583 0.023438 0.037500
0 0.428516 0.197917 0.014844 0.043056
0 0.654297 0.246528 0.016406 0.040278
0 0.079297 0.128472 0.021094 0.037500
0 0.855078 0.154861 0.021094 0.043056
0 0.268359 0.600000 0.021094 0.025000
0 0.800781 0.177083 0.021875 0.029167
0 0.250391 0.250000 0.014844 0.033333
0 0.323828 0.956250 0.022656 0.031944
0 0.696875 0.421528 0.014063 0.031944
0 0.766016 0.368750 0.014844 0.034722
0 0.185156 0.154167 0.028125 0.027778
0 0.226172 0.142361 0.025781 0.029167
0 0.796094 0.948611 0.017188 0.050000
0 0.396875 0.216667 0.026562 0.033333
0 0.878125 0.059028 0.018750 0.045833
0 0.020313 0.947917 0.018750 0.031944
0 0.313672 0.169444 0.027344 0.036111
0 0.083594 0.434722 0.018750 0.038889
0 0.901563 0.217361 0.015625 0.048611
0 0.842187 0.930556 0.023438 0.047222
0 0.371484 0.751389 0.025781 0.033333
0 0.158984 0.663194 0.024219 0.048611
0 0.362109 0.170139 0.027344 0.040278
0 0.044531 0.587500 0.026562 0.041667
0 0.486719 0.722222 0.025000 0.027778
0 0.087891 0.788194 0.022656 0.034722
0 0.079297 0.559028 0.014844 0.040278
0 0.944141 0.611806 0.016406 0.034722
0 0.737891 0.140972 0.021094 0.037500
0 0.140234 0.888889 0.014844 0.041667
0 0.786719 0.265972 0.023438 0.031944
0 0.325391 0.625000 0.014844 0.027778
1 0.913672 0.788889 0.113281 0.202778
1 0.367969 0.426389 0.160938 0.300000
1 0.872266 0.409722 0.171094 0.230556
1 0.750391 0.749306 0.108594 0.270833
1 0.549609 0.186111 0.166406 0.258333
1 0.560547 0.762500 0.097656 0.225000
1 0.275781 0.814583 0.134375 0.212500
1 0.174609 0.459028 0.117969 0.298611