0 0.919531 0.659028 0.026562 0.048611
0 0.609766 0.512500 0.025781 0.047222
0 0.905469 0.606944 0.025000 0.038889
0 0.328906 0.728472 0.014063 0.048611
0 0.974609 0.921528 0.025781 0.037500
0 0.379688 0.587500 0.014063 0.025000
0 0.224219 0.145833 0.021875 0.050000
0 0.227344 0.047222 0.021875 0.047222
0 0.138281 0.052083 0.026562 0.034722
0 0.966797 0.834722 0.019531 0.036111
0 0.431250 0.178472 0.015625 0.031944
0 0.425391 0.041667 0.022656 0.025000
0 0.825391 0.573611 0.017969 0.030556
0 0.917188 0.760417 0.020313 0.026389
0 0.187500 0.350000 0.017188 0.041667
0 0.663281 0.442361 0.026562 0.029167
0 0.638672 0.376389 0.025781 0.027778
0 0.376953 0.261111 0.019531 0.050000
0 0.183594 0.048611 0.014063 0.047222
0 0.255078 0.277778 0.024219 0.027778
0 0.847656 0.917361 0.026562 0.034722
0 0.030078 0.620139 0.027344 0.037500
0 0.586328 0.243750 0.027344 0.045833
0 0.222266 0.230556 0.022656 0.025000
0 0.612891 0.143056 0.019531 0.044444
0 0.059375 0.883333 0.020313 0.025000
0 0.046875 0.818750 0.025000 0.037500
0 0.621094 0.958333 0.017188 0.025000
0 0.963672 0.143750 0.021094 0.031944
0 0.642578 0.481944 0.021094 0.027778
0 0.801953 0.902083 0.016406 0.040278
0 0.372266 0.117361 0.021094 0.043056
0 0.286328 0.088194 0.014844 0.034722
0 0.570312 0.070833 0.014063 0.047222
0 0.564063 0.186806 0.018750 0.026389
0 0.344922 0.050694 0.027344 0.031944
0 0.032813 0.717361 0.026562 0.031944
0 0.474219 0.213889 0.017188 0.050000
0 0.929297 0.086111 0.021094 0.036111
0 0.525000 0.269444 0.015625 0.036111
0 0.965234 0.181944 0.024219 0.025000
0 0.275391 0.628472 0.016406 0.040278
0 0.270313 0.192361 0.026562 0.037500
0 0.087109 0.516667 0.014844 0.047222
0 0.470313 0.320833 0.018750 0.033333
0 0.416016 0.134722 0.027344 0.044444
0 0.105859 0.110417 0.016406 0.029167
0 0.126562 0.504861 0.025000 0.037500
0 0.766406 0.867361 0.026562 0.034722
0 0.794141 0.346528 0.027344 0.040278
0 0.144141 0.111111 0.027344 0.025000
0 0.882812 0.937500 0.020313 0.041667
0 0.848828 0.152778 0.017969 0.047222
0 0.468359 0.157639 0.014844 0.037500
0 0.682813 0.925694 0.018750 0.034722
0 0.306641 0.181250 0.017969 0.040278
0 0.050000 0.560417 0.017188 0.048611
0 0.696094 0.390972 0.021875 0.026389
0 0.797656 0.624306 0.020313 0.040278
0 0.431641 0.936806 0.024219 0.037500
0 0.941016 0.860417 0.019531 0.040278
0 0.829297 0.725000 0.022656 0.036111
0 0.306641 0.779167 0.016406 0.030556
0 0.802734 0.459722 0.027344 0.038889
0 0.455469 0.113194 0.025000 0.031944
0 0.813672 0.830556 0.021094 0.044444
0 0.980469 0.738889 0.017188 0.047222
0 0.755859 0.940972 0.019531 0.040278
0 0.173047 0.182639 0.019531 0.048611
0 0.055859 0.940278 0.027344 0.027778
0 0.856641 0.063889 0.025781 0.025000
0 0.531641 0.169444 0.019531 0.044444
0 0.177344 0.702083 0.018750 0.031944
0 0.392969 0.198611 0.021875 0.050000
0 0.058984 0.504167 0.025781 0.033333
0 0.719531 0.897917 0.014063 0.045833
0 0.520703 0.219444 0.022656 0.036111
0 0.346094 0.811806 0.017188 0.048611
0 0.284766 0.263889 0.014844 0.050000
0 0.882031 0.840278 0.018750 0.033333
0 0.496875 0.040278 0.023438 0.038889
0 0.592578 0.444444 0.027344 0.033333
0 0.100781 0.768750 0.023438 0.026389
0 0.064844 0.068750 0.021875 0.048611
0 0.154688 0.582639 0.026562 0.043056
0 0.271875 0.709028 0.023438 0.031944
0 0.929688 0.148611 0.017188 0.033333
0 0.309375 0.650694 0.014063 0.045833
0 0.341406 0.626389 0.014063 0.033333
0 0.030469 0.672222 0.017188 0.033333
0 0.847656 0.552778 0.018750 0.036111
0 0.043359 0.146528 0.027344 0.034722
0 0.099219 0.935417 0.020313 0.045833
0 0.611719 0.906250 0.023438 0.043056
0 0.022656 0.293056 0.018750 0.025000
0 0.954297 0.045139 0.021094 0.031944
0 0.646484 0.191667 0.024219 0.036111
0 0.364844 0.346528 0.017188 0.029167
0 0.327344 0.798611 0.014063 0.036111
0 0.102344 0.707639 0.025000 0.034722
0 0.387500 0.347222 0.021875 0.044444
0 0.250000 0.100694 0.017188 0.043056
0 0.495703 0.947917 0.014844 0.037500
0 0.112500 0.633333 0.015625 0.025000
0 0.416406 0.809722 0.028125 0.036111
0 0.901953 0.183333 0.025781 0.036111
0 0.648047 0.312500 0.014844 0.027778
0 0.636328 0.878472 0.016406 0.037500
0 0.025781 0.870833 0.014063 0.050000
0 0.220703 0.658333 0.025781 0.025000
1 0.894141 0.355556 0.144531 0.266667
1 0.270703 0.455556 0.138281 0.269444
1 0.700391 0.683333 0.146094 0.280556
1 0.478125 0.481944 0.171875 0.186111
1 0.513281 0.741667 0.154688 0.283333
1 0.087891 0.324306 0.097656 0.290278
1 0.733984 0.186111 0.133594 0.261111