0 0.939453 0.523438 0.039062 0.058594
0 0.178711 0.105469 0.056641 0.046875
0 0.235352 0.183594 0.044922 0.050781
0 0.058594 0.918945 0.042969 0.052734
0 0.242188 0.644531 0.054688 0.031250
0 0.180664 0.603516 0.052734 0.058594
0 0.142578 0.180664 0.031250 0.033203
0 0.052734 0.398438 0.058594 0.031250
0 0.228516 0.954102 0.058594 0.048828
0 0.667969 0.349609 0.035156 0.039062
0 0.953125 0.401367 0.039062 0.041016
0 0.363281 0.662109 0.039062 0.039062
0 0.957031 0.646484 0.035156 0.035156
0 0.064453 0.269531 0.046875 0.039062
0 0.413086 0.284180 0.041016 0.044922
0 0.072266 0.597656 0.035156 0.035156
0 0.937500 0.080078 0.050781 0.042969
0 0.633789 0.903320 0.044922 0.052734
0 0.847656 0.498047 0.035156 0.046875
0 0.921875 0.224609 0.042969 0.050781
0 0.302734 0.252930 0.058594 0.037109
0 0.947266 0.731445 0.042969 0.033203
0 0.278320 0.314453 0.037109 0.058594
0 0.419922 0.422852 0.058594 0.048828
0 0.269531 0.581055 0.035156 0.044922
0 0.059570 0.531250 0.037109 0.035156
0 0.115234 0.083984 0.050781 0.054688
0 0.559570 0.393555 0.044922 0.048828
0 0.860352 0.441406 0.033203 0.031250
0 0.090820 0.216797 0.033203 0.039062
0 0.133789 0.889648 0.048828 0.033203
0 0.822266 0.604492 0.039062 0.044922
0 0.638672 0.299805 0.058594 0.037109
0 0.390625 0.351562 0.031250 0.042969
0 0.507812 0.318359 0.050781 0.058594
0 0.049805 0.077148 0.041016 0.041016
0 0.498047 0.426758 0.058594 0.037109
0 0.126953 0.265625 0.054688 0.039062
0 0.894531 0.379883 0.058594 0.056641
0 0.942383 0.587891 0.044922 0.042969
0 0.772461 0.391602 0.052734 0.037109
1 0.470703 0.159180 0.242188 0.169922
1 0.708008 0.564453 0.169922 0.269531
1 0.169922 0.772461 0.269531 0.185547
1 0.480469 0.588867 0.156250 0.220703
1 0.468750 0.853516 0.226562 0.226562
1 0.217773 0.451172 0.228516 0.164062
1 0.761719 0.148438 0.261719 0.207031
1 0.819336 0.848633 0.177734 0.162109