0 0.616016 0.146528 0.014844 0.031944
0 0.441406 0.442361 0.021875 0.034722
0 0.288281 0.113194 0.015625 0.029167
0 0.195312 0.197222 0.021875 0.050000
0 0.133984 0.935417 0.027344 0.037500
0 0.291797 0.459722 0.016406 0.050000
0 0.019141 0.529861 0.014844 0.031944
0 0.819922 0.066667 0.016406 0.041667
0 0.397656 0.482639 0.018750 0.034722
0 0.660547 0.106944 0.019531 0.027778
0 0.115625 0.134028 0.014063 0.031944
0 0.235937 0.163194 0.025000 0.026389
0 0.749609 0.223611 0.017969 0.038889
0 0.857031 0.084722 0.026562 0.047222
0 0.884375 0.243056 0.021875 0.038889
0 0.321484 0.144444 0.022656 0.041667
0 0.657031 0.806944 0.015625 0.025000
0 0.084375 0.466667 0.015625 0.050000
0 0.039844 0.907639 0.021875 0.034722
0 0.406641 0.946528 0.017969 0.048611
0 0.030469 0.694444 0.021875 0.050000
0 0.975000 0.665972 0.025000 0.037500
0 0.442969 0.673611 0.017188 0.030556
0 0.834375 0.927083 0.025000 0.034722
0 0.190625 0.251389 0.028125 0.038889
0 0.448437 0.040278 0.028125 0.044444
0 0.235937 0.281944 0.014063 0.027778
0 0.442969 0.573611 0.026562 0.025000
0 0.542969 0.322222 0.017188 0.044444
0 0.218359 0.740278 0.016406 0.038889
0 0.571094 0.156250 0.015625 0.031944
0 0.036719 0.793056 0.017188 0.036111
0 0.862109 0.335417 0.016406 0.043056
0 0.044531 0.520833 0.025000 0.041667
0 0.691016 0.120139 0.027344 0.034722
0 0.741406 0.679167 0.023438 0.036111
0 0.937109 0.750694 0.022656 0.048611
0 0.958594 0.707639 0.014063 0.026389
0 0.564453 0.209722 0.021094 0.027778
0 0.259375 0.734722 0.018750 0.036111
0 0.867969 0.763194 0.028125 0.029167
0 0.883594 0.037500 0.014063 0.038889
0 0.391016 0.599306 0.016406 0.031944
0 0.916797 0.229861 0.025781 0.034722
0 0.321094 0.253472 0.025000 0.031944
0 0.969922 0.358333 0.017969 0.033333
0 0.635547 0.051389 0.027344 0.041667
0 0.288281 0.322222 0.018750 0.047222
0 0.489453 0.131944 0.014844 0.041667
0 0.777734 0.186806 0.027344 0.037500
0 0.148828 0.038889 0.019531 0.044444
0 0.792578 0.271528 0.022656 0.034722
0 0.522656 0.152778 0.015625 0.050000
0 0.212891 0.363889 0.014844 0.041667
0 0.201563 0.897917 0.015625 0.029167
0 0.445312 0.901389 0.026562 0.047222
0 0.224219 0.059722 0.021875 0.036111
0 0.144922 0.486111 0.021094 0.047222
0 0.225391 0.910417 0.016406 0.043056
0 0.164844 0.143056 0.017188 0.041667
0 0.947266 0.240278 0.014844 0.027778
0 0.451562 0.606944 0.017188 0.025000
0 0.457813 0.380556 0.025000 0.027778
0 0.077734 0.085417 0.016406 0.029167
0 0.423438 0.760417 0.025000 0.026389
0 0.248828 0.109722 0.027344 0.050000
0 0.593359 0.247917 0.017969 0.048611
0 0.027344 0.958333 0.028125 0.033333
0 0.638281 0.509722 0.023438 0.033333
0 0.291406 0.036806 0.025000 0.031944
0 0.267969 0.962500 0.018750 0.036111
1 0.748437 0.844444 0.137500 0.202778
1 0.088672 0.308333 0.119531 0.205556
1 0.130469 0.703472 0.145313 0.279167
1 0.537891 0.527778 0.146094 0.233333
1 0.678125 0.288194 0.106250 0.195833
1 0.334766 0.788194 0.099219 0.254167
1 0.853516 0.590278 0.169531 0.252778
1 0.552344 0.822917 0.162500 0.259722
1 0.395313 0.246528 0.112500 0.179167