0 0.954297 0.135417 0.016406 0.034722
0 0.068359 0.829167 0.027344 0.025000
0 0.946094 0.756944 0.015625 0.047222
0 0.091016 0.712500 0.022656 0.033333
0 0.848437 0.066667 0.028125 0.050000
0 0.178516 0.140972 0.014844 0.040278
0 0.223438 0.258333 0.018750 0.036111
0 0.969531 0.599306 0.021875 0.037500
0 0.425391 0.619444 0.014844 0.038889
0 0.498047 0.135417 0.016406 0.026389
0 0.067187 0.102778 0.025000 0.025000
0 0.331250 0.326389 0.021875 0.047222
0 0.164844 0.920833 0.025000 0.027778
0 0.112109 0.256250 0.025781 0.048611
0 0.188281 0.720833 0.017188 0.033333
0 0.809766 0.840278 0.027344 0.044444
0 0.533594 0.115278 0.021875 0.025000
0 0.051172 0.786111 0.021094 0.050000
0 0.758594 0.275000 0.025000 0.036111
0 0.262109 0.267361 0.021094 0.045833
0 0.856641 0.115278 0.016406 0.033333
0 0.515625 0.487500 0.026562 0.030556
0 0.020313 0.872222 0.021875 0.036111
0 0.293359 0.236806 0.025781 0.048611
0 0.175000 0.851389 0.017188 0.038889
0 0.698438 0.688889 0.014063 0.047222
0 0.244531 0.356944 0.020313 0.025000
0 0.920312 0.487500 0.025000 0.047222
0 0.809766 0.372222 0.025781 0.041667
0 0.706641 0.313889 0.027344 0.027778
0 0.598047 0.331250 0.027344 0.034722
0 0.100000 0.827083 0.017188 0.045833
0 0.856250 0.941667 0.023438 0.027778
0 0.584375 0.431250 0.014063 0.048611
0 0.852344 0.161111 0.021875 0.025000
0 0.907813 0.147222 0.025000 0.047222
0 0.818750 0.312500 0.017188 0.025000
0 0.302344 0.313889 0.026562 0.044444
0 0.054297 0.738889 0.014844 0.025000
0 0.557813 0.295833 0.018750 0.033333
0 0.432422 0.137500 0.027344 0.036111
0 0.343750 0.690972 0.015625 0.031944
0 0.127344 0.143750 0.015625 0.043056
0 0.157812 0.722222 0.028125 0.047222
0 0.181641 0.223611 0.014844 0.041667
0 0.166016 0.966667 0.024219 0.027778
0 0.976953 0.699306 0.017969 0.048611
0 0.894922 0.784722 0.027344 0.027778
0 0.961328 0.831250 0.021094 0.040278
0 0.351953 0.091667 0.027344 0.030556
0 0.214844 0.701389 0.017188 0.047222
0 0.801953 0.884722 0.022656 0.025000
0 0.394141 0.662500 0.016406 0.041667
0 0.523047 0.072222 0.016406 0.038889
0 0.087109 0.606250 0.016406 0.034722
0 0.064062 0.681250 0.014063 0.031944
0 0.844141 0.818056 0.027344 0.038889
0 0.132031 0.772222 0.018750 0.030556
0 0.383203 0.543056 0.017969 0.030556
0 0.382812 0.059722 0.025000 0.036111
0 0.141016 0.815278 0.017969 0.025000
0 0.031641 0.194444 0.016406 0.050000
0 0.175781 0.043750 0.017188 0.029167
0 0.941797 0.595833 0.019531 0.030556
0 0.258594 0.211806 0.023438 0.045833
0 0.432031 0.031250 0.017188 0.029167
0 0.360156 0.164583 0.017188 0.031944
0 0.889062 0.843056 0.014063 0.033333
0 0.125000 0.682639 0.028125 0.037500
0 0.596484 0.254861 0.024219 0.031944
0 0.564453 0.255556 0.027344 0.025000
0 0.142969 0.071528 0.014063 0.040278
0 0.207813 0.149306 0.020313 0.048611
0 0.569922 0.335417 0.017969 0.034722
0 0.047656 0.066667 0.017188 0.036111
0 0.780859 0.408333 0.021094 0.047222
0 0.973047 0.478472 0.019531 0.045833
0 0.661328 0.314583 0.016406 0.045833
0 0.944922 0.443750 0.017969 0.037500
0 0.947656 0.496528 0.015625 0.037500
0 0.578906 0.056250 0.015625 0.031944
0 0.793359 0.185417 0.017969 0.026389
0 0.714844 0.620833 0.017188 0.033333
0 0.424609 0.861806 0.022656 0.034722
0 0.051172 0.889583 0.019531 0.048611
0 0.885547 0.032639 0.014844 0.026389
0 0.975000 0.958333 0.015625 0.041667
0 0.908984 0.079167 0.014844 0.041667
0 0.617188 0.651389 0.021875 0.025000
0 0.246875 0.042361 0.023438 0.034722
0 0.901953 0.936111 0.025781 0.030556
0 0.037891 0.407639 0.019531 0.026389
0 0.806641 0.924306 0.025781 0.037500
0 0.269531 0.364583 0.023438 0.034722
0 0.023047 0.131944 0.019531 0.036111
0 0.325781 0.249306 0.018750 0.048611
0 0.605859 0.952083 0.021094 0.045833
0 0.148047 0.177778 0.019531 0.038889
0 0.966406 0.060417 0.017188 0.048611
0 0.624609 0.498611 0.014844 0.027778
0 0.091406 0.052778 0.023438 0.044444
0 0.561328 0.398611 0.019531 0.038889
0 0.024219 0.254861 0.014063 0.043056
0 0.028906 0.965278 0.017188 0.027778
0 0.083594 0.949306 0.018750 0.045833
1 0.701953 0.474306 0.105469 0.195833
1 0.521094 0.602778 0.137500 0.177778
1 0.291016 0.492361 0.152344 0.204167
1 0.456250 0.314583 0.134375 0.268056
1 0.903125 0.302083 0.121875 0.212500
1 0.707422 0.823611 0.139844 0.197222
1 0.530078 0.823611 0.169531 0.183333
1 0.678125 0.175694 0.121875 0.215278
1 0.316406 0.830556 0.168750 0.202778