0 0.110352 0.217773 0.033203 0.044922
0 0.583984 0.383789 0.058594 0.037109
0 0.897461 0.119141 0.056641 0.058594
0 0.705078 0.041992 0.054688 0.041016
0 0.604492 0.634766 0.044922 0.031250
0 0.729492 0.568359 0.052734 0.046875
0 0.755859 0.340820 0.050781 0.052734
0 0.419922 0.903320 0.035156 0.037109
0 0.106445 0.908203 0.041016 0.031250
0 0.336914 0.789062 0.044922 0.039062
0 0.428711 0.582031 0.037109 0.042969
0 0.856445 0.334961 0.056641 0.048828
0 0.902344 0.891602 0.058594 0.037109
0 0.161133 0.236328 0.041016 0.039062
0 0.894531 0.511719 0.042969 0.046875
0 0.291992 0.648438 0.041016 0.042969
0 0.817383 0.514648 0.056641 0.041016
0 0.492188 0.601562 0.031250 0.042969
0 0.637695 0.497070 0.048828 0.044922
0 0.109375 0.130859 0.054688 0.050781
0 0.335938 0.417969 0.058594 0.054688
0 0.075195 0.519531 0.041016 0.035156
0 0.375000 0.318359 0.031250 0.042969
0 0.798828 0.191406 0.046875 0.054688
0 0.346680 0.853516 0.041016 0.058594
0 0.039062 0.213867 0.042969 0.033203
0 0.404297 0.382812 0.046875 0.050781
0 0.149414 0.495117 0.041016 0.052734
0 0.392578 0.638672 0.054688 0.046875
0 0.937500 0.379883 0.035156 0.037109
0 0.777344 0.125000 0.046875 0.050781
0 0.521484 0.372070 0.042969 0.041016
0 0.780273 0.264648 0.048828 0.041016
0 0.783203 0.394531 0.046875 0.031250
0 0.747070 0.937500 0.041016 0.042969
0 0.130859 0.642578 0.046875 0.042969
0 0.569336 0.512695 0.048828 0.056641
0 0.328125 0.920898 0.035156 0.037109
0 0.888672 0.439453 0.046875 0.031250
0 0.817383 0.918945 0.037109 0.037109
0 0.871094 0.247070 0.031250 0.037109
0 0.207031 0.047852 0.058594 0.033203
1 0.542969 0.769531 0.218750 0.140625
1 0.862305 0.729492 0.220703 0.251953
1 0.341797 0.172852 0.160156 0.142578
1 0.562500 0.216797 0.226562 0.234375
1 0.175781 0.380859 0.226562 0.136719
1 0.149414 0.763672 0.193359 0.179688