0 0.308594 0.592773 0.042969 0.044922
0 0.893555 0.096680 0.056641 0.041016
0 0.727539 0.650391 0.037109 0.046875
0 0.933594 0.809570 0.039062 0.056641
0 0.930664 0.198242 0.052734 0.033203
0 0.817383 0.785156 0.041016 0.035156
0 0.825195 0.662109 0.056641 0.039062
0 0.711914 0.480469 0.048828 0.042969
0 0.614258 0.067383 0.041016 0.041016
0 0.054688 0.355469 0.050781 0.031250
0 0.150391 0.640625 0.054688 0.050781
0 0.119141 0.486328 0.039062 0.039062
0 0.706055 0.051758 0.037109 0.048828
0 0.725586 0.394531 0.048828 0.050781
0 0.730469 0.190430 0.046875 0.037109
0 0.513672 0.830078 0.031250 0.046875
0 0.047852 0.164062 0.056641 0.042969
0 0.738281 0.238281 0.039062 0.042969
0 0.771484 0.131836 0.054688 0.052734
0 0.408203 0.749023 0.031250 0.037109
0 0.083008 0.543945 0.044922 0.052734
0 0.466797 0.894531 0.050781 0.054688
0 0.906250 0.667969 0.031250 0.031250
0 0.116211 0.109375 0.033203 0.050781
0 0.680664 0.265625 0.041016 0.058594
0 0.916992 0.936523 0.033203 0.041016
0 0.089844 0.775391 0.035156 0.046875
0 0.855469 0.849609 0.039062 0.050781
0 0.079102 0.945312 0.044922 0.046875
0 0.631836 0.246094 0.041016 0.042969
0 0.695312 0.339844 0.035156 0.031250
0 0.399414 0.860352 0.048828 0.041016
0 0.334961 0.932617 0.041016 0.052734
0 0.805664 0.044922 0.052734 0.054688
0 0.427734 0.473633 0.035156 0.052734
0 0.646484 0.349609 0.042969 0.046875
0 0.406250 0.914062 0.035156 0.031250
0 0.500000 0.714844 0.050781 0.031250
0 0.518555 0.486328 0.041016 0.035156
0 0.853516 0.158203 0.031250 0.046875
0 0.040039 0.704102 0.033203 0.056641
0 0.655273 0.404297 0.048828 0.031250
0 0.042969 0.849609 0.054688 0.054688
0 0.268555 0.540039 0.041016 0.033203
0 0.291016 0.651367 0.058594 0.033203
0 0.610352 0.685547 0.052734 0.054688
0 0.746094 0.320312 0.046875 0.050781
0 0.152344 0.375977 0.046875 0.048828
0 0.362305 0.538086 0.044922 0.052734
0 0.374023 0.285156 0.044922 0.035156
1 0.246094 0.783203 0.242188 0.207031
1 0.657227 0.849609 0.240234 0.253906
1 0.484375 0.599609 0.144531 0.148438
1 0.536133 0.362305 0.138672 0.169922
1 0.292969 0.398438 0.183594 0.171875
1 0.235352 0.140625 0.189453 0.226562
1 0.889648 0.370117 0.185547 0.228516
1 0.447266 0.132812 0.179688 0.179688