0 0.581055 0.592773 0.041016 0.041016
0 0.849609 0.471680 0.050781 0.052734
0 0.614258 0.141602 0.056641 0.044922
0 0.899414 0.383789 0.056641 0.052734
0 0.269531 0.550781 0.035156 0.039062
0 0.925781 0.203125 0.046875 0.058594
0 0.355469 0.955078 0.046875 0.042969
0 0.836914 0.962891 0.033203 0.042969
0 0.905273 0.750000 0.044922 0.058594
0 0.393555 0.542969 0.033203 0.039062
0 0.290039 0.289062 0.056641 0.031250
0 0.698242 0.871094 0.041016 0.039062
0 0.613281 0.471680 0.046875 0.056641
0 0.360352 0.413086 0.048828 0.033203
0 0.197266 0.494141 0.050781 0.035156
0 0.631836 0.880859 0.041016 0.035156
0 0.576172 0.530273 0.042969 0.041016
0 0.090820 0.343750 0.041016 0.050781
0 0.743164 0.479492 0.048828 0.044922
0 0.962891 0.306641 0.042969 0.046875
0 0.438477 0.481445 0.041016 0.048828
0 0.190430 0.355469 0.044922 0.054688
0 0.613281 0.802734 0.031250 0.050781
0 0.759766 0.918945 0.046875 0.033203
0 0.482422 0.874023 0.046875 0.037109
0 0.926758 0.612305 0.048828 0.037109
0 0.121094 0.556641 0.035156 0.031250
0 0.432617 0.295898 0.041016 0.048828
0 0.289062 0.852539 0.046875 0.033203
0 0.801758 0.139648 0.052734 0.048828
0 0.041992 0.392578 0.041016 0.046875
0 0.842773 0.736328 0.041016 0.046875
0 0.250977 0.399414 0.052734 0.041016
0 0.555664 0.155273 0.041016 0.041016
0 0.110352 0.870117 0.056641 0.048828
0 0.746094 0.185547 0.031250 0.042969
0 0.732422 0.109375 0.035156 0.039062
0 0.790039 0.809570 0.052734 0.044922
0 0.527344 0.958984 0.039062 0.039062
0 0.078125 0.454102 0.054688 0.052734
0 0.674805 0.479492 0.048828 0.056641
0 0.390625 0.040039 0.031250 0.041016
0 0.208008 0.550781 0.033203 0.039062
1 0.365234 0.708008 0.234375 0.240234
1 0.372070 0.187500 0.205078 0.148438
1 0.710938 0.635742 0.199219 0.197266
1 0.144531 0.702148 0.152344 0.244141
1 0.709961 0.324219 0.267578 0.191406
1 0.120117 0.100586 0.185547 0.158203