0 0.669922 0.831055 0.035156 0.033203
0 0.901367 0.041016 0.052734 0.050781
0 0.338867 0.511719 0.041016 0.039062
0 0.616211 0.331055 0.056641 0.041016
0 0.816406 0.778320 0.039062 0.048828
0 0.427734 0.444336 0.058594 0.048828
0 0.811523 0.911133 0.033203 0.041016
0 0.582031 0.836914 0.046875 0.044922
0 0.868164 0.294922 0.056641 0.042969
0 0.694336 0.767578 0.044922 0.035156
0 0.083008 0.509766 0.033203 0.050781
0 0.361328 0.930664 0.039062 0.052734
0 0.165039 0.182617 0.056641 0.037109
0 0.349609 0.327148 0.042969 0.037109
0 0.905273 0.360352 0.033203 0.052734
0 0.677734 0.143555 0.058594 0.048828
0 0.813477 0.352539 0.041016 0.037109
0 0.046875 0.437500 0.031250 0.046875
0 0.863281 0.924805 0.035156 0.052734
0 0.184570 0.549805 0.037109 0.048828
0 0.908203 0.122070 0.054688 0.052734
0 0.788086 0.682617 0.037109 0.044922
0 0.326172 0.052734 0.031250 0.039062
0 0.899414 0.187500 0.041016 0.054688
0 0.160156 0.249023 0.054688 0.041016
0 0.085938 0.252930 0.058594 0.056641
0 0.284180 0.528320 0.052734 0.044922
0 0.682617 0.223633 0.044922 0.041016
0 0.773438 0.423828 0.035156 0.054688
0 0.797852 0.181641 0.037109 0.042969
0 0.410156 0.336914 0.039062 0.033203
0 0.163086 0.108398 0.033203 0.033203
0 0.107422 0.425781 0.039062 0.042969
0 0.088867 0.945312 0.041016 0.046875
0 0.674805 0.402344 0.048828 0.042969
0 0.825195 0.098633 0.041016 0.033203
0 0.723633 0.084961 0.044922 0.048828
0 0.758789 0.752930 0.056641 0.044922
0 0.067383 0.731445 0.052734 0.048828
0 0.399414 0.752930 0.033203 0.052734
1 0.237305 0.796875 0.177734 0.207031
1 0.544922 0.622070 0.261719 0.162109
1 0.516602 0.171875 0.212891 0.226562
1 0.219727 0.402344 0.158203 0.156250
1 0.907227 0.642578 0.150391 0.148438
1 0.292969 0.164062 0.148438 0.167969