0 0.907813 0.512500 0.021875 0.033333
0 0.684375 0.840278 0.023438 0.025000
0 0.706250 0.324306 0.023438 0.034722
0 0.127344 0.429861 0.018750 0.026389
0 0.440234 0.769444 0.014844 0.030556
0 0.481641 0.957639 0.025781 0.043056
0 0.275781 0.047222 0.025000 0.025000
0 0.800000 0.916667 0.017188 0.027778
0 0.055078 0.295833 0.022656 0.041667
0 0.800391 0.157639 0.024219 0.029167
0 0.718359 0.200000 0.021094 0.025000
0 0.976953 0.218056 0.022656 0.038889
0 0.666406 0.170833 0.015625 0.050000
0 0.571484 0.408333 0.025781 0.036111
0 0.705078 0.141667 0.027344 0.036111
0 0.117969 0.686806 0.028125 0.029167
0 0.115234 0.922222 0.014844 0.025000
0 0.287109 0.583333 0.014844 0.044444
0 0.020313 0.834722 0.018750 0.044444
0 0.954297 0.115972 0.024219 0.026389
0 0.302734 0.486111 0.022656 0.030556
0 0.557813 0.048611 0.021875 0.050000
0 0.301172 0.928472 0.021094 0.040278
0 0.373828 0.510417 0.017969 0.048611
0 0.734375 0.922222 0.025000 0.047222
0 0.427344 0.083333 0.020313 0.025000
0 0.645703 0.420139 0.014844 0.034722
0 0.871484 0.049306 0.024219 0.040278
0 0.700781 0.963194 0.023438 0.029167
0 0.525000 0.447222 0.020313 0.044444
0 0.325000 0.606250 0.018750 0.043056
0 0.471484 0.106944 0.016406 0.038889
0 0.492578 0.861806 0.021094 0.048611
0 0.827734 0.916667 0.025781 0.050000
0 0.485156 0.761111 0.015625 0.038889
0 0.754687 0.134722 0.021875 0.025000
0 0.204687 0.771528 0.018750 0.040278
0 0.268750 0.480556 0.015625 0.030556
0 0.094531 0.603472 0.028125 0.029167
0 0.835156 0.130556 0.014063 0.041667
0 0.795312 0.215972 0.018750 0.040278
0 0.942969 0.340972 0.023438 0.031944
0 0.605469 0.055556 0.020313 0.041667
0 0.629687 0.565972 0.025000 0.031944
0 0.459766 0.897222 0.027344 0.030556
0 0.327344 0.498611 0.015625 0.050000
0 0.878906 0.290972 0.028125 0.045833
0 0.118750 0.833333 0.021875 0.030556
0 0.065234 0.953472 0.027344 0.037500
0 0.231250 0.038889 0.028125 0.025000
0 0.283594 0.747222 0.015625 0.027778
0 0.247266 0.786806 0.017969 0.045833
0 0.286719 0.404167 0.020313 0.041667
0 0.235937 0.877083 0.025000 0.048611
0 0.308594 0.407639 0.015625 0.031944
0 0.610156 0.894444 0.020313 0.027778
0 0.636328 0.940278 0.014844 0.030556
0 0.437891 0.479167 0.025781 0.041667
0 0.387500 0.911806 0.021875 0.043056
0 0.222656 0.486111 0.028125 0.030556
0 0.732422 0.286111 0.017969 0.036111
0 0.388672 0.120139 0.027344 0.037500
0 0.035156 0.648611 0.025000 0.047222
0 0.089063 0.757639 0.028125 0.029167
0 0.073438 0.559722 0.014063 0.033333
0 0.938281 0.168750 0.014063 0.026389
0 0.969141 0.927778 0.025781 0.050000
0 0.923047 0.574306 0.014844 0.040278
0 0.312109 0.091667 0.019531 0.041667
0 0.644922 0.234722 0.019531 0.044444
0 0.206250 0.831250 0.018750 0.031944
0 0.271484 0.661806 0.016406 0.048611
0 0.030469 0.102083 0.017188 0.045833
0 0.901172 0.956250 0.014844 0.040278
0 0.893359 0.336111 0.019531 0.027778
0 0.345313 0.054167 0.023438 0.044444
0 0.656250 0.553472 0.014063 0.048611
0 0.861719 0.097917 0.014063 0.034722
0 0.914453 0.167361 0.016406 0.040278
0 0.966406 0.831250 0.026562 0.043056
0 0.331641 0.148611 0.025781 0.033333
0 0.412891 0.613194 0.025781 0.048611
0 0.883984 0.524306 0.016406 0.043056
0 0.031641 0.750694 0.021094 0.029167
0 0.749219 0.870139 0.023438 0.031944
0 0.834375 0.090972 0.026562 0.026389
0 0.523047 0.765972 0.019531 0.031944
0 0.667578 0.906944 0.025781 0.038889
0 0.539453 0.387500 0.021094 0.030556
0 0.600781 0.464583 0.021875 0.026389
0 0.153906 0.777778 0.017188 0.050000
0 0.602734 0.947917 0.019531 0.048611
0 0.680859 0.277778 0.016406 0.030556
0 0.837500 0.678472 0.026562 0.037500
0 0.026953 0.246528 0.021094 0.045833
0 0.938672 0.227778 0.025781 0.047222
0 0.336328 0.924306 0.019531 0.026389
0 0.856641 0.134028 0.017969 0.026389
0 0.892188 0.181944 0.020313 0.047222
0 0.042578 0.496528 0.027344 0.029167
0 0.021875 0.438889 0.025000 0.027778
0 0.619141 0.838194 0.025781 0.043056
0 0.030469 0.595139 0.014063 0.029167
0 0.886719 0.867361 0.023438 0.037500
0 0.523047 0.323611 0.016406 0.027778
0 0.033594 0.704861 0.023438 0.031944
0 0.659375 0.475000 0.025000 0.050000
0 0.058594 0.372222 0.025000 0.050000
1 0.808594 0.410417 0.096875 0.229167
1 0.190625 0.620139 0.101562 0.218056
1 0.533984 0.615972 0.153906 0.234722
1 0.290234 0.272222 0.121094 0.169444
1 0.916406 0.711111 0.095312 0.177778
1 0.735547 0.715972 0.166406 0.201389
1 0.361719 0.763194 0.125000 0.184722
1 0.102734 0.127778 0.097656 0.172222
1 0.558984 0.195833 0.138281 0.188889
1 0.418750 0.308333 0.100000 0.280556