0 0.371094 0.239258 0.054688 0.033203
0 0.916016 0.442383 0.042969 0.041016
0 0.892578 0.063477 0.035156 0.037109
0 0.901367 0.915039 0.048828 0.033203
0 0.648438 0.511719 0.058594 0.058594
0 0.518555 0.742188 0.044922 0.031250
0 0.775391 0.117188 0.046875 0.031250
0 0.177734 0.556641 0.054688 0.054688
0 0.627930 0.665039 0.056641 0.037109
0 0.209961 0.350586 0.033203 0.052734
0 0.210938 0.835938 0.035156 0.031250
0 0.412109 0.405273 0.058594 0.037109
0 0.106445 0.907227 0.044922 0.041016
0 0.046875 0.269531 0.042969 0.050781
0 0.637695 0.067383 0.044922 0.056641
0 0.374023 0.124023 0.052734 0.041016
0 0.674805 0.136719 0.056641 0.042969
0 0.301758 0.771484 0.033203 0.031250
0 0.784180 0.530273 0.037109 0.056641
0 0.759766 0.169922 0.054688 0.035156
0 0.510742 0.359375 0.044922 0.058594
0 0.568359 0.069336 0.031250 0.044922
0 0.377930 0.306641 0.052734 0.035156
0 0.042969 0.896484 0.050781 0.042969
0 0.853516 0.504883 0.031250 0.044922
0 0.046875 0.480469 0.054688 0.050781
0 0.063477 0.618164 0.037109 0.041016
0 0.955078 0.903320 0.035156 0.033203
0 0.932617 0.500000 0.056641 0.058594
0 0.090820 0.186523 0.044922 0.044922
0 0.351562 0.179688 0.031250 0.042969
0 0.685547 0.420898 0.058594 0.048828
0 0.388672 0.059570 0.039062 0.037109
0 0.184570 0.957031 0.037109 0.035156
0 0.743164 0.937500 0.056641 0.039062
0 0.807617 0.921875 0.048828 0.058594
0 0.258789 0.948242 0.044922 0.041016
0 0.404297 0.791992 0.031250 0.052734
1 0.536133 0.224609 0.189453 0.164062
1 0.811523 0.292969 0.224609 0.160156
1 0.231445 0.162109 0.158203 0.230469
1 0.833008 0.745117 0.205078 0.263672
1 0.439453 0.582031 0.253906 0.261719
1 0.152344 0.723633 0.140625 0.142578
1 0.573242 0.893555 0.259766 0.177734