0 0.561328 0.514583 0.019531 0.034722
0 0.384766 0.104861 0.025781 0.048611
0 0.104688 0.216667 0.025000 0.038889
0 0.970703 0.211111 0.024219 0.047222
0 0.702734 0.202083 0.016406 0.043056
0 0.730469 0.863889 0.020313 0.027778
0 0.621484 0.881944 0.027344 0.044444
0 0.034766 0.387500 0.017969 0.030556
0 0.138281 0.272917 0.018750 0.026389
0 0.170313 0.607639 0.020313 0.031944
0 0.274219 0.047222 0.026562 0.050000
0 0.393359 0.275000 0.022656 0.033333
0 0.207813 0.043750 0.014063 0.037500
0 0.627734 0.645139 0.014844 0.040278
0 0.493359 0.834722 0.025781 0.027778
0 0.115234 0.441667 0.025781 0.041667
0 0.970313 0.277778 0.015625 0.047222
0 0.051953 0.742361 0.019531 0.026389
0 0.321094 0.093056 0.020313 0.027778
0 0.195703 0.090278 0.016406 0.025000
0 0.674609 0.895139 0.014844 0.031944
0 0.305859 0.052778 0.016406 0.033333
0 0.741797 0.416667 0.017969 0.027778
0 0.756641 0.890972 0.017969 0.029167
0 0.308594 0.860417 0.025000 0.037500
0 0.451172 0.851389 0.016406 0.030556
0 0.544141 0.945139 0.025781 0.040278
0 0.037500 0.792361 0.021875 0.048611
0 0.332422 0.195139 0.022656 0.048611
0 0.140234 0.592361 0.016406 0.045833
0 0.243750 0.181250 0.017188 0.029167
0 0.804688 0.324306 0.026562 0.043056
0 0.959766 0.568750 0.021094 0.045833
0 0.745703 0.310417 0.021094 0.031944
0 0.124609 0.513889 0.027344 0.044444
0 0.667969 0.162500 0.026562 0.027778
0 0.447656 0.956944 0.025000 0.033333
0 0.146875 0.670833 0.014063 0.027778
0 0.627344 0.053472 0.014063 0.043056
0 0.905859 0.629167 0.019531 0.044444
0 0.046875 0.286111 0.018750 0.036111
0 0.310937 0.954861 0.017188 0.031944
0 0.349219 0.038194 0.015625 0.043056
0 0.237109 0.881250 0.021094 0.043056
0 0.536328 0.054861 0.017969 0.026389
0 0.371875 0.956250 0.014063 0.043056
0 0.754687 0.497222 0.017188 0.025000
0 0.917188 0.375000 0.017188 0.047222
0 0.214844 0.197222 0.021875 0.050000
0 0.601172 0.075000 0.025781 0.050000
0 0.785937 0.872222 0.020313 0.025000
0 0.470313 0.106250 0.014063 0.026389
0 0.690234 0.079861 0.016406 0.048611
0 0.598437 0.529167 0.026562 0.041667
0 0.371875 0.058333 0.018750 0.027778
0 0.103516 0.342361 0.016406 0.029167
0 0.710547 0.149306 0.022656 0.045833
0 0.962500 0.456944 0.028125 0.050000
0 0.771484 0.125694 0.022656 0.034722
0 0.835547 0.330556 0.021094 0.050000
0 0.065625 0.238194 0.014063 0.048611
0 0.369922 0.304167 0.016406 0.030556
0 0.799219 0.249306 0.028125 0.045833
0 0.033203 0.447222 0.019531 0.041667
0 0.065234 0.809722 0.016406 0.050000
0 0.329688 0.571528 0.015625 0.026389
0 0.058984 0.090278 0.024219 0.027778
0 0.650391 0.888889 0.021094 0.038889
0 0.812109 0.139583 0.019531 0.034722
0 0.733594 0.061111 0.028125 0.041667
0 0.025391 0.737500 0.022656 0.030556
0 0.619141 0.211111 0.021094 0.030556
0 0.139453 0.186111 0.016406 0.038889
1 0.644531 0.361111 0.160938 0.233333
1 0.789453 0.627778 0.135156 0.208333
1 0.550781 0.706944 0.120313 0.166667
1 0.312891 0.722917 0.153906 0.215278
1 0.138281 0.827083 0.101562 0.209722
1 0.475781 0.274306 0.115625 0.181944
1 0.891797 0.189583 0.122656 0.204167
1 0.235547 0.404167 0.136719 0.286111
1 0.908984 0.861806 0.125781 0.170833