0 0.046875 0.412109 0.042969 0.054688
0 0.484375 0.953125 0.054688 0.058594
0 0.585938 0.814453 0.031250 0.058594
0 0.568359 0.401367 0.035156 0.052734
0 0.622070 0.226562 0.041016 0.031250
0 0.882812 0.941406 0.054688 0.054688
0 0.417969 0.884766 0.042969 0.046875
0 0.953125 0.473633 0.031250 0.044922
0 0.474609 0.393555 0.054688 0.048828
0 0.761719 0.477539 0.054688 0.044922
0 0.232422 0.427734 0.039062 0.035156
0 0.743164 0.685547 0.041016 0.031250
0 0.259766 0.304688 0.039062 0.058594
0 0.311523 0.870117 0.052734 0.041016
0 0.074219 0.635742 0.035156 0.044922
0 0.625000 0.908203 0.054688 0.058594
0 0.441406 0.089844 0.050781 0.031250
0 0.829102 0.767578 0.056641 0.054688
0 0.366211 0.942383 0.041016 0.044922
0 0.921875 0.771484 0.058594 0.058594
0 0.623047 0.710938 0.054688 0.046875
0 0.642578 0.125000 0.042969 0.031250
0 0.051758 0.306641 0.052734 0.031250
0 0.581055 0.159180 0.048828 0.052734
0 0.690430 0.912109 0.041016 0.039062
0 0.218750 0.064453 0.058594 0.054688
0 0.747070 0.172852 0.037109 0.037109
0 0.040039 0.572266 0.033203 0.054688
0 0.567383 0.277344 0.041016 0.035156
0 0.524414 0.672852 0.037109 0.044922
0 0.190430 0.689453 0.037109 0.031250
0 0.556641 0.925781 0.046875 0.039062
0 0.094727 0.361328 0.033203 0.046875
0 0.694336 0.398438 0.056641 0.050781
0 0.696289 0.286133 0.056641 0.052734
0 0.753906 0.833984 0.035156 0.054688
0 0.707031 0.823242 0.035156 0.052734
0 0.555664 0.046875 0.037109 0.050781
0 0.712891 0.743164 0.042969 0.033203
0 0.295898 0.072266 0.041016 0.035156
0 0.625977 0.292969 0.056641 0.031250
0 0.796875 0.234375 0.031250 0.031250
0 0.964844 0.103516 0.031250 0.042969
1 0.415039 0.258789 0.232422 0.205078
1 0.888672 0.610352 0.152344 0.197266
1 0.381836 0.743164 0.212891 0.154297
1 0.862305 0.342773 0.228516 0.158203
1 0.250977 0.559570 0.205078 0.162109
1 0.559570 0.532227 0.244141 0.158203
1 0.850586 0.112305 0.150391 0.173828
1 0.139648 0.834961 0.177734 0.212891
1 0.098633 0.143555 0.146484 0.251953