0 0.023828 0.224306 0.016406 0.037500
0 0.741016 0.825694 0.022656 0.029167
0 0.918359 0.888194 0.017969 0.037500
0 0.194922 0.404167 0.021094 0.044444
0 0.331641 0.183333 0.027344 0.025000
0 0.953125 0.315278 0.014063 0.044444
0 0.022656 0.272222 0.017188 0.036111
0 0.154297 0.318056 0.027344 0.033333
0 0.600781 0.045833 0.028125 0.047222
0 0.026953 0.389583 0.027344 0.026389
0 0.923047 0.810417 0.019531 0.048611
0 0.063281 0.895833 0.017188 0.036111
0 0.698828 0.945833 0.017969 0.050000
0 0.896875 0.119444 0.014063 0.033333
0 0.170313 0.871528 0.018750 0.031944
0 0.515234 0.940972 0.017969 0.031944
0 0.072656 0.029167 0.025000 0.025000
0 0.585156 0.483333 0.026562 0.047222
0 0.139453 0.837500 0.021094 0.038889
0 0.231250 0.895139 0.018750 0.031944
0 0.668359 0.470139 0.021094 0.045833
0 0.630469 0.619444 0.015625 0.027778
0 0.342187 0.656944 0.023438 0.038889
0 0.802344 0.879167 0.023438 0.047222
0 0.853906 0.120139 0.015625 0.031944
0 0.112891 0.240278 0.021094 0.038889
0 0.149609 0.254167 0.014844 0.025000
0 0.068750 0.093750 0.018750 0.026389
0 0.017578 0.610417 0.016406 0.048611
0 0.909375 0.216667 0.026562 0.038889
0 0.097266 0.940278 0.017969 0.047222
0 0.502734 0.388194 0.014844 0.040278
0 0.716797 0.088194 0.017969 0.048611
0 0.921484 0.109028 0.025781 0.026389
0 0.472266 0.322222 0.016406 0.044444
0 0.289844 0.815278 0.017188 0.027778
0 0.671875 0.109722 0.017188 0.036111
0 0.747266 0.788889 0.025781 0.025000
0 0.310156 0.640972 0.015625 0.034722
0 0.554297 0.432639 0.014844 0.045833
0 0.379297 0.551389 0.025781 0.027778
0 0.409375 0.140278 0.028125 0.047222
0 0.027734 0.113194 0.019531 0.026389
0 0.136328 0.052083 0.017969 0.040278
0 0.423438 0.550694 0.020313 0.029167
0 0.034375 0.551389 0.025000 0.025000
0 0.944922 0.942361 0.027344 0.048611
0 0.928125 0.427778 0.028125 0.025000
0 0.165625 0.923611 0.021875 0.041667
0 0.571875 0.142361 0.017188 0.037500
0 0.112500 0.115278 0.025000 0.036111
0 0.508594 0.218750 0.020313 0.048611
0 0.097656 0.752778 0.026562 0.038889
0 0.179688 0.450694 0.025000 0.029167
0 0.461719 0.460417 0.015625 0.029167
0 0.486719 0.957639 0.017188 0.048611
0 0.215234 0.645139 0.016406 0.031944
0 0.302344 0.105556 0.018750 0.038889
0 0.458203 0.092361 0.022656 0.048611
0 0.952734 0.189583 0.027344 0.031944
0 0.458594 0.922917 0.015625 0.034722
0 0.835156 0.838194 0.017188 0.048611
0 0.197266 0.929861 0.017969 0.034722
0 0.514062 0.515972 0.021875 0.031944
0 0.256250 0.802778 0.014063 0.038889
0 0.035547 0.804861 0.024219 0.040278
0 0.057422 0.719444 0.024219 0.027778
0 0.955469 0.265278 0.023438 0.044444
0 0.625000 0.097222 0.018750 0.044444
0 0.916406 0.332639 0.023438 0.031944
0 0.240625 0.404861 0.028125 0.045833
0 0.869141 0.884722 0.025781 0.047222
0 0.239063 0.493750 0.018750 0.037500
0 0.803516 0.817361 0.025781 0.040278
0 0.241016 0.334722 0.019531 0.025000
0 0.190234 0.870139 0.014844 0.037500
0 0.229687 0.947222 0.023438 0.047222
1 0.378906 0.359028 0.129688 0.276389
1 0.892188 0.664583 0.164062 0.220833
1 0.542578 0.668750 0.149219 0.234722
1 0.110547 0.505556 0.094531 0.300000
1 0.616016 0.305556 0.171094 0.186111
1 0.223047 0.145139 0.111719 0.201389
1 0.814844 0.385417 0.153125 0.268056
1 0.355469 0.844444 0.096875 0.205556
1 0.716797 0.654861 0.125781 0.190278