0 0.122070 0.845703 0.052734 0.035156
0 0.695312 0.333984 0.058594 0.058594
0 0.875000 0.293945 0.054688 0.044922
0 0.927734 0.248047 0.031250 0.050781
0 0.861328 0.131836 0.031250 0.041016
0 0.780273 0.588867 0.041016 0.056641
0 0.197266 0.863281 0.046875 0.031250
0 0.270508 0.901367 0.033203 0.033203
0 0.275391 0.720703 0.054688 0.050781
0 0.752930 0.269531 0.056641 0.054688
0 0.967773 0.269531 0.033203 0.054688
0 0.770508 0.714844 0.052734 0.054688
0 0.159180 0.736328 0.048828 0.046875
0 0.375977 0.487305 0.041016 0.048828
0 0.355469 0.321289 0.035156 0.037109
0 0.505859 0.106445 0.058594 0.052734
0 0.665039 0.113281 0.041016 0.046875
0 0.416016 0.096680 0.042969 0.044922
0 0.708008 0.600586 0.044922 0.056641
0 0.408203 0.181641 0.031250 0.046875
0 0.791016 0.084961 0.042969 0.037109
0 0.920898 0.433594 0.041016 0.058594
0 0.880859 0.190430 0.031250 0.033203
0 0.416016 0.667969 0.054688 0.058594
0 0.654297 0.606445 0.046875 0.052734
0 0.425781 0.563477 0.046875 0.048828
0 0.490234 0.039062 0.058594 0.035156
0 0.240234 0.803711 0.042969 0.048828
0 0.310547 0.192383 0.058594 0.052734
0 0.916016 0.527344 0.039062 0.054688
0 0.532227 0.183594 0.056641 0.054688
0 0.068359 0.097656 0.054688 0.050781
1 0.498047 0.353516 0.171875 0.265625
1 0.800781 0.473633 0.164062 0.150391
1 0.155273 0.541016 0.173828 0.246094
1 0.622070 0.791016 0.193359 0.269531
1 0.393555 0.870117 0.177734 0.177734
1 0.157227 0.291016 0.220703 0.191406
1 0.848633 0.853516 0.173828 0.160156