0 0.580469 0.953472 0.018750 0.043056
0 0.710547 0.354167 0.022656 0.044444
0 0.425781 0.113889 0.025000 0.044444
0 0.947656 0.919444 0.021875 0.041667
0 0.585156 0.760417 0.018750 0.031944
0 0.944922 0.409722 0.022656 0.050000
0 0.910937 0.782639 0.017188 0.037500
0 0.970703 0.486806 0.017969 0.040278
0 0.333594 0.183333 0.017188 0.025000
0 0.737891 0.774306 0.016406 0.034722
0 0.727344 0.044444 0.018750 0.027778
0 0.650391 0.764583 0.014844 0.037500
0 0.394922 0.084028 0.024219 0.040278
0 0.631250 0.909722 0.023438 0.044444
0 0.121875 0.483333 0.028125 0.044444
0 0.252344 0.165278 0.017188 0.033333
0 0.072656 0.075694 0.025000 0.029167
0 0.850000 0.911111 0.020313 0.041667
0 0.801172 0.906250 0.017969 0.029167
0 0.623047 0.754861 0.017969 0.029167
0 0.946094 0.684028 0.028125 0.034722
0 0.118750 0.579861 0.026562 0.029167
0 0.946484 0.615278 0.024219 0.044444
0 0.477344 0.950694 0.018750 0.034722
0 0.899219 0.832639 0.014063 0.037500
0 0.364844 0.293056 0.017188 0.038889
0 0.421484 0.368056 0.021094 0.033333
0 0.723828 0.898611 0.022656 0.038889
0 0.042969 0.440972 0.018750 0.031944
0 0.764844 0.903472 0.018750 0.040278
0 0.058203 0.585417 0.016406 0.048611
0 0.406250 0.289583 0.026562 0.043056
0 0.303125 0.875000 0.014063 0.050000
0 0.328125 0.894444 0.028125 0.025000
0 0.709766 0.672222 0.014844 0.050000
0 0.516406 0.050000 0.018750 0.025000
0 0.158203 0.153472 0.017969 0.048611
0 0.490625 0.568750 0.014063 0.034722
0 0.950000 0.252778 0.014063 0.030556
0 0.230469 0.572222 0.023438 0.038889
0 0.907422 0.339583 0.017969 0.040278
0 0.478906 0.628472 0.015625 0.031944
0 0.955469 0.158333 0.025000 0.050000
0 0.733984 0.624306 0.024219 0.037500
0 0.437109 0.061111 0.021094 0.027778
0 0.387500 0.391667 0.020313 0.027778
0 0.073828 0.934028 0.017969 0.026389
0 0.254297 0.820139 0.027344 0.048611
0 0.385156 0.938889 0.023438 0.041667
0 0.768750 0.751389 0.026562 0.025000
0 0.960156 0.840972 0.021875 0.040278
0 0.762891 0.136111 0.022656 0.041667
0 0.875781 0.941667 0.020313 0.044444
0 0.382812 0.479167 0.028125 0.036111
0 0.148438 0.562500 0.018750 0.025000
0 0.197266 0.136111 0.027344 0.041667
0 0.040625 0.081250 0.020313 0.031944
0 0.685937 0.907639 0.018750 0.045833
0 0.386328 0.219444 0.027344 0.025000
0 0.243750 0.936806 0.015625 0.040278
0 0.732422 0.119444 0.022656 0.027778
0 0.394141 0.122222 0.022656 0.025000
0 0.085938 0.507639 0.017188 0.040278
0 0.862109 0.806944 0.024219 0.036111
0 0.840234 0.356944 0.024219 0.025000
0 0.357422 0.357639 0.016406 0.045833
0 0.269531 0.951389 0.017188 0.033333
0 0.073828 0.138194 0.021094 0.048611
0 0.932422 0.750000 0.014844 0.030556
0 0.758594 0.951389 0.026562 0.041667
0 0.347656 0.136111 0.025000 0.050000
0 0.952344 0.334722 0.017188 0.041667
0 0.787109 0.634722 0.027344 0.033333
0 0.656641 0.376389 0.014844 0.030556
0 0.114453 0.039583 0.014844 0.040278
0 0.726562 0.555556 0.028125 0.036111
0 0.629687 0.865972 0.020313 0.029167
0 0.966016 0.079861 0.024219 0.040278
0 0.668750 0.334028 0.028125 0.043056
0 0.666016 0.697917 0.019531 0.034722
0 0.791406 0.861111 0.025000 0.050000
0 0.207813 0.950000 0.028125 0.025000
0 0.823438 0.659722 0.028125 0.038889
0 0.276562 0.072917 0.014063 0.048611
0 0.867188 0.640278 0.023438 0.027778
0 0.030469 0.512500 0.015625 0.041667
0 0.965625 0.754861 0.020313 0.034722
0 0.600391 0.392361 0.022656 0.037500
0 0.555859 0.045139 0.022656 0.031944
0 0.412891 0.500000 0.014844 0.047222
0 0.351953 0.472917 0.019531 0.043056
0 0.885938 0.604167 0.021875 0.033333
0 0.592969 0.834028 0.014063 0.040278
0 0.348047 0.863889 0.021094 0.025000
0 0.804297 0.781250 0.027344 0.034722
0 0.800781 0.354861 0.021875 0.045833
0 0.231250 0.118056 0.015625 0.038889
0 0.926953 0.842361 0.017969 0.029167
0 0.725781 0.425694 0.023438 0.029167
0 0.816406 0.953472 0.014063 0.026389
0 0.930078 0.050694 0.025781 0.026389
0 0.042188 0.194444 0.014063 0.033333
0 0.670312 0.856944 0.028125 0.033333
0 0.763281 0.180556 0.014063 0.027778
0 0.625781 0.811806 0.028125 0.029167
0 0.110156 0.147917 0.014063 0.034722
0 0.503906 0.385417 0.014063 0.031944
0 0.169531 0.084722 0.025000 0.044444
1 0.251563 0.339583 0.165625 0.259722
1 0.234766 0.700000 0.130469 0.172222
1 0.594922 0.522917 0.149219 0.201389
1 0.859375 0.197917 0.134375 0.218056
1 0.641016 0.185417 0.139844 0.190278
1 0.489453 0.787500 0.133594 0.247222
1 0.500391 0.234722 0.110156 0.222222
1 0.085547 0.775694 0.100781 0.254167
1 0.845703 0.488194 0.163281 0.181944