0 0.664062 0.913194 0.020313 0.034722
0 0.594531 0.506250 0.018750 0.029167
0 0.617969 0.210417 0.023438 0.048611
0 0.187500 0.825694 0.021875 0.031944
0 0.077734 0.470139 0.024219 0.029167
0 0.548828 0.355556 0.016406 0.025000
0 0.189453 0.478472 0.027344 0.037500
0 0.136719 0.393750 0.028125 0.048611
0 0.483594 0.230556 0.028125 0.050000
0 0.847266 0.509722 0.025781 0.050000
0 0.334375 0.297222 0.025000 0.041667
0 0.961328 0.351389 0.024219 0.036111
0 0.521875 0.553472 0.017188 0.026389
0 0.133594 0.325694 0.028125 0.034722
0 0.544922 0.926389 0.017969 0.025000
0 0.556250 0.129861 0.017188 0.037500
0 0.051953 0.422222 0.025781 0.047222
0 0.771484 0.100694 0.014844 0.040278
0 0.190625 0.145139 0.014063 0.031944
0 0.651953 0.152778 0.022656 0.044444
0 0.023828 0.210417 0.027344 0.037500
0 0.928906 0.193750 0.018750 0.037500
0 0.457031 0.374306 0.021875 0.043056
0 0.468750 0.434722 0.014063 0.030556
0 0.322656 0.818056 0.018750 0.050000
0 0.971484 0.450000 0.014844 0.036111
0 0.059766 0.726389 0.022656 0.036111
0 0.977344 0.538194 0.014063 0.037500
0 0.491406 0.380556 0.028125 0.025000
0 0.425781 0.339583 0.014063 0.029167
0 0.437109 0.173611 0.027344 0.030556
0 0.703125 0.038889 0.023438 0.036111
0 0.489453 0.491667 0.024219 0.033333
0 0.505078 0.311806 0.016406 0.031944
0 0.667578 0.508333 0.019531 0.025000
0 0.475000 0.954861 0.015625 0.045833
0 0.058594 0.325000 0.028125 0.027778
0 0.211328 0.270833 0.025781 0.041667
0 0.888672 0.606944 0.027344 0.044444
0 0.455078 0.627083 0.017969 0.029167
0 0.453906 0.555556 0.017188 0.047222
0 0.496484 0.273611 0.014844 0.025000
0 0.760938 0.617361 0.020313 0.043056
0 0.280078 0.700694 0.021094 0.026389
0 0.523438 0.145833 0.021875 0.050000
0 0.724219 0.969444 0.023438 0.027778
0 0.936328 0.433333 0.021094 0.050000
0 0.130859 0.461806 0.019531 0.029167
0 0.962109 0.130556 0.019531 0.025000
0 0.541797 0.616667 0.027344 0.041667
0 0.560156 0.804167 0.020313 0.050000
0 0.597266 0.892361 0.027344 0.037500
0 0.523828 0.204861 0.022656 0.031944
0 0.292578 0.306944 0.027344 0.030556
0 0.776172 0.514583 0.024219 0.043056
0 0.111328 0.797222 0.022656 0.025000
0 0.942187 0.850694 0.023438 0.043056
0 0.380859 0.668056 0.021094 0.050000
0 0.576172 0.339583 0.016406 0.029167
0 0.668359 0.060417 0.017969 0.045833
0 0.282813 0.838194 0.015625 0.048611
0 0.159766 0.451389 0.022656 0.038889
0 0.982812 0.182639 0.014063 0.040278
0 0.228516 0.496528 0.025781 0.045833
0 0.973047 0.622917 0.027344 0.029167
0 0.519141 0.084722 0.016406 0.041667
0 0.485547 0.074306 0.025781 0.048611
0 0.170313 0.927083 0.021875 0.037500
0 0.267578 0.950694 0.025781 0.034722
0 0.554688 0.181944 0.026562 0.050000
0 0.200000 0.416667 0.021875 0.050000
0 0.553125 0.033333 0.025000 0.027778
0 0.054688 0.275694 0.021875 0.037500
0 0.933594 0.295833 0.025000 0.033333
0 0.094531 0.887500 0.025000 0.033333
0 0.285938 0.654167 0.023438 0.025000
0 0.827344 0.963194 0.020313 0.031944
0 0.044531 0.779167 0.021875 0.033333
0 0.160156 0.331250 0.018750 0.029167
0 0.216797 0.879861 0.027344 0.037500
0 0.032422 0.927778 0.021094 0.025000
0 0.886719 0.553472 0.015625 0.029167
0 0.045312 0.132639 0.026562 0.048611
0 0.102734 0.425694 0.017969 0.029167
0 0.171094 0.875000 0.028125 0.025000
0 0.030078 0.865278 0.027344 0.036111
0 0.470703 0.131944 0.027344 0.050000
0 0.325781 0.931944 0.015625 0.025000
0 0.512500 0.961111 0.014063 0.033333
0 0.723437 0.143750 0.015625 0.040278
0 0.753516 0.068750 0.014844 0.043056
0 0.125391 0.738194 0.021094 0.040278
0 0.542578 0.513889 0.017969 0.050000
0 0.941406 0.655556 0.018750 0.044444
0 0.494141 0.675000 0.024219 0.030556
1 0.341406 0.495139 0.118750 0.276389
1 0.639844 0.668056 0.121875 0.277778
1 0.448437 0.795833 0.168750 0.186111
1 0.658984 0.402778 0.100781 0.166667
1 0.203516 0.645139 0.114844 0.204167
1 0.852344 0.213194 0.125000 0.240278
1 0.341406 0.170833 0.137500 0.183333
1 0.841797 0.806250 0.147656 0.251389