0 0.776367 0.153320 0.033203 0.033203
0 0.145508 0.958984 0.044922 0.046875
0 0.476562 0.778320 0.039062 0.041016
0 0.279297 0.603516 0.031250 0.039062
0 0.039062 0.613281 0.046875 0.058594
0 0.072266 0.456055 0.050781 0.052734
0 0.094727 0.061523 0.041016 0.052734
0 0.390625 0.180664 0.058594 0.044922
0 0.444336 0.550781 0.033203 0.042969
0 0.519531 0.888672 0.035156 0.042969
0 0.055664 0.356445 0.056641 0.044922
0 0.178711 0.562500 0.037109 0.039062
0 0.454102 0.120117 0.048828 0.033203
0 0.828125 0.071289 0.058594 0.044922
0 0.154297 0.389648 0.039062 0.044922
0 0.714844 0.160156 0.050781 0.046875
0 0.901367 0.602539 0.048828 0.037109
0 0.862305 0.657227 0.041016 0.041016
0 0.230469 0.953125 0.035156 0.031250
0 0.409180 0.234375 0.048828 0.035156
0 0.408203 0.293945 0.031250 0.041016
0 0.051758 0.294922 0.041016 0.039062
0 0.057617 0.884766 0.033203 0.031250
0 0.075195 0.199219 0.056641 0.039062
0 0.769531 0.235352 0.050781 0.037109
0 0.108398 0.785156 0.056641 0.031250
0 0.893555 0.512695 0.052734 0.041016
0 0.361328 0.620117 0.054688 0.041016
0 0.897461 0.102539 0.052734 0.056641
0 0.961914 0.639648 0.041016 0.056641
0 0.361328 0.320312 0.042969 0.050781
0 0.933594 0.440430 0.046875 0.037109
0 0.491211 0.322266 0.033203 0.042969
0 0.461914 0.390625 0.037109 0.042969
0 0.048828 0.529297 0.054688 0.058594
0 0.504883 0.466797 0.056641 0.031250
0 0.800781 0.673828 0.031250 0.039062
0 0.136719 0.498047 0.058594 0.039062
0 0.111328 0.897461 0.054688 0.052734
0 0.409180 0.965820 0.037109 0.033203
0 0.161133 0.625000 0.037109 0.050781
0 0.739258 0.291016 0.056641 0.046875
0 0.550781 0.338867 0.035156 0.041016
0 0.875977 0.460938 0.048828 0.031250
0 0.524414 0.758789 0.041016 0.052734
0 0.034180 0.117188 0.037109 0.050781
1 0.229492 0.173828 0.185547 0.261719
1 0.658203 0.838867 0.199219 0.201172
1 0.315430 0.776367 0.248047 0.240234
1 0.910156 0.837891 0.148438 0.230469
1 0.683594 0.392578 0.210938 0.140625
1 0.897461 0.278320 0.138672 0.259766
1 0.303711 0.460938 0.197266 0.214844
1 0.571289 0.154297 0.169922 0.269531
1 0.630859 0.597656 0.269531 0.203125