0 0.562500 0.689453 0.042969 0.031250
0 0.564453 0.346680 0.058594 0.044922
0 0.845703 0.925781 0.050781 0.031250
0 0.668945 0.895508 0.052734 0.048828
0 0.916016 0.923828 0.039062 0.054688
0 0.622070 0.823242 0.052734 0.056641
0 0.085938 0.888672 0.046875 0.039062
0 0.201172 0.886719 0.042969 0.039062
0 0.673828 0.431641 0.054688 0.050781
0 0.891602 0.173828 0.037109 0.042969
0 0.452148 0.375977 0.048828 0.056641
0 0.609375 0.629883 0.058594 0.033203
0 0.065430 0.328125 0.048828 0.035156
0 0.149414 0.609375 0.052734 0.054688
0 0.233398 0.586914 0.056641 0.048828
0 0.946289 0.369141 0.052734 0.042969
0 0.625977 0.766602 0.052734 0.041016
0 0.488281 0.433594 0.039062 0.035156
0 0.754883 0.348633 0.048828 0.033203
0 0.898438 0.067383 0.035156 0.044922
0 0.050781 0.785156 0.035156 0.054688
0 0.905273 0.666992 0.041016 0.052734
0 0.441406 0.923828 0.039062 0.039062
0 0.901367 0.793945 0.041016 0.033203
0 0.521484 0.964844 0.031250 0.031250
0 0.605469 0.905273 0.046875 0.048828
0 0.617188 0.552734 0.058594 0.050781
0 0.703125 0.057617 0.035156 0.044922
0 0.043945 0.208984 0.033203 0.039062
0 0.919922 0.601562 0.046875 0.035156
0 0.557617 0.910156 0.033203 0.046875
1 0.407227 0.739258 0.251953 0.158203
1 0.250000 0.399414 0.218750 0.173828
1 0.166992 0.742188 0.181641 0.148438
1 0.753906 0.228516 0.203125 0.191406
1 0.762695 0.717773 0.185547 0.248047
1 0.475586 0.190430 0.173828 0.248047
1 0.808594 0.459961 0.175781 0.154297
1 0.210938 0.121094 0.253906 0.167969