0 0.875977 0.545898 0.044922 0.052734
0 0.311523 0.640625 0.041016 0.050781
0 0.712891 0.599609 0.058594 0.050781
0 0.637695 0.063477 0.033203 0.048828
0 0.091797 0.202148 0.050781 0.037109
0 0.072266 0.153320 0.035156 0.044922
0 0.177734 0.583984 0.042969 0.031250
0 0.914062 0.087891 0.035156 0.054688
0 0.473633 0.605469 0.056641 0.058594
0 0.953125 0.777344 0.054688 0.042969
0 0.622070 0.944336 0.033203 0.033203
0 0.727539 0.101562 0.056641 0.035156
0 0.369141 0.428711 0.058594 0.033203
0 0.391602 0.602539 0.037109 0.048828
0 0.368164 0.347656 0.037109 0.042969
0 0.573242 0.582031 0.044922 0.046875
0 0.791016 0.128906 0.035156 0.042969
0 0.484375 0.360352 0.031250 0.056641
0 0.066406 0.933594 0.054688 0.050781
0 0.249023 0.656250 0.052734 0.058594
0 0.484375 0.922852 0.031250 0.052734
0 0.711914 0.207031 0.056641 0.042969
0 0.241211 0.202148 0.041016 0.048828
0 0.321289 0.573242 0.033203 0.033203
0 0.104492 0.608398 0.048828 0.033203
0 0.104492 0.083984 0.041016 0.046875
0 0.160156 0.127930 0.046875 0.041016
0 0.406250 0.044922 0.035156 0.050781
0 0.944336 0.904297 0.044922 0.039062
0 0.258789 0.071289 0.048828 0.037109
0 0.949219 0.605469 0.054688 0.031250
0 0.437500 0.101562 0.054688 0.039062
0 0.644531 0.137695 0.046875 0.048828
0 0.411133 0.898438 0.037109 0.031250
0 0.816406 0.265625 0.050781 0.039062
0 0.100586 0.649414 0.033203 0.033203
0 0.331055 0.480469 0.033203 0.054688
0 0.375977 0.665039 0.048828 0.033203
0 0.686523 0.274414 0.041016 0.041016
0 0.646484 0.547852 0.042969 0.033203
0 0.937500 0.537109 0.058594 0.054688
0 0.108398 0.756836 0.041016 0.037109
0 0.951172 0.304688 0.050781 0.050781
0 0.831055 0.617188 0.048828 0.035156
0 0.502930 0.096680 0.037109 0.048828
0 0.605469 0.285156 0.039062 0.031250
0 0.779297 0.952148 0.058594 0.037109
0 0.931641 0.468750 0.035156 0.035156
1 0.510742 0.474609 0.169922 0.148438
1 0.760742 0.394531 0.251953 0.171875
1 0.426758 0.223633 0.177734 0.166016
1 0.775391 0.786133 0.238281 0.255859
1 0.257812 0.842773 0.195312 0.271484
1 0.177734 0.388672 0.230469 0.269531
1 0.512695 0.769531 0.201172 0.195312