0 0.777344 0.146528 0.020313 0.045833
0 0.532813 0.257639 0.028125 0.037500
0 0.961328 0.652083 0.024219 0.043056
0 0.165625 0.137500 0.026562 0.047222
0 0.792969 0.891667 0.014063 0.036111
0 0.864453 0.272222 0.022656 0.038889
0 0.110937 0.168056 0.026562 0.036111
0 0.055078 0.377778 0.019531 0.030556
0 0.524219 0.763194 0.021875 0.045833
0 0.812500 0.259028 0.018750 0.029167
0 0.623437 0.655556 0.017188 0.025000
0 0.744141 0.666667 0.024219 0.033333
0 0.795703 0.757639 0.025781 0.043056
0 0.233203 0.148611 0.014844 0.044444
0 0.973437 0.202778 0.014063 0.047222
0 0.900391 0.122222 0.025781 0.036111
0 0.674219 0.079861 0.018750 0.026389
0 0.107031 0.452083 0.028125 0.040278
0 0.912109 0.304861 0.021094 0.031944
0 0.703516 0.143750 0.021094 0.031944
0 0.041797 0.886111 0.017969 0.036111
0 0.871484 0.102778 0.021094 0.036111
0 0.969531 0.279167 0.014063 0.036111
0 0.332422 0.280556 0.017969 0.025000
0 0.325391 0.375000 0.027344 0.033333
0 0.045703 0.107639 0.017969 0.026389
0 0.727734 0.764583 0.014844 0.043056
0 0.642969 0.193750 0.017188 0.037500
0 0.037891 0.461806 0.017969 0.043056
0 0.541016 0.200000 0.027344 0.033333
0 0.091016 0.358333 0.016406 0.025000
0 0.931641 0.921528 0.016406 0.026389
0 0.337891 0.065278 0.025781 0.033333
0 0.966797 0.891667 0.027344 0.025000
0 0.851562 0.216667 0.015625 0.025000
0 0.595703 0.650694 0.016406 0.045833
0 0.106641 0.963889 0.021094 0.033333
0 0.287891 0.157639 0.019531 0.026389
0 0.397266 0.302778 0.019531 0.036111
0 0.106641 0.918750 0.025781 0.040278
0 0.537500 0.586111 0.025000 0.027778
0 0.738281 0.087500 0.026562 0.041667
0 0.801172 0.645833 0.014844 0.047222
0 0.074609 0.264583 0.019531 0.031944
0 0.787109 0.294444 0.025781 0.041667
0 0.536719 0.949306 0.018750 0.026389
0 0.523438 0.820833 0.017188 0.030556
0 0.765625 0.842361 0.023438 0.048611
0 0.771094 0.785417 0.015625 0.034722
0 0.739062 0.127778 0.028125 0.025000
0 0.775781 0.606250 0.020313 0.040278
0 0.024219 0.531944 0.023438 0.044444
0 0.339062 0.749306 0.017188 0.031944
0 0.593359 0.226389 0.019531 0.030556
0 0.618359 0.127083 0.014844 0.043056
0 0.737500 0.863194 0.015625 0.034722
0 0.821094 0.293750 0.020313 0.026389
0 0.118750 0.048611 0.014063 0.030556
0 0.581250 0.181944 0.015625 0.027778
0 0.783984 0.947222 0.027344 0.038889
0 0.884766 0.050694 0.016406 0.040278
0 0.776953 0.686111 0.017969 0.038889
0 0.908594 0.176389 0.023438 0.036111
0 0.890234 0.907639 0.017969 0.034722
0 0.076172 0.050694 0.022656 0.040278
0 0.808594 0.701389 0.018750 0.036111
0 0.337500 0.540278 0.014063 0.041667
0 0.783203 0.402083 0.019531 0.037500
0 0.032813 0.188889 0.028125 0.027778
0 0.886328 0.961111 0.016406 0.044444
0 0.114453 0.258333 0.024219 0.050000
0 0.767969 0.250000 0.020313 0.027778
0 0.937109 0.274306 0.019531 0.040278
0 0.544922 0.135417 0.027344 0.031944
0 0.342969 0.929861 0.017188 0.034722
0 0.103906 0.106250 0.025000 0.026389
0 0.614062 0.944444 0.015625 0.038889
0 0.285938 0.103472 0.014063 0.045833
0 0.845703 0.157639 0.017969 0.037500
0 0.794141 0.193750 0.022656 0.034722
0 0.582422 0.938889 0.014844 0.036111
0 0.343750 0.413889 0.025000 0.030556
0 0.341797 0.696528 0.017969 0.037500
0 0.980859 0.460417 0.019531 0.048611
0 0.811328 0.043056 0.022656 0.044444
0 0.726562 0.583333 0.026562 0.025000
0 0.618359 0.217361 0.019531 0.034722
0 0.769141 0.737500 0.016406 0.025000
0 0.782422 0.460417 0.022656 0.040278
0 0.124219 0.324306 0.021875 0.048611
0 0.752344 0.954167 0.020313 0.036111
0 0.650391 0.959722 0.014844 0.044444
0 0.899219 0.234722 0.017188 0.038889
0 0.349609 0.643056 0.016406 0.038889
0 0.201172 0.075000 0.022656 0.025000
0 0.823047 0.944444 0.017969 0.025000
0 0.142969 0.047222 0.014063 0.041667
0 0.233594 0.066667 0.023438 0.030556
0 0.700781 0.193056 0.017188 0.044444
0 0.305859 0.219444 0.017969 0.044444
0 0.026562 0.227083 0.021875 0.034722
0 0.312500 0.444444 0.018750 0.036111
0 0.741406 0.245833 0.014063 0.036111
0 0.590234 0.084722 0.014844 0.038889
0 0.356250 0.325000 0.015625 0.050000
0 0.981250 0.728472 0.014063 0.048611
0 0.532422 0.031944 0.024219 0.025000
0 0.552734 0.396528 0.027344 0.026389
0 0.824219 0.093056 0.018750 0.027778
1 0.882031 0.463889 0.142187 0.269444
1 0.631641 0.811111 0.163281 0.197222
1 0.438672 0.482639 0.136719 0.276389
1 0.670312 0.392361 0.151562 0.215278
1 0.214453 0.361111 0.149219 0.269444
1 0.119141 0.691667 0.124219 0.294444
1 0.449609 0.166667 0.119531 0.200000
1 0.442188 0.799306 0.118750 0.293056
1 0.253906 0.663194 0.115625 0.276389
1 0.879687 0.761111 0.109375 0.194444