0 0.656250 0.344727 0.050781 0.048828
0 0.785156 0.273438 0.050781 0.042969
0 0.314453 0.394531 0.035156 0.042969
0 0.302734 0.940430 0.054688 0.033203
0 0.154297 0.331055 0.031250 0.052734
0 0.535156 0.037109 0.046875 0.039062
0 0.780273 0.093750 0.033203 0.058594
0 0.602539 0.662109 0.037109 0.054688
0 0.089844 0.430664 0.054688 0.037109
0 0.337891 0.212891 0.035156 0.050781
0 0.093750 0.331055 0.035156 0.037109
0 0.769531 0.178711 0.054688 0.037109
0 0.073242 0.835938 0.048828 0.058594
0 0.250977 0.334961 0.041016 0.041016
0 0.421875 0.429688 0.054688 0.058594
0 0.904297 0.248047 0.039062 0.050781
0 0.631836 0.905273 0.052734 0.044922
0 0.804688 0.345703 0.035156 0.054688
0 0.347656 0.796875 0.050781 0.046875
0 0.816406 0.939453 0.054688 0.054688
0 0.497070 0.582031 0.056641 0.031250
0 0.392578 0.080078 0.031250 0.031250
0 0.959961 0.278320 0.037109 0.048828
0 0.712891 0.347656 0.046875 0.039062
0 0.633789 0.578125 0.041016 0.039062
0 0.805664 0.492188 0.037109 0.035156
0 0.199219 0.861328 0.039062 0.035156
0 0.082031 0.502930 0.031250 0.033203
0 0.643555 0.840820 0.048828 0.052734
0 0.195312 0.455078 0.054688 0.050781
0 0.116211 0.554688 0.041016 0.039062
0 0.896484 0.367188 0.039062 0.050781
0 0.267578 0.797852 0.035156 0.056641
0 0.872070 0.533203 0.041016 0.042969
0 0.125977 0.691406 0.033203 0.042969
1 0.481445 0.846680 0.177734 0.162109
1 0.536133 0.179688 0.228516 0.207031
1 0.633789 0.455078 0.251953 0.136719
1 0.182617 0.158203 0.259766 0.257812
1 0.349609 0.612305 0.218750 0.240234
1 0.829102 0.693359 0.197266 0.226562