0 0.951953 0.071528 0.019531 0.045833
0 0.857812 0.132639 0.017188 0.048611
0 0.856641 0.616667 0.017969 0.025000
0 0.251953 0.225694 0.014844 0.034722
0 0.103516 0.745139 0.025781 0.031944
0 0.689844 0.443750 0.025000 0.048611
0 0.032031 0.772917 0.028125 0.031944
0 0.905859 0.578472 0.021094 0.043056
0 0.554297 0.931250 0.019531 0.031944
0 0.973047 0.733333 0.019531 0.033333
0 0.538281 0.232639 0.020313 0.040278
0 0.426172 0.913889 0.024219 0.044444
0 0.979297 0.845833 0.021094 0.044444
0 0.351953 0.269444 0.024219 0.050000
0 0.081641 0.227083 0.014844 0.043056
0 0.380078 0.804167 0.022656 0.025000
0 0.806641 0.118056 0.017969 0.025000
0 0.422656 0.139583 0.023438 0.029167
0 0.203516 0.706944 0.021094 0.041667
0 0.976172 0.126389 0.021094 0.044444
0 0.381641 0.270833 0.022656 0.041667
0 0.975000 0.913194 0.026562 0.040278
0 0.750000 0.438194 0.023438 0.034722
0 0.617188 0.397222 0.026562 0.041667
0 0.275781 0.129861 0.021875 0.045833
0 0.865234 0.552083 0.025781 0.037500
0 0.851172 0.858333 0.016406 0.047222
0 0.657031 0.872917 0.028125 0.029167
0 0.067187 0.801389 0.017188 0.033333
0 0.901953 0.734722 0.022656 0.025000
0 0.635156 0.514583 0.028125 0.048611
0 0.384375 0.046528 0.015625 0.048611
0 0.595313 0.819444 0.021875 0.030556
0 0.947266 0.663194 0.019531 0.048611
0 0.764453 0.848611 0.016406 0.038889
0 0.677344 0.387500 0.014063 0.038889
0 0.303125 0.131250 0.017188 0.048611
0 0.328125 0.679861 0.015625 0.043056
0 0.466797 0.738889 0.017969 0.038889
0 0.910156 0.036806 0.026562 0.040278
0 0.291016 0.675000 0.019531 0.041667
0 0.029297 0.820139 0.025781 0.026389
0 0.295703 0.731944 0.027344 0.027778
0 0.530859 0.865278 0.025781 0.047222
0 0.960938 0.404861 0.015625 0.040278
0 0.971875 0.200000 0.015625 0.044444
0 0.981641 0.360417 0.016406 0.031944
0 0.879687 0.666667 0.017188 0.041667
0 0.708984 0.879861 0.022656 0.040278
0 0.881641 0.621528 0.016406 0.034722
0 0.561328 0.116667 0.016406 0.027778
0 0.882031 0.789583 0.020313 0.029167
0 0.946094 0.820139 0.028125 0.043056
0 0.339062 0.942361 0.015625 0.029167
0 0.910156 0.094444 0.018750 0.036111
0 0.062109 0.150000 0.027344 0.033333
0 0.725391 0.415278 0.019531 0.025000
0 0.619922 0.913194 0.016406 0.029167
0 0.455078 0.131944 0.027344 0.027778
0 0.172656 0.643056 0.014063 0.044444
0 0.636328 0.463889 0.021094 0.027778
0 0.974219 0.265972 0.014063 0.045833
0 0.532813 0.040972 0.025000 0.037500
0 0.530469 0.100000 0.021875 0.038889
0 0.245312 0.074306 0.028125 0.045833
0 0.469531 0.920139 0.018750 0.043056
0 0.761719 0.906944 0.023438 0.041667
0 0.537891 0.306944 0.017969 0.033333
0 0.441406 0.775000 0.018750 0.030556
0 0.298047 0.285417 0.025781 0.037500
0 0.253906 0.697222 0.021875 0.030556
0 0.572266 0.261111 0.016406 0.041667
0 0.103906 0.960417 0.020313 0.043056
0 0.662109 0.039583 0.022656 0.026389
0 0.874609 0.960417 0.027344 0.040278
0 0.287891 0.631944 0.021094 0.025000
0 0.131250 0.888889 0.020313 0.030556
0 0.039062 0.947917 0.025000 0.026389
0 0.437891 0.834028 0.025781 0.045833
0 0.042578 0.204167 0.022656 0.036111
0 0.845703 0.668750 0.021094 0.045833
0 0.377734 0.115972 0.025781 0.034722
0 0.345703 0.736111 0.025781 0.025000
0 0.884375 0.493056 0.021875 0.027778
0 0.975391 0.494444 0.022656 0.044444
0 0.793359 0.174306 0.024219 0.048611
0 0.562891 0.764583 0.027344 0.048611
0 0.597266 0.750000 0.014844 0.044444
0 0.730078 0.936806 0.027344 0.048611
0 0.074219 0.756944 0.023438 0.036111
0 0.913672 0.907639 0.014844 0.045833
0 0.630469 0.585417 0.025000 0.029167
0 0.021094 0.904167 0.023438 0.038889
0 0.961719 0.545139 0.017188 0.026389
0 0.552734 0.168750 0.019531 0.034722
0 0.464453 0.855556 0.019531 0.044444
0 0.938281 0.597917 0.014063 0.031944
0 0.655078 0.786111 0.025781 0.038889
0 0.847266 0.938889 0.014844 0.041667
0 0.324609 0.902778 0.017969 0.033333
0 0.350391 0.774306 0.024219 0.040278
0 0.581641 0.480556 0.022656 0.044444
0 0.560937 0.822222 0.026562 0.027778
0 0.814844 0.054167 0.028125 0.027778
0 0.020313 0.073611 0.020313 0.036111
0 0.669531 0.912500 0.014063 0.027778
0 0.658594 0.579861 0.021875 0.029167
0 0.343750 0.072917 0.025000 0.040278
0 0.357422 0.895833 0.014844 0.033333
0 0.803906 0.893750 0.017188 0.029167
1 0.274609 0.461806 0.161719 0.298611
1 0.672656 0.209722 0.164062 0.288889
1 0.751172 0.672222 0.153906 0.280556
1 0.552734 0.623611 0.110156 0.175000
1 0.098437 0.604861 0.125000 0.195833
1 0.452734 0.296528 0.110156 0.226389
1 0.858594 0.340972 0.159375 0.243056
1 0.222656 0.855556 0.143750 0.172222
1 0.164062 0.143056 0.125000 0.197222