0 0.665625 0.320833 0.014063 0.041667
0 0.505078 0.869444 0.027344 0.030556
0 0.048047 0.496528 0.019531 0.034722
0 0.671094 0.932639 0.017188 0.040278
0 0.041797 0.616667 0.025781 0.036111
0 0.359375 0.213889 0.026562 0.036111
0 0.704297 0.467361 0.024219 0.037500
0 0.267188 0.195833 0.023438 0.044444
0 0.656641 0.474306 0.017969 0.037500
0 0.026172 0.538889 0.016406 0.047222
0 0.975781 0.193750 0.028125 0.040278
0 0.171094 0.425000 0.020313 0.025000
0 0.065234 0.621528 0.014844 0.031944
0 0.328906 0.809722 0.014063 0.041667
0 0.089844 0.078472 0.021875 0.026389
0 0.960547 0.842361 0.014844 0.048611
0 0.845313 0.897917 0.021875 0.031944
0 0.585938 0.475694 0.023438 0.048611
0 0.022656 0.910417 0.021875 0.029167
0 0.300781 0.247917 0.020313 0.043056
0 0.850391 0.845833 0.024219 0.050000
0 0.208203 0.579861 0.017969 0.045833
0 0.787891 0.788889 0.027344 0.038889
0 0.421875 0.238194 0.017188 0.031944
0 0.793750 0.742361 0.026562 0.026389
0 0.919141 0.934722 0.019531 0.047222
0 0.869531 0.085417 0.017188 0.045833
0 0.760156 0.947917 0.028125 0.048611
0 0.068750 0.043056 0.025000 0.025000
0 0.348828 0.093056 0.019531 0.025000
0 0.958984 0.074306 0.025781 0.026389
0 0.088281 0.163889 0.023438 0.050000
0 0.651172 0.545833 0.019531 0.038889
0 0.906641 0.036806 0.017969 0.034722
0 0.628125 0.548611 0.020313 0.047222
0 0.038672 0.450694 0.025781 0.031944
0 0.953516 0.304167 0.027344 0.041667
0 0.547266 0.040278 0.017969 0.041667
0 0.142187 0.475000 0.017188 0.033333
0 0.980859 0.858333 0.014844 0.025000
0 0.707812 0.419444 0.018750 0.036111
0 0.330469 0.170833 0.017188 0.038889
0 0.913672 0.806944 0.027344 0.047222
0 0.332031 0.041667 0.028125 0.036111
0 0.792578 0.925694 0.022656 0.045833
0 0.108594 0.696528 0.021875 0.040278
0 0.142578 0.537500 0.021094 0.025000
0 0.802734 0.547222 0.024219 0.025000
0 0.651563 0.619444 0.020313 0.047222
0 0.029297 0.718750 0.019531 0.026389
0 0.268359 0.080556 0.024219 0.030556
0 0.055078 0.269444 0.014844 0.027778
0 0.642188 0.385417 0.020313 0.043056
0 0.401562 0.515972 0.023438 0.029167
0 0.875781 0.175694 0.023438 0.031944
0 0.054297 0.852778 0.019531 0.047222
0 0.596484 0.932639 0.025781 0.037500
0 0.034766 0.251389 0.014844 0.038889
0 0.368750 0.172222 0.017188 0.027778
0 0.103906 0.840972 0.020313 0.031944
0 0.413281 0.386111 0.025000 0.038889
0 0.948438 0.125000 0.014063 0.033333
0 0.309766 0.907639 0.016406 0.048611
0 0.476562 0.949306 0.015625 0.045833
0 0.767578 0.604861 0.022656 0.031944
0 0.298438 0.122222 0.020313 0.044444
0 0.066016 0.669444 0.021094 0.033333
0 0.340625 0.889583 0.025000 0.043056
0 0.392188 0.326389 0.025000 0.050000
0 0.917969 0.190972 0.014063 0.045833
0 0.398438 0.092361 0.026562 0.026389
0 0.973828 0.413194 0.025781 0.026389
0 0.165625 0.834722 0.020313 0.033333
0 0.467187 0.493750 0.021875 0.040278
0 0.196094 0.672222 0.014063 0.025000
0 0.725391 0.939583 0.024219 0.026389
0 0.084375 0.266667 0.014063 0.041667
0 0.219141 0.106250 0.027344 0.031944
0 0.170703 0.768056 0.024219 0.030556
0 0.025391 0.821528 0.025781 0.045833
0 0.111328 0.564583 0.017969 0.029167
0 0.066016 0.540972 0.025781 0.026389
0 0.533594 0.531250 0.021875 0.043056
0 0.746094 0.841667 0.025000 0.033333
0 0.735547 0.887500 0.022656 0.030556
0 0.511328 0.045833 0.019531 0.036111
0 0.072266 0.911111 0.024219 0.047222
0 0.382812 0.262500 0.018750 0.033333
1 0.894531 0.609028 0.143750 0.273611
1 0.451562 0.702778 0.143750 0.277778
1 0.277344 0.604167 0.101562 0.294444
1 0.619531 0.773611 0.157812 0.225000
1 0.776563 0.198611 0.154688 0.291667
1 0.184375 0.279861 0.132812 0.168056
1 0.524609 0.256944 0.163281 0.297222