0 0.299219 0.052083 0.023438 0.026389
0 0.236719 0.607639 0.023438 0.026389
0 0.239063 0.141667 0.014063 0.025000
0 0.327734 0.803472 0.022656 0.037500
0 0.202344 0.417361 0.023438 0.043056
0 0.398438 0.203472 0.025000 0.034722
0 0.060156 0.836111 0.017188 0.047222
0 0.971094 0.934722 0.014063 0.036111
0 0.597266 0.769444 0.014844 0.044444
0 0.307031 0.479167 0.014063 0.041667
0 0.772656 0.190278 0.015625 0.033333
0 0.368750 0.313889 0.028125 0.027778
0 0.894531 0.072917 0.021875 0.034722
0 0.593359 0.162500 0.019531 0.044444
0 0.583594 0.452083 0.025000 0.045833
0 0.321094 0.287500 0.018750 0.036111
0 0.086719 0.936111 0.021875 0.027778
0 0.773438 0.815278 0.020313 0.041667
0 0.526172 0.768750 0.022656 0.034722
0 0.042188 0.507639 0.017188 0.031944
0 0.819141 0.187500 0.024219 0.050000
0 0.301953 0.097917 0.014844 0.037500
0 0.112109 0.077778 0.017969 0.038889
0 0.939844 0.843056 0.015625 0.038889
0 0.344141 0.840972 0.024219 0.026389
0 0.585938 0.347917 0.020313 0.029167
0 0.080469 0.584722 0.021875 0.041667
0 0.694531 0.849306 0.014063 0.045833
0 0.373437 0.044444 0.023438 0.025000
0 0.814844 0.954861 0.028125 0.048611
0 0.807031 0.267361 0.014063 0.043056
0 0.183594 0.083333 0.015625 0.027778
0 0.056641 0.429861 0.025781 0.037500
0 0.726172 0.798611 0.024219 0.050000
0 0.607812 0.853472 0.017188 0.043056
0 0.897266 0.954167 0.027344 0.050000
0 0.050781 0.247917 0.026562 0.034722
0 0.545703 0.143056 0.025781 0.033333
0 0.383594 0.738194 0.023438 0.037500
0 0.513281 0.962500 0.026562 0.025000
0 0.659375 0.455556 0.015625 0.050000
0 0.946094 0.100000 0.017188 0.025000
0 0.465625 0.938889 0.017188 0.038889
0 0.360547 0.479167 0.024219 0.044444
0 0.269531 0.527778 0.020313 0.050000
0 0.127344 0.526389 0.021875 0.050000
0 0.752344 0.881944 0.026562 0.041667
0 0.121094 0.632639 0.015625 0.037500
0 0.219531 0.041667 0.018750 0.038889
0 0.074609 0.702778 0.024219 0.030556
0 0.879297 0.897917 0.017969 0.029167
0 0.196875 0.572222 0.025000 0.038889
0 0.453906 0.182639 0.020313 0.045833
0 0.231641 0.506250 0.017969 0.043056
0 0.416016 0.773611 0.025781 0.036111
0 0.355078 0.747222 0.014844 0.041667
0 0.808203 0.065278 0.021094 0.033333
0 0.284766 0.236806 0.024219 0.043056
0 0.525391 0.409722 0.025781 0.025000
0 0.082422 0.762500 0.027344 0.036111
0 0.591797 0.929167 0.025781 0.030556
0 0.798438 0.843750 0.020313 0.029167
0 0.950000 0.732639 0.015625 0.034722
0 0.042969 0.081250 0.028125 0.045833
0 0.542969 0.281944 0.023438 0.027778
0 0.046484 0.356944 0.014844 0.036111
0 0.041016 0.748611 0.017969 0.033333
0 0.164844 0.650000 0.025000 0.027778
0 0.571875 0.833333 0.028125 0.047222
0 0.383203 0.144444 0.017969 0.027778
0 0.021875 0.034722 0.018750 0.030556
0 0.088281 0.638889 0.015625 0.036111
0 0.214453 0.144444 0.019531 0.027778
0 0.538281 0.090278 0.020313 0.050000
0 0.679688 0.770139 0.015625 0.026389
0 0.332813 0.686806 0.018750 0.040278
0 0.421094 0.824306 0.023438 0.045833
0 0.333594 0.210417 0.017188 0.029167
0 0.338281 0.587500 0.028125 0.030556
0 0.158984 0.109722 0.019531 0.038889
0 0.774219 0.711806 0.021875 0.026389
0 0.264453 0.663194 0.024219 0.029167
0 0.157031 0.413194 0.025000 0.031944
0 0.845703 0.057639 0.017969 0.029167
1 0.204297 0.775000 0.149219 0.175000
1 0.446484 0.368750 0.117969 0.229167
1 0.683594 0.187500 0.142187 0.233333
1 0.753516 0.439583 0.157031 0.173611
1 0.901953 0.265972 0.111719 0.187500
1 0.157812 0.281944 0.171875 0.194444
1 0.858984 0.716667 0.130469 0.208333
1 0.446484 0.615278 0.138281 0.186111