0 0.815234 0.085417 0.022656 0.034722
0 0.941797 0.711111 0.025781 0.044444
0 0.562891 0.832639 0.016406 0.029167
0 0.083984 0.418056 0.017969 0.027778
0 0.084766 0.515972 0.016406 0.037500
0 0.121875 0.609028 0.028125 0.037500
0 0.799609 0.712500 0.014844 0.025000
0 0.783594 0.127778 0.017188 0.047222
0 0.326562 0.461806 0.023438 0.043056
0 0.825781 0.543750 0.025000 0.031944
0 0.344922 0.945139 0.014844 0.037500
0 0.574609 0.283333 0.017969 0.033333
0 0.128906 0.371528 0.020313 0.048611
0 0.339453 0.501389 0.024219 0.025000
0 0.127734 0.463194 0.021094 0.045833
0 0.618750 0.254861 0.023438 0.034722
0 0.959375 0.488194 0.020313 0.031944
0 0.157422 0.765972 0.014844 0.034722
0 0.516797 0.092361 0.014844 0.043056
0 0.083984 0.759722 0.016406 0.038889
0 0.713672 0.627778 0.027344 0.030556
0 0.848828 0.283333 0.019531 0.044444
0 0.877734 0.477778 0.016406 0.033333
0 0.912109 0.206250 0.027344 0.029167
0 0.855859 0.365972 0.024219 0.040278
0 0.107813 0.886806 0.017188 0.037500
0 0.540234 0.815972 0.022656 0.043056
0 0.887109 0.426389 0.024219 0.036111
0 0.256250 0.121528 0.023438 0.034722
0 0.954297 0.947917 0.027344 0.026389
0 0.759766 0.193056 0.022656 0.050000
0 0.331641 0.322222 0.019531 0.033333
0 0.578516 0.504861 0.025781 0.029167
0 0.077734 0.842361 0.016406 0.040278
0 0.160547 0.645833 0.021094 0.036111
0 0.972656 0.118750 0.017188 0.037500
0 0.687891 0.081944 0.022656 0.036111
0 0.846875 0.042361 0.021875 0.031944
0 0.969531 0.879167 0.018750 0.030556
0 0.580859 0.621528 0.017969 0.045833
0 0.892188 0.365972 0.020313 0.048611
0 0.263281 0.951389 0.028125 0.041667
0 0.039844 0.753472 0.023438 0.037500
0 0.851562 0.140278 0.026562 0.025000
0 0.356250 0.854167 0.017188 0.044444
0 0.926172 0.505556 0.014844 0.047222
0 0.023828 0.419444 0.027344 0.050000
0 0.773438 0.579861 0.018750 0.026389
0 0.748047 0.093750 0.019531 0.029167
0 0.964063 0.604861 0.018750 0.043056
0 0.980859 0.259722 0.019531 0.027778
0 0.593750 0.900694 0.028125 0.037500
0 0.843359 0.627778 0.027344 0.027778
0 0.061328 0.134722 0.021094 0.044444
0 0.152734 0.838194 0.024219 0.029167
0 0.615234 0.959722 0.017969 0.025000
0 0.303906 0.963889 0.017188 0.033333
0 0.449219 0.942361 0.014063 0.043056
0 0.043359 0.834028 0.014844 0.037500
0 0.078516 0.920139 0.027344 0.043056
0 0.132422 0.744444 0.024219 0.047222
0 0.939063 0.381944 0.015625 0.041667
0 0.838672 0.188194 0.022656 0.048611
0 0.813281 0.147917 0.017188 0.034722
0 0.458203 0.048611 0.019531 0.044444
0 0.560156 0.336111 0.015625 0.050000
0 0.898047 0.643750 0.019531 0.045833
0 0.306250 0.906250 0.025000 0.031944
0 0.097656 0.676389 0.014063 0.027778
0 0.549609 0.080556 0.019531 0.038889
0 0.833984 0.461806 0.017969 0.026389
0 0.954688 0.833333 0.017188 0.044444
0 0.696094 0.695139 0.018750 0.048611
0 0.318750 0.120833 0.023438 0.033333
0 0.833984 0.675694 0.014844 0.045833
1 0.691797 0.459722 0.160156 0.197222
1 0.151953 0.174306 0.149219 0.190278
1 0.259766 0.725694 0.163281 0.304167
1 0.711719 0.834722 0.153125 0.177778
1 0.237891 0.432639 0.142969 0.179167
1 0.498828 0.534028 0.103906 0.259722
1 0.449609 0.786806 0.133594 0.195833
1 0.880859 0.850694 0.096094 0.184722
1 0.451172 0.232639 0.130469 0.218056
1 0.692187 0.236111 0.098437 0.177778