0 0.686719 0.140972 0.025000 0.048611
0 0.446875 0.475000 0.015625 0.044444
0 0.112500 0.959722 0.014063 0.027778
0 0.712500 0.438194 0.025000 0.031944
0 0.057031 0.650000 0.015625 0.050000
0 0.803516 0.961111 0.024219 0.036111
0 0.328516 0.795833 0.014844 0.044444
0 0.079297 0.759722 0.019531 0.030556
0 0.342578 0.588889 0.019531 0.025000
0 0.967578 0.117361 0.019531 0.045833
0 0.644531 0.521528 0.028125 0.031944
0 0.966016 0.915278 0.024219 0.041667
0 0.444141 0.093750 0.022656 0.037500
0 0.905078 0.144444 0.021094 0.030556
0 0.926562 0.448611 0.021875 0.033333
0 0.392969 0.042361 0.026562 0.048611
0 0.403906 0.101389 0.026562 0.033333
0 0.346875 0.714583 0.023438 0.037500
0 0.347266 0.070833 0.024219 0.033333
0 0.976562 0.638889 0.028125 0.044444
0 0.842578 0.955556 0.019531 0.030556
0 0.327734 0.461806 0.017969 0.045833
0 0.326562 0.515278 0.017188 0.036111
0 0.279297 0.430556 0.014844 0.030556
0 0.645312 0.424306 0.028125 0.034722
0 0.770312 0.427778 0.014063 0.044444
0 0.690234 0.522222 0.022656 0.038889
0 0.925391 0.509722 0.027344 0.041667
0 0.137891 0.878472 0.022656 0.040278
0 0.393750 0.536111 0.017188 0.047222
0 0.733203 0.496528 0.016406 0.034722
0 0.371875 0.772222 0.015625 0.050000
0 0.366797 0.429861 0.022656 0.029167
0 0.794922 0.490278 0.024219 0.025000
0 0.146484 0.823611 0.021094 0.033333
0 0.838281 0.410417 0.026562 0.043056
0 0.525000 0.834722 0.026562 0.025000
0 0.950391 0.417361 0.014844 0.037500
0 0.598828 0.872917 0.017969 0.048611
0 0.064453 0.702083 0.016406 0.034722
0 0.285156 0.214583 0.018750 0.026389
0 0.122656 0.764583 0.015625 0.034722
0 0.887891 0.061806 0.025781 0.045833
0 0.480859 0.345139 0.016406 0.043056
0 0.597266 0.418056 0.027344 0.025000
0 0.036719 0.393056 0.020313 0.041667
0 0.233984 0.352778 0.014844 0.041667
0 0.138281 0.927778 0.020313 0.030556
0 0.580469 0.963194 0.025000 0.029167
0 0.111719 0.272222 0.025000 0.027778
0 0.908984 0.585417 0.016406 0.043056
0 0.739844 0.277083 0.028125 0.031944
0 0.780859 0.204861 0.022656 0.048611
0 0.039844 0.168056 0.026562 0.025000
0 0.493750 0.507639 0.026562 0.037500
0 0.773828 0.339583 0.016406 0.037500
0 0.040234 0.893056 0.025781 0.047222
0 0.978125 0.462500 0.021875 0.025000
0 0.981250 0.383333 0.015625 0.038889
0 0.260937 0.574306 0.014063 0.040278
0 0.478516 0.420139 0.027344 0.040278
0 0.816797 0.888889 0.027344 0.050000
0 0.806250 0.837500 0.018750 0.036111
0 0.526953 0.526389 0.025781 0.027778
0 0.075000 0.272917 0.020313 0.031944
0 0.127734 0.215972 0.027344 0.043056
0 0.017969 0.489583 0.015625 0.045833
0 0.091016 0.956944 0.022656 0.044444
0 0.739453 0.045139 0.017969 0.043056
0 0.062891 0.126389 0.021094 0.030556
0 0.717969 0.188889 0.017188 0.047222
0 0.361719 0.625694 0.028125 0.031944
0 0.341016 0.936806 0.025781 0.048611
0 0.400781 0.421528 0.021875 0.026389
0 0.583203 0.923611 0.022656 0.030556
0 0.041406 0.550694 0.014063 0.048611
0 0.118750 0.690972 0.015625 0.031944
1 0.135547 0.440972 0.147656 0.256944
1 0.244922 0.800000 0.122656 0.266667
1 0.208203 0.161806 0.119531 0.218056
1 0.799219 0.638194 0.103125 0.218056
1 0.579688 0.686806 0.148438 0.179167
1 0.591016 0.216667 0.147656 0.238889
1 0.437500 0.836111 0.093750 0.197222
1 0.875391 0.276389 0.130469 0.208333
1 0.372266 0.256250 0.142969 0.259722