0 0.698242 0.823242 0.041016 0.041016
0 0.287109 0.427734 0.035156 0.031250
0 0.536133 0.902344 0.041016 0.031250
0 0.058594 0.318359 0.046875 0.046875
0 0.081055 0.194336 0.056641 0.044922
0 0.075195 0.718750 0.048828 0.046875
0 0.294922 0.828125 0.031250 0.035156
0 0.822266 0.258789 0.039062 0.033203
0 0.097656 0.569336 0.058594 0.056641
0 0.900391 0.639648 0.054688 0.033203
0 0.738281 0.705078 0.054688 0.035156
0 0.074219 0.401367 0.050781 0.044922
0 0.842773 0.823242 0.033203 0.033203
0 0.777344 0.616211 0.046875 0.052734
0 0.729492 0.257812 0.041016 0.035156
0 0.216797 0.362305 0.042969 0.033203
0 0.381836 0.917969 0.037109 0.042969
0 0.951172 0.310547 0.050781 0.046875
0 0.111328 0.285156 0.031250 0.035156
0 0.047852 0.889648 0.056641 0.037109
0 0.374023 0.841797 0.041016 0.058594
0 0.629883 0.888672 0.037109 0.054688
0 0.837891 0.743164 0.054688 0.044922
0 0.054688 0.087891 0.058594 0.054688
0 0.162109 0.934570 0.035156 0.044922
0 0.062500 0.819336 0.031250 0.044922
0 0.098633 0.627930 0.041016 0.041016
0 0.231445 0.478516 0.033203 0.035156
0 0.572266 0.186523 0.039062 0.044922
0 0.921875 0.824219 0.054688 0.046875
0 0.154297 0.184570 0.050781 0.037109
0 0.639648 0.679688 0.041016 0.054688
0 0.941406 0.461914 0.054688 0.052734
0 0.685547 0.752930 0.031250 0.033203
0 0.718750 0.626953 0.046875 0.039062
0 0.644531 0.129883 0.046875 0.044922
0 0.465820 0.161133 0.033203 0.044922
0 0.891602 0.162109 0.033203 0.054688
1 0.524414 0.442383 0.220703 0.232422
1 0.267578 0.644531 0.238281 0.265625
1 0.502930 0.742188 0.138672 0.238281
1 0.791016 0.131836 0.136719 0.173828
1 0.743164 0.417969 0.169922 0.269531
1 0.308594 0.197266 0.218750 0.148438