0 0.452148 0.853516 0.052734 0.058594
0 0.856445 0.048828 0.033203 0.031250
0 0.910156 0.236328 0.050781 0.042969
0 0.699219 0.922852 0.031250 0.048828
0 0.114258 0.410156 0.033203 0.035156
0 0.561523 0.112305 0.048828 0.048828
0 0.370117 0.821289 0.056641 0.056641
0 0.431641 0.675781 0.054688 0.039062
0 0.779297 0.327148 0.031250 0.033203
0 0.306641 0.890625 0.046875 0.031250
0 0.458008 0.210938 0.056641 0.042969
0 0.312500 0.051758 0.058594 0.037109
0 0.739258 0.044922 0.044922 0.042969
0 0.750977 0.932617 0.048828 0.044922
0 0.041016 0.348633 0.031250 0.037109
0 0.376953 0.748047 0.054688 0.054688
0 0.037109 0.144531 0.042969 0.046875
0 0.860352 0.446289 0.056641 0.041016
0 0.135742 0.046875 0.037109 0.031250
0 0.129883 0.927734 0.048828 0.039062
0 0.685547 0.356445 0.046875 0.041016
0 0.049805 0.265625 0.056641 0.042969
0 0.357422 0.655273 0.039062 0.048828
0 0.561523 0.201172 0.056641 0.039062
0 0.044922 0.606445 0.046875 0.056641
0 0.685547 0.453125 0.054688 0.054688
0 0.073242 0.722656 0.044922 0.046875
0 0.047852 0.039062 0.033203 0.031250
0 0.548828 0.911133 0.042969 0.033203
0 0.959961 0.804688 0.037109 0.058594
0 0.857422 0.937500 0.035156 0.054688
0 0.919922 0.322266 0.035156 0.054688
0 0.040039 0.086914 0.037109 0.041016
0 0.950195 0.595703 0.048828 0.046875
0 0.262695 0.407227 0.052734 0.033203
0 0.931641 0.419922 0.046875 0.058594
0 0.057617 0.517578 0.041016 0.031250
0 0.044922 0.874023 0.054688 0.037109
0 0.454102 0.091797 0.048828 0.042969
0 0.360352 0.411133 0.056641 0.048828
0 0.723633 0.537109 0.041016 0.050781
0 0.052734 0.455078 0.046875 0.039062
1 0.842773 0.706055 0.142578 0.259766
1 0.211914 0.777344 0.201172 0.175781
1 0.503906 0.447266 0.214844 0.273438
1 0.232422 0.241211 0.269531 0.271484
1 0.742188 0.196289 0.242188 0.154297
1 0.614258 0.750000 0.205078 0.269531
1 0.253906 0.529297 0.187500 0.148438