0 0.326562 0.810417 0.021875 0.031944
0 0.712891 0.358333 0.014844 0.027778
0 0.928906 0.140278 0.026562 0.033333
0 0.289844 0.943056 0.028125 0.033333
0 0.279297 0.813889 0.021094 0.033333
0 0.655469 0.850694 0.021875 0.043056
0 0.260937 0.575000 0.015625 0.025000
0 0.222656 0.248611 0.023438 0.036111
0 0.178906 0.081944 0.015625 0.038889
0 0.348047 0.052778 0.016406 0.027778
0 0.200000 0.743056 0.014063 0.044444
0 0.034375 0.738889 0.014063 0.050000
0 0.049609 0.301389 0.017969 0.030556
0 0.106641 0.331944 0.025781 0.033333
0 0.912109 0.316667 0.014844 0.025000
0 0.033984 0.940278 0.024219 0.027778
0 0.956250 0.219444 0.017188 0.033333
0 0.079687 0.270833 0.017188 0.050000
0 0.638672 0.747222 0.014844 0.047222
0 0.814844 0.946528 0.021875 0.037500
0 0.022656 0.659722 0.023438 0.044444
0 0.298438 0.431250 0.018750 0.034722
0 0.706250 0.090972 0.017188 0.045833
0 0.859766 0.920139 0.014844 0.043056
0 0.902734 0.934722 0.014844 0.027778
0 0.143750 0.227778 0.026562 0.033333
0 0.070703 0.659722 0.024219 0.030556
0 0.068750 0.084722 0.021875 0.025000
0 0.205469 0.940278 0.015625 0.027778
0 0.323047 0.966667 0.017969 0.025000
0 0.313672 0.115972 0.014844 0.034722
0 0.905859 0.742361 0.017969 0.040278
0 0.606250 0.877778 0.028125 0.036111
0 0.942969 0.818056 0.015625 0.050000
0 0.205469 0.127778 0.015625 0.025000
0 0.263672 0.718056 0.027344 0.041667
0 0.316406 0.847917 0.021875 0.031944
0 0.294531 0.514583 0.026562 0.029167
0 0.773828 0.251389 0.019531 0.027778
0 0.242188 0.790972 0.020313 0.048611
0 0.214062 0.850000 0.017188 0.047222
0 0.806641 0.165278 0.024219 0.047222
0 0.738281 0.356250 0.021875 0.029167
0 0.841016 0.145139 0.014844 0.037500
0 0.217188 0.644444 0.026562 0.030556
0 0.708594 0.967361 0.018750 0.029167
0 0.592969 0.813889 0.023438 0.030556
0 0.342969 0.902083 0.025000 0.026389
0 0.026562 0.218750 0.017188 0.031944
0 0.376953 0.763194 0.024219 0.043056
0 0.369531 0.923611 0.021875 0.038889
0 0.884766 0.837500 0.022656 0.027778
0 0.581641 0.751389 0.022656 0.047222
0 0.803906 0.275000 0.014063 0.044444
0 0.687500 0.183333 0.018750 0.030556
0 0.164844 0.170833 0.015625 0.044444
0 0.733594 0.145833 0.020313 0.030556
0 0.330078 0.701389 0.022656 0.025000
0 0.948438 0.038889 0.021875 0.041667
0 0.108203 0.286806 0.019531 0.034722
0 0.150000 0.684722 0.025000 0.033333
0 0.289844 0.366667 0.020313 0.047222
0 0.685937 0.319444 0.023438 0.027778
0 0.150781 0.775000 0.017188 0.025000
0 0.502734 0.034722 0.022656 0.025000
0 0.897266 0.161806 0.014844 0.043056
0 0.030078 0.100000 0.017969 0.047222
0 0.977734 0.604861 0.025781 0.029167
0 0.970703 0.309722 0.021094 0.025000
0 0.259766 0.335417 0.027344 0.029167
0 0.808984 0.225694 0.014844 0.040278
0 0.107813 0.065972 0.015625 0.034722
0 0.825000 0.813194 0.015625 0.031944
0 0.755078 0.100694 0.025781 0.031944
0 0.191016 0.274306 0.019531 0.040278
0 0.035547 0.839583 0.019531 0.026389
0 0.192188 0.847917 0.015625 0.029167
0 0.867969 0.679167 0.026562 0.033333
0 0.223047 0.182639 0.019531 0.026389
0 0.961719 0.938889 0.028125 0.050000
0 0.264844 0.625000 0.023438 0.025000
0 0.624609 0.813194 0.024219 0.043056
0 0.768750 0.056944 0.023438 0.030556
0 0.299219 0.610417 0.014063 0.034722
0 0.133594 0.850000 0.015625 0.038889
0 0.096875 0.845833 0.020313 0.044444
0 0.371094 0.878472 0.023438 0.026389
0 0.845703 0.202778 0.019531 0.025000
0 0.146484 0.075000 0.027344 0.041667
0 0.588281 0.694444 0.020313 0.025000
0 0.629687 0.956944 0.018750 0.038889
0 0.678125 0.367361 0.018750 0.034722
0 0.269531 0.863194 0.026562 0.043056
0 0.776563 0.327778 0.017188 0.038889
0 0.539844 0.636806 0.025000 0.031944
0 0.966016 0.748611 0.017969 0.044444
0 0.180859 0.947917 0.016406 0.029167
0 0.224609 0.092361 0.019531 0.031944
0 0.430859 0.038194 0.025781 0.043056
0 0.866406 0.735417 0.017188 0.029167
0 0.827734 0.679861 0.016406 0.043056
0 0.539844 0.570833 0.020313 0.044444
0 0.258594 0.256944 0.017188 0.027778
0 0.293359 0.098611 0.019531 0.033333
0 0.075781 0.924306 0.028125 0.043056
0 0.030469 0.291667 0.014063 0.025000
0 0.312500 0.239583 0.023438 0.040278
0 0.298828 0.056250 0.014844 0.031944
0 0.963672 0.165972 0.014844 0.034722
0 0.280078 0.208333 0.017969 0.041667
1 0.482031 0.833333 0.145313 0.225000
1 0.113281 0.518056 0.134375 0.227778
1 0.583203 0.189583 0.166406 0.254167
1 0.735547 0.832639 0.122656 0.184722
1 0.414062 0.559722 0.171875 0.186111
1 0.663281 0.527083 0.168750 0.209722
1 0.394141 0.318750 0.122656 0.234722
1 0.864453 0.492361 0.167969 0.265278