0 0.624023 0.855469 0.033203 0.039062
0 0.355469 0.404297 0.050781 0.039062
0 0.945312 0.874023 0.054688 0.056641
0 0.804688 0.122070 0.054688 0.033203
0 0.506836 0.115234 0.048828 0.050781
0 0.232422 0.760742 0.054688 0.048828
0 0.520508 0.763672 0.052734 0.031250
0 0.603516 0.909180 0.058594 0.041016
0 0.610352 0.227539 0.041016 0.037109
0 0.293945 0.388672 0.048828 0.058594
0 0.596680 0.173828 0.052734 0.035156
0 0.638672 0.060547 0.050781 0.039062
0 0.849609 0.635742 0.046875 0.033203
0 0.090820 0.847656 0.041016 0.035156
0 0.558594 0.034180 0.058594 0.033203
0 0.555664 0.813477 0.041016 0.033203
0 0.946289 0.478516 0.037109 0.039062
0 0.292969 0.649414 0.050781 0.052734
0 0.873047 0.167969 0.054688 0.035156
0 0.049805 0.744141 0.048828 0.046875
0 0.554688 0.225586 0.050781 0.037109
0 0.894531 0.230469 0.035156 0.046875
0 0.945312 0.054688 0.046875 0.031250
0 0.641602 0.764648 0.044922 0.044922
0 0.835938 0.523438 0.046875 0.046875
0 0.836914 0.066406 0.041016 0.046875
0 0.870117 0.583008 0.056641 0.056641
0 0.683594 0.472656 0.035156 0.046875
0 0.480469 0.844727 0.031250 0.052734
0 0.670898 0.137695 0.052734 0.033203
0 0.554688 0.555664 0.050781 0.052734
0 0.770508 0.595703 0.056641 0.035156
0 0.125000 0.789062 0.054688 0.054688
0 0.661133 0.562500 0.044922 0.054688
0 0.487305 0.240234 0.033203 0.046875
0 0.757812 0.649414 0.039062 0.048828
0 0.949219 0.959961 0.058594 0.037109
0 0.699219 0.711914 0.031250 0.041016
0 0.300781 0.766602 0.050781 0.033203
1 0.426758 0.620117 0.177734 0.240234
1 0.383789 0.142578 0.158203 0.222656
1 0.851562 0.361328 0.246094 0.144531
1 0.789062 0.841797 0.230469 0.195312
1 0.162109 0.535156 0.261719 0.152344
1 0.331055 0.892578 0.208984 0.144531
1 0.166016 0.198242 0.222656 0.248047
1 0.533203 0.391602 0.234375 0.166016