0 0.294922 0.667969 0.031250 0.035156
0 0.351562 0.171875 0.031250 0.035156
0 0.620117 0.375977 0.033203 0.044922
0 0.700195 0.442383 0.041016 0.056641
0 0.262695 0.724609 0.056641 0.031250
0 0.313477 0.556641 0.048828 0.039062
0 0.064453 0.453125 0.039062 0.046875
0 0.468750 0.315430 0.035156 0.033203
0 0.940430 0.506836 0.044922 0.048828
0 0.579102 0.041992 0.044922 0.041016
0 0.937500 0.675781 0.058594 0.058594
0 0.541992 0.309570 0.056641 0.056641
0 0.081055 0.506836 0.044922 0.044922
0 0.706055 0.306641 0.033203 0.042969
0 0.336914 0.499023 0.044922 0.056641
0 0.627930 0.092773 0.041016 0.041016
0 0.833984 0.306641 0.054688 0.031250
0 0.833008 0.050781 0.056641 0.054688
0 0.333008 0.611328 0.044922 0.035156
0 0.376953 0.241211 0.046875 0.056641
0 0.087891 0.385742 0.042969 0.048828
0 0.031250 0.723633 0.031250 0.037109
0 0.755859 0.292969 0.050781 0.046875
0 0.063477 0.964844 0.056641 0.039062
0 0.904297 0.268555 0.039062 0.041016
0 0.334961 0.939453 0.037109 0.042969
0 0.829102 0.457031 0.044922 0.039062
0 0.939453 0.351562 0.031250 0.035156
0 0.258789 0.869141 0.048828 0.046875
0 0.289062 0.811523 0.054688 0.052734
0 0.349609 0.759766 0.039062 0.050781
0 0.264648 0.966797 0.048828 0.035156
0 0.451172 0.065430 0.054688 0.037109
0 0.384766 0.823242 0.050781 0.033203
0 0.309570 0.434570 0.041016 0.037109
1 0.535156 0.824219 0.234375 0.261719
1 0.544922 0.196289 0.238281 0.150391
1 0.495117 0.555664 0.251953 0.220703
1 0.132812 0.781250 0.156250 0.269531
1 0.817383 0.849609 0.201172 0.191406
1 0.809570 0.155273 0.150391 0.138672
1 0.197266 0.164062 0.242188 0.269531
1 0.801758 0.583984 0.169922 0.199219