0 0.408203 0.711914 0.042969 0.033203
0 0.081055 0.924805 0.056641 0.044922
0 0.940430 0.820312 0.041016 0.042969
0 0.898438 0.703125 0.050781 0.039062
0 0.849609 0.854492 0.058594 0.056641
0 0.513672 0.703125 0.054688 0.042969
0 0.939453 0.404297 0.050781 0.042969
0 0.510742 0.606445 0.037109 0.041016
0 0.433594 0.530273 0.031250 0.041016
0 0.702148 0.383789 0.048828 0.052734
0 0.326172 0.522461 0.046875 0.056641
0 0.104492 0.137695 0.056641 0.044922
0 0.830078 0.674805 0.046875 0.041016
0 0.190430 0.599609 0.048828 0.039062
0 0.674805 0.180664 0.037109 0.052734
0 0.068359 0.802734 0.031250 0.042969
0 0.614258 0.618164 0.041016 0.056641
0 0.593750 0.521484 0.058594 0.058594
0 0.063477 0.291016 0.056641 0.039062
0 0.527344 0.451172 0.031250 0.058594
0 0.443359 0.634766 0.035156 0.039062
0 0.044922 0.388672 0.031250 0.058594
0 0.067383 0.040039 0.037109 0.048828
0 0.879883 0.539062 0.037109 0.050781
0 0.269531 0.507812 0.039062 0.042969
0 0.913086 0.944336 0.041016 0.052734
0 0.908203 0.345703 0.046875 0.050781
0 0.038086 0.602539 0.044922 0.037109
0 0.837891 0.376953 0.050781 0.035156
0 0.474609 0.481445 0.031250 0.048828
0 0.066406 0.702148 0.058594 0.033203
0 0.619141 0.746094 0.035156 0.046875
0 0.188477 0.957031 0.041016 0.054688
0 0.873047 0.772461 0.039062 0.052734
0 0.787109 0.335938 0.058594 0.031250
0 0.656250 0.098633 0.031250 0.056641
0 0.949219 0.525391 0.050781 0.031250
0 0.701172 0.284180 0.050781 0.041016
0 0.900391 0.605469 0.046875 0.046875
0 0.258789 0.596680 0.041016 0.056641
0 0.843750 0.933594 0.054688 0.058594
0 0.578125 0.705078 0.031250 0.046875
0 0.606445 0.800781 0.041016 0.046875
0 0.328125 0.236328 0.031250 0.035156
1 0.255859 0.785156 0.246094 0.261719
1 0.514648 0.141602 0.177734 0.193359
1 0.368164 0.355469 0.212891 0.187500
1 0.728516 0.820312 0.140625 0.253906
1 0.147461 0.418945 0.154297 0.197266
1 0.720703 0.572266 0.156250 0.191406
1 0.493164 0.861328 0.138672 0.230469
1 0.860352 0.169922 0.236328 0.261719
1 0.268555 0.120117 0.232422 0.146484