0 0.185156 0.284028 0.014063 0.029167
0 0.626563 0.575694 0.018750 0.048611
0 0.821094 0.081944 0.020313 0.025000
0 0.263281 0.518750 0.017188 0.034722
0 0.841797 0.609722 0.019531 0.047222
0 0.455859 0.561806 0.019531 0.048611
0 0.956641 0.903472 0.025781 0.045833
0 0.316406 0.908333 0.020313 0.047222
0 0.319922 0.507639 0.016406 0.048611
0 0.059375 0.919444 0.025000 0.036111
0 0.198047 0.180556 0.022656 0.047222
0 0.034375 0.679167 0.023438 0.030556
0 0.093750 0.050000 0.018750 0.036111
0 0.263672 0.385417 0.014844 0.045833
0 0.083984 0.793056 0.017969 0.047222
0 0.387500 0.527778 0.017188 0.036111
0 0.529687 0.686111 0.025000 0.033333
0 0.140625 0.761111 0.028125 0.033333
0 0.638672 0.327083 0.027344 0.045833
0 0.163281 0.148611 0.026562 0.044444
0 0.746484 0.131944 0.022656 0.030556
0 0.742578 0.952778 0.016406 0.030556
0 0.191406 0.850694 0.018750 0.048611
0 0.966406 0.391667 0.023438 0.027778
0 0.497656 0.437500 0.018750 0.041667
0 0.148047 0.232639 0.022656 0.034722
0 0.662109 0.402778 0.025781 0.044444
0 0.060937 0.252778 0.023438 0.044444
0 0.266797 0.336806 0.025781 0.037500
0 0.441797 0.070833 0.014844 0.030556
0 0.789062 0.179861 0.018750 0.037500
0 0.044141 0.789583 0.024219 0.043056
0 0.177734 0.775000 0.024219 0.050000
0 0.954297 0.192361 0.016406 0.029167
0 0.364063 0.338194 0.023438 0.037500
0 0.045312 0.729861 0.023438 0.029167
0 0.671484 0.955556 0.022656 0.033333
0 0.068359 0.322917 0.025781 0.048611
0 0.628516 0.174306 0.024219 0.040278
0 0.970313 0.087500 0.018750 0.036111
0 0.105078 0.892361 0.025781 0.029167
0 0.947266 0.571528 0.024219 0.040278
0 0.714063 0.059722 0.023438 0.047222
0 0.643750 0.522222 0.018750 0.027778
0 0.973828 0.716667 0.027344 0.047222
0 0.785156 0.063194 0.026562 0.031944
0 0.322266 0.323611 0.019531 0.033333
0 0.087500 0.204167 0.021875 0.038889
0 0.662500 0.172917 0.028125 0.045833
0 0.842969 0.122222 0.020313 0.025000
0 0.382422 0.595139 0.024219 0.043056
0 0.044531 0.118750 0.028125 0.043056
0 0.576953 0.458333 0.014844 0.025000
0 0.842969 0.956944 0.020313 0.047222
0 0.429688 0.575000 0.018750 0.027778
0 0.453906 0.407639 0.028125 0.045833
0 0.508203 0.393056 0.022656 0.027778
0 0.823047 0.240278 0.014844 0.050000
0 0.628516 0.127083 0.025781 0.043056
0 0.177344 0.906944 0.014063 0.027778
0 0.883594 0.162500 0.015625 0.025000
0 0.118359 0.661111 0.014844 0.030556
0 0.348438 0.400694 0.025000 0.043056
0 0.970313 0.350694 0.014063 0.040278
0 0.088281 0.718056 0.023438 0.033333
0 0.137891 0.714583 0.017969 0.040278
0 0.249219 0.909028 0.018750 0.037500
0 0.605859 0.393750 0.024219 0.031944
0 0.194531 0.719444 0.021875 0.033333
0 0.764453 0.230556 0.027344 0.033333
0 0.168750 0.101389 0.025000 0.030556
0 0.176563 0.239583 0.026562 0.040278
1 0.271094 0.688889 0.093750 0.283333
1 0.105078 0.497222 0.132031 0.261111
1 0.761328 0.762500 0.117969 0.252778
1 0.639453 0.806250 0.094531 0.218056
1 0.526172 0.235417 0.166406 0.268056
1 0.844922 0.372917 0.164844 0.181944
1 0.330078 0.159028 0.167969 0.201389
1 0.429297 0.794444 0.161719 0.266667