0 0.648047 0.163194 0.017969 0.043056
0 0.591406 0.892361 0.020313 0.034722
0 0.865625 0.430556 0.028125 0.038889
0 0.039062 0.065278 0.017188 0.041667
0 0.023828 0.491667 0.019531 0.036111
0 0.644531 0.100000 0.020313 0.033333
0 0.696094 0.182639 0.018750 0.040278
0 0.291797 0.672222 0.019531 0.050000
0 0.758984 0.196528 0.022656 0.037500
0 0.512891 0.240278 0.027344 0.050000
0 0.937500 0.065972 0.028125 0.031944
0 0.266406 0.513889 0.023438 0.036111
0 0.406250 0.706944 0.017188 0.038889
0 0.273828 0.100000 0.019531 0.027778
0 0.229297 0.133333 0.019531 0.027778
0 0.792188 0.945833 0.021875 0.030556
0 0.092969 0.190278 0.023438 0.038889
0 0.124609 0.034722 0.017969 0.033333
0 0.067187 0.914583 0.028125 0.040278
0 0.948828 0.828472 0.021094 0.043056
0 0.887891 0.140278 0.017969 0.033333
0 0.956641 0.226389 0.016406 0.030556
0 0.928906 0.525000 0.017188 0.038889
0 0.323437 0.786806 0.025000 0.045833
0 0.639453 0.961111 0.019531 0.038889
0 0.491016 0.165278 0.017969 0.030556
0 0.228125 0.372222 0.026562 0.027778
0 0.475781 0.483333 0.018750 0.038889
0 0.235937 0.268750 0.023438 0.043056
0 0.931641 0.950000 0.021094 0.041667
0 0.460156 0.745833 0.021875 0.038889
0 0.506250 0.620139 0.017188 0.034722
0 0.371484 0.852778 0.024219 0.044444
0 0.087891 0.256944 0.016406 0.030556
0 0.553906 0.100000 0.023438 0.044444
0 0.967969 0.161806 0.025000 0.043056
0 0.427344 0.602083 0.017188 0.045833
0 0.560937 0.178472 0.018750 0.034722
0 0.730078 0.123611 0.027344 0.025000
0 0.533203 0.720833 0.019531 0.036111
0 0.115625 0.940972 0.015625 0.048611
0 0.698828 0.819444 0.027344 0.041667
0 0.037500 0.432639 0.014063 0.029167
0 0.256250 0.168056 0.028125 0.047222
0 0.020313 0.559028 0.015625 0.048611
0 0.050000 0.747917 0.015625 0.043056
0 0.867188 0.530556 0.020313 0.050000
0 0.919922 0.448611 0.027344 0.044444
0 0.962891 0.743750 0.019531 0.029167
0 0.453906 0.321528 0.020313 0.029167
0 0.866797 0.938889 0.019531 0.041667
0 0.733594 0.896528 0.017188 0.043056
0 0.410547 0.470833 0.019531 0.038889
0 0.104297 0.300000 0.014844 0.025000
0 0.836328 0.079167 0.014844 0.041667
0 0.755078 0.850694 0.019531 0.048611
0 0.429297 0.811111 0.014844 0.041667
0 0.547266 0.946528 0.021094 0.043056
0 0.764062 0.956944 0.015625 0.027778
0 0.626563 0.825694 0.014063 0.034722
0 0.019922 0.897917 0.017969 0.048611
0 0.850781 0.034028 0.017188 0.031944
0 0.276172 0.593056 0.016406 0.047222
0 0.468359 0.798611 0.025781 0.027778
0 0.382422 0.476389 0.016406 0.038889
0 0.658594 0.845833 0.020313 0.025000
0 0.551172 0.866667 0.014844 0.025000
0 0.589844 0.687500 0.021875 0.038889
0 0.615625 0.772917 0.017188 0.034722
0 0.983203 0.440278 0.014844 0.041667
0 0.050000 0.130556 0.021875 0.044444
0 0.689453 0.592361 0.017969 0.029167
0 0.432031 0.920139 0.020313 0.034722
0 0.884766 0.094444 0.017969 0.025000
0 0.441406 0.061806 0.018750 0.037500
0 0.205469 0.431250 0.026562 0.043056
0 0.060937 0.365972 0.020313 0.048611
0 0.184375 0.198611 0.026562 0.038889
0 0.489453 0.370833 0.024219 0.030556
0 0.382812 0.636806 0.023438 0.037500
0 0.552734 0.815278 0.017969 0.036111
1 0.856250 0.305556 0.148438 0.188889
1 0.226562 0.858333 0.134375 0.200000
1 0.355859 0.290278 0.157031 0.297222
1 0.857422 0.741667 0.102344 0.230556
1 0.120703 0.565278 0.119531 0.255556
1 0.726953 0.704167 0.121094 0.166667
1 0.571484 0.429861 0.121094 0.279167