0 0.410156 0.540039 0.042969 0.041016
0 0.665039 0.848633 0.048828 0.048828
0 0.900391 0.061523 0.046875 0.056641
0 0.113281 0.916992 0.035156 0.048828
0 0.199219 0.333984 0.039062 0.031250
0 0.359375 0.729492 0.050781 0.037109
0 0.834961 0.470703 0.033203 0.039062
0 0.522461 0.474609 0.056641 0.046875
0 0.054688 0.537109 0.039062 0.035156
0 0.938477 0.292969 0.037109 0.058594
0 0.774414 0.519531 0.041016 0.050781
0 0.320312 0.964844 0.035156 0.035156
0 0.452148 0.253906 0.041016 0.050781
0 0.289062 0.392578 0.031250 0.035156
0 0.652344 0.931641 0.031250 0.058594
0 0.395508 0.294922 0.037109 0.039062
0 0.386719 0.404297 0.054688 0.050781
0 0.489258 0.397461 0.056641 0.033203
0 0.242188 0.277344 0.058594 0.031250
0 0.083984 0.800781 0.042969 0.054688
0 0.833984 0.520508 0.035156 0.041016
0 0.445312 0.342773 0.031250 0.044922
0 0.934570 0.941406 0.041016 0.035156
0 0.515625 0.205078 0.054688 0.058594
0 0.583008 0.417969 0.033203 0.035156
0 0.774414 0.919922 0.052734 0.050781
0 0.643555 0.510742 0.048828 0.056641
0 0.056641 0.085938 0.031250 0.042969
0 0.880859 0.472656 0.039062 0.035156
0 0.126953 0.635742 0.050781 0.048828
0 0.512695 0.958008 0.048828 0.033203
0 0.200195 0.736328 0.041016 0.058594
0 0.094727 0.747070 0.048828 0.037109
0 0.840820 0.932617 0.037109 0.048828
0 0.891602 0.602539 0.052734 0.033203
0 0.520508 0.314453 0.052734 0.035156
0 0.765625 0.603516 0.035156 0.031250
0 0.821289 0.084961 0.037109 0.048828
0 0.055664 0.893555 0.037109 0.056641
0 0.081055 0.247070 0.056641 0.052734
0 0.105469 0.129883 0.046875 0.033203
0 0.111328 0.063477 0.039062 0.048828
1 0.278320 0.561523 0.146484 0.185547
1 0.644531 0.193359 0.160156 0.242188
1 0.830078 0.288086 0.164062 0.244141
1 0.273438 0.137695 0.250000 0.205078
1 0.534180 0.653320 0.255859 0.166016
1 0.846680 0.733398 0.251953 0.189453
1 0.396484 0.859375 0.257812 0.136719