0 0.103516 0.475586 0.035156 0.056641
0 0.083008 0.183594 0.037109 0.039062
0 0.884766 0.605469 0.050781 0.050781
0 0.272461 0.544922 0.041016 0.058594
0 0.150391 0.400391 0.035156 0.046875
0 0.471680 0.289062 0.037109 0.050781
0 0.553711 0.366211 0.048828 0.048828
0 0.126953 0.084961 0.050781 0.056641
0 0.218750 0.373047 0.054688 0.035156
0 0.324219 0.302734 0.031250 0.054688
0 0.445312 0.854492 0.050781 0.044922
0 0.889648 0.051758 0.041016 0.052734
0 0.609375 0.614258 0.031250 0.044922
0 0.750977 0.822266 0.041016 0.042969
0 0.447266 0.707031 0.054688 0.039062
0 0.116211 0.140625 0.041016 0.031250
0 0.808594 0.642578 0.054688 0.035156
0 0.064453 0.575195 0.046875 0.052734
0 0.157227 0.512695 0.052734 0.044922
0 0.897461 0.312500 0.048828 0.035156
0 0.464844 0.655273 0.042969 0.044922
0 0.102539 0.336914 0.041016 0.048828
0 0.161133 0.285156 0.041016 0.058594
0 0.045898 0.392578 0.041016 0.031250
0 0.230469 0.276367 0.042969 0.037109
0 0.069336 0.903320 0.041016 0.056641
0 0.943359 0.044922 0.035156 0.035156
0 0.902344 0.497070 0.058594 0.037109
0 0.794922 0.125977 0.058594 0.033203
0 0.166992 0.031250 0.037109 0.031250
0 0.054688 0.120117 0.042969 0.056641
0 0.931641 0.375977 0.046875 0.056641
0 0.157227 0.915039 0.033203 0.033203
0 0.823242 0.039062 0.048828 0.035156
0 0.884766 0.180664 0.054688 0.056641
0 0.669922 0.615234 0.054688 0.042969
0 0.877930 0.120117 0.052734 0.037109
1 0.423828 0.501953 0.207031 0.179688
1 0.728516 0.454102 0.242188 0.255859
1 0.606445 0.838867 0.169922 0.255859
1 0.655273 0.179688 0.197266 0.160156
1 0.310547 0.165039 0.210938 0.150391
1 0.276367 0.767578 0.244141 0.230469
1 0.890625 0.812500 0.179688 0.238281