0 0.547852 0.479492 0.044922 0.033203
0 0.233398 0.566406 0.052734 0.035156
0 0.276367 0.175781 0.048828 0.046875
0 0.192383 0.847656 0.033203 0.046875
0 0.916016 0.698242 0.039062 0.033203
0 0.086914 0.520508 0.056641 0.041016
0 0.312500 0.909180 0.058594 0.041016
0 0.280273 0.044922 0.041016 0.050781
0 0.830078 0.961914 0.031250 0.033203
0 0.654297 0.371094 0.035156 0.046875
0 0.488281 0.708008 0.035156 0.033203
0 0.945312 0.160156 0.054688 0.050781
0 0.047852 0.193359 0.052734 0.035156
0 0.435547 0.726562 0.050781 0.042969
0 0.949219 0.624023 0.042969 0.033203
0 0.386719 0.781250 0.058594 0.042969
0 0.473633 0.843750 0.048828 0.042969
0 0.334961 0.103516 0.048828 0.046875
0 0.674805 0.916016 0.048828 0.058594
0 0.878906 0.052734 0.054688 0.046875
0 0.880859 0.250977 0.035156 0.044922
0 0.451172 0.354492 0.035156 0.056641
0 0.845703 0.563477 0.042969 0.037109
0 0.380859 0.830078 0.039062 0.031250
0 0.435547 0.616211 0.058594 0.033203
0 0.911133 0.354492 0.033203 0.037109
0 0.206055 0.902344 0.037109 0.046875
0 0.097656 0.945312 0.035156 0.035156
0 0.710938 0.339844 0.058594 0.054688
0 0.894531 0.947266 0.039062 0.042969
0 0.764648 0.040039 0.041016 0.033203
0 0.210938 0.073242 0.039062 0.037109
0 0.046875 0.104492 0.042969 0.056641
0 0.435547 0.480469 0.054688 0.039062
0 0.940430 0.224609 0.037109 0.050781
0 0.898438 0.600586 0.039062 0.044922
0 0.939453 0.500000 0.039062 0.050781
0 0.482422 0.424805 0.031250 0.056641
0 0.192383 0.140625 0.048828 0.058594
0 0.770508 0.375977 0.033203 0.052734
0 0.876953 0.880859 0.050781 0.046875
0 0.502930 0.664062 0.033203 0.031250
0 0.862305 0.342773 0.044922 0.048828
0 0.241211 0.493164 0.041016 0.044922
0 0.284180 0.963867 0.056641 0.037109
0 0.360352 0.959961 0.037109 0.041016
0 0.884766 0.434570 0.042969 0.052734
1 0.718750 0.773438 0.246094 0.207031
1 0.713867 0.546875 0.142578 0.195312
1 0.250000 0.323242 0.253906 0.228516
1 0.761719 0.180664 0.160156 0.228516
1 0.203125 0.709961 0.250000 0.185547
1 0.495117 0.187500 0.154297 0.257812