0 0.230469 0.503906 0.046875 0.054688
0 0.877930 0.187500 0.041016 0.050781
0 0.166016 0.066406 0.046875 0.046875
0 0.402344 0.125000 0.058594 0.058594
0 0.409180 0.744141 0.037109 0.039062
0 0.499023 0.935547 0.033203 0.039062
0 0.955078 0.723633 0.035156 0.056641
0 0.183594 0.142578 0.035156 0.050781
0 0.401367 0.363281 0.056641 0.031250
0 0.266602 0.670898 0.048828 0.056641
0 0.529297 0.210938 0.054688 0.042969
0 0.270508 0.057617 0.041016 0.052734
0 0.367188 0.210938 0.050781 0.042969
0 0.631836 0.923828 0.052734 0.035156
0 0.853516 0.585938 0.050781 0.035156
0 0.589844 0.358398 0.054688 0.048828
0 0.374023 0.809570 0.033203 0.033203
0 0.860352 0.073242 0.052734 0.037109
0 0.535156 0.094727 0.058594 0.033203
0 0.915039 0.046875 0.041016 0.035156
0 0.080078 0.072266 0.031250 0.058594
0 0.095703 0.921875 0.058594 0.039062
0 0.036133 0.797852 0.037109 0.048828
0 0.370117 0.888672 0.052734 0.050781
0 0.494141 0.520508 0.035156 0.044922
0 0.087891 0.803711 0.031250 0.037109
0 0.870117 0.416016 0.044922 0.042969
0 0.699219 0.049805 0.042969 0.041016
0 0.922852 0.538086 0.044922 0.044922
0 0.579102 0.271484 0.052734 0.042969
0 0.181641 0.865234 0.031250 0.046875
0 0.244141 0.826172 0.042969 0.039062
0 0.552734 0.952148 0.054688 0.041016
0 0.789062 0.382812 0.031250 0.035156
0 0.350586 0.744141 0.041016 0.046875
0 0.494141 0.333984 0.054688 0.039062
0 0.943359 0.234375 0.035156 0.039062
0 0.114258 0.170898 0.037109 0.044922
0 0.171875 0.499023 0.050781 0.037109
0 0.674805 0.357422 0.033203 0.031250
0 0.401367 0.694336 0.056641 0.033203
0 0.299805 0.154297 0.037109 0.039062
1 0.141602 0.645508 0.166016 0.181641
1 0.234375 0.290039 0.187500 0.205078
1 0.553711 0.779297 0.150391 0.210938
1 0.730469 0.229492 0.160156 0.193359
1 0.658203 0.520508 0.167969 0.220703
1 0.793945 0.823242 0.205078 0.251953
1 0.344727 0.535156 0.166016 0.195312