0 0.929688 0.095139 0.017188 0.045833
0 0.132422 0.271528 0.025781 0.043056
0 0.518359 0.059028 0.019531 0.031944
0 0.440234 0.966667 0.027344 0.030556
0 0.636719 0.879167 0.018750 0.033333
0 0.737891 0.541667 0.025781 0.038889
0 0.437891 0.913889 0.027344 0.036111
0 0.866797 0.425000 0.024219 0.025000
0 0.926172 0.949306 0.019531 0.029167
0 0.706641 0.395833 0.017969 0.033333
0 0.819141 0.955556 0.017969 0.044444
0 0.610547 0.470139 0.027344 0.034722
0 0.273828 0.820833 0.025781 0.027778
0 0.913281 0.543056 0.023438 0.047222
0 0.492578 0.755556 0.022656 0.038889
0 0.778125 0.963194 0.017188 0.037500
0 0.790625 0.803472 0.018750 0.037500
0 0.314063 0.135417 0.015625 0.031944
0 0.324219 0.910417 0.021875 0.029167
0 0.676172 0.470139 0.022656 0.043056
0 0.537891 0.935417 0.014844 0.026389
0 0.967187 0.311806 0.015625 0.043056
0 0.766406 0.034028 0.023438 0.029167
0 0.512109 0.110417 0.017969 0.037500
0 0.390625 0.313194 0.017188 0.031944
0 0.348438 0.209722 0.023438 0.025000
0 0.137109 0.961806 0.022656 0.034722
0 0.564844 0.916667 0.025000 0.041667
0 0.167578 0.565972 0.027344 0.043056
0 0.951562 0.661806 0.025000 0.043056
0 0.694922 0.936111 0.014844 0.027778
0 0.273047 0.891667 0.016406 0.033333
0 0.531641 0.487500 0.016406 0.044444
0 0.465625 0.245139 0.014063 0.045833
0 0.440234 0.235417 0.022656 0.040278
0 0.901172 0.443056 0.014844 0.041667
0 0.899219 0.757639 0.014063 0.034722
0 0.973437 0.584722 0.018750 0.041667
0 0.311719 0.813889 0.017188 0.038889
0 0.964844 0.143750 0.018750 0.029167
0 0.572656 0.960417 0.014063 0.026389
0 0.207422 0.586806 0.016406 0.043056
0 0.034375 0.852778 0.026562 0.027778
0 0.925781 0.638194 0.018750 0.043056
0 0.821484 0.034722 0.016406 0.030556
0 0.094922 0.907639 0.027344 0.045833
0 0.787109 0.543056 0.017969 0.047222
0 0.409766 0.203472 0.016406 0.043056
0 0.612500 0.946528 0.023438 0.026389
0 0.418750 0.108333 0.028125 0.027778
0 0.690234 0.050694 0.017969 0.045833
0 0.694922 0.847222 0.014844 0.027778
0 0.739844 0.924306 0.021875 0.026389
0 0.959766 0.521528 0.017969 0.040278
0 0.726953 0.177083 0.017969 0.034722
0 0.438672 0.072222 0.027344 0.030556
0 0.072656 0.381944 0.025000 0.050000
0 0.494922 0.950000 0.017969 0.025000
0 0.338281 0.097222 0.015625 0.027778
0 0.501953 0.888194 0.027344 0.029167
0 0.267969 0.489583 0.025000 0.037500
0 0.481641 0.173611 0.016406 0.041667
0 0.764062 0.806944 0.020313 0.038889
0 0.851562 0.483333 0.020313 0.027778
0 0.158203 0.210417 0.025781 0.031944
0 0.461328 0.157639 0.017969 0.029167
0 0.346875 0.292361 0.020313 0.040278
0 0.041016 0.793056 0.024219 0.030556
0 0.054297 0.725694 0.017969 0.026389
0 0.299219 0.313194 0.014063 0.043056
0 0.485547 0.253472 0.019531 0.029167
0 0.101172 0.195833 0.016406 0.044444
0 0.244531 0.080556 0.023438 0.036111
0 0.022266 0.143056 0.025781 0.038889
1 0.598437 0.731250 0.139063 0.234722
1 0.289844 0.643750 0.117188 0.218056
1 0.839844 0.224306 0.146875 0.287500
1 0.231641 0.317361 0.094531 0.184722
1 0.586328 0.317361 0.150781 0.223611
1 0.414453 0.724306 0.096094 0.276389
1 0.089063 0.558333 0.093750 0.244444
1 0.803125 0.681944 0.142187 0.172222