0 0.663086 0.353516 0.052734 0.035156
0 0.360352 0.435547 0.048828 0.046875
0 0.914062 0.113281 0.046875 0.031250
0 0.663086 0.947266 0.033203 0.039062
0 0.643555 0.669922 0.056641 0.035156
0 0.302734 0.949219 0.035156 0.058594
0 0.631836 0.607422 0.052734 0.058594
0 0.307617 0.620117 0.033203 0.037109
0 0.425781 0.656250 0.046875 0.031250
0 0.611328 0.399414 0.042969 0.037109
0 0.301758 0.262695 0.044922 0.037109
0 0.657227 0.511719 0.056641 0.054688
0 0.514648 0.587891 0.052734 0.050781
0 0.704102 0.705078 0.037109 0.050781
0 0.448242 0.724609 0.044922 0.035156
0 0.228516 0.173828 0.054688 0.054688
0 0.734375 0.533203 0.039062 0.050781
0 0.285156 0.684570 0.050781 0.048828
0 0.065430 0.875000 0.033203 0.031250
0 0.375000 0.538086 0.054688 0.052734
0 0.171875 0.606445 0.031250 0.052734
0 0.546875 0.765625 0.050781 0.058594
0 0.647461 0.233398 0.041016 0.041016
0 0.160156 0.937500 0.046875 0.031250
0 0.378906 0.956055 0.050781 0.052734
0 0.793945 0.646484 0.052734 0.050781
0 0.541992 0.710938 0.033203 0.031250
0 0.129883 0.865234 0.033203 0.054688
0 0.122070 0.155273 0.041016 0.048828
0 0.263672 0.055664 0.058594 0.033203
0 0.204102 0.384766 0.048828 0.058594
0 0.822266 0.530273 0.031250 0.044922
0 0.756836 0.208008 0.033203 0.044922
0 0.309570 0.470703 0.033203 0.039062
0 0.126953 0.771484 0.042969 0.058594
0 0.037109 0.177734 0.031250 0.050781
0 0.535156 0.297852 0.039062 0.041016
1 0.832031 0.814453 0.203125 0.207031
1 0.462891 0.152344 0.203125 0.226562
1 0.376953 0.827148 0.246094 0.142578
1 0.494141 0.421875 0.167969 0.144531
1 0.100586 0.411133 0.142578 0.267578
1 0.823242 0.376953 0.244141 0.214844