0 0.133984 0.897917 0.019531 0.031944
0 0.403516 0.588889 0.014844 0.047222
0 0.827344 0.813194 0.015625 0.040278
0 0.417969 0.133333 0.015625 0.044444
0 0.476172 0.629167 0.016406 0.030556
0 0.132812 0.209028 0.015625 0.034722
0 0.292187 0.838889 0.026562 0.044444
0 0.607031 0.151389 0.023438 0.050000
0 0.548828 0.950000 0.019531 0.027778
0 0.315625 0.634722 0.018750 0.047222
0 0.137109 0.134028 0.014844 0.026389
0 0.892188 0.048611 0.023438 0.025000
0 0.186719 0.671528 0.014063 0.045833
0 0.866016 0.381944 0.022656 0.044444
0 0.091016 0.077778 0.025781 0.041667
0 0.106250 0.927778 0.023438 0.044444
0 0.592578 0.259722 0.014844 0.050000
0 0.771094 0.480556 0.025000 0.030556
0 0.582812 0.823611 0.020313 0.036111
0 0.666797 0.061111 0.019531 0.044444
0 0.405859 0.060417 0.025781 0.043056
0 0.880859 0.150000 0.019531 0.036111
0 0.098047 0.384722 0.016406 0.041667
0 0.687891 0.677778 0.021094 0.044444
0 0.885547 0.258333 0.022656 0.030556
0 0.334375 0.938194 0.021875 0.031944
0 0.025781 0.336111 0.015625 0.030556
0 0.061719 0.408333 0.026562 0.038889
0 0.550000 0.143750 0.020313 0.048611
0 0.562891 0.218056 0.017969 0.033333
0 0.581641 0.940278 0.019531 0.047222
0 0.784766 0.932639 0.014844 0.026389
0 0.041797 0.263889 0.016406 0.038889
0 0.080859 0.145139 0.027344 0.045833
0 0.297656 0.097917 0.017188 0.040278
0 0.590625 0.197917 0.020313 0.029167
0 0.939063 0.340972 0.015625 0.045833
0 0.950000 0.530556 0.014063 0.030556
0 0.797266 0.315972 0.021094 0.031944
0 0.199609 0.868750 0.024219 0.031944
0 0.975000 0.456944 0.021875 0.047222
0 0.263672 0.757639 0.021094 0.048611
0 0.362891 0.222222 0.021094 0.044444
0 0.973437 0.065278 0.017188 0.041667
0 0.025000 0.061806 0.014063 0.031944
0 0.542578 0.777778 0.025781 0.036111
0 0.938672 0.259722 0.019531 0.027778
0 0.636719 0.635417 0.018750 0.040278
0 0.951172 0.879861 0.014844 0.048611
0 0.034766 0.446528 0.021094 0.026389
0 0.941406 0.077778 0.017188 0.044444
0 0.557813 0.643750 0.028125 0.048611
0 0.751563 0.552778 0.015625 0.050000
0 0.093359 0.338889 0.016406 0.030556
0 0.827734 0.860417 0.017969 0.037500
0 0.154297 0.937500 0.024219 0.027778
0 0.744922 0.470833 0.016406 0.041667
0 0.934375 0.217361 0.014063 0.034722
0 0.626172 0.304861 0.014844 0.040278
0 0.896875 0.340972 0.025000 0.034722
0 0.846484 0.916667 0.022656 0.050000
0 0.432031 0.597917 0.021875 0.034722
0 0.527734 0.534722 0.021094 0.038889
0 0.274219 0.913889 0.018750 0.025000
0 0.030859 0.824306 0.019531 0.034722
0 0.092969 0.841667 0.017188 0.036111
0 0.807422 0.446528 0.021094 0.034722
0 0.057813 0.079861 0.020313 0.045833
0 0.451562 0.080556 0.028125 0.044444
0 0.283984 0.181944 0.019531 0.030556
0 0.181250 0.747222 0.026562 0.041667
0 0.110547 0.268750 0.016406 0.037500
0 0.980078 0.852778 0.014844 0.038889
0 0.796484 0.813194 0.021094 0.029167
0 0.665625 0.638889 0.014063 0.047222
0 0.750000 0.393056 0.028125 0.047222
0 0.503516 0.600000 0.025781 0.044444
0 0.085156 0.276389 0.018750 0.047222
0 0.837500 0.331944 0.026562 0.050000
0 0.597266 0.751389 0.025781 0.027778
0 0.845313 0.270139 0.021875 0.045833
0 0.853125 0.120833 0.018750 0.027778
0 0.691406 0.195833 0.015625 0.025000
0 0.852734 0.479861 0.022656 0.045833
0 0.703906 0.602778 0.026562 0.030556
0 0.335156 0.668056 0.014063 0.033333
0 0.183203 0.911806 0.025781 0.026389
0 0.813281 0.947917 0.026562 0.026389
0 0.301563 0.530556 0.014063 0.033333
0 0.309766 0.038889 0.016406 0.027778
0 0.662891 0.252778 0.019531 0.041667
0 0.760547 0.850000 0.021094 0.047222
0 0.696094 0.119444 0.015625 0.050000
0 0.909766 0.920833 0.022656 0.041667
0 0.210547 0.786111 0.014844 0.044444
0 0.395313 0.515972 0.020313 0.031944
0 0.028906 0.518750 0.026562 0.026389
0 0.849219 0.056944 0.014063 0.033333
0 0.558594 0.291667 0.014063 0.036111
0 0.339062 0.559028 0.025000 0.034722
1 0.425781 0.808333 0.140625 0.263889
1 0.628125 0.443056 0.154688 0.211111
1 0.451953 0.311111 0.136719 0.272222
1 0.091016 0.691667 0.124219 0.183333
1 0.760156 0.170833 0.096875 0.202778
1 0.277344 0.404861 0.165625 0.187500
1 0.218750 0.163889 0.101562 0.236111