0 0.021094 0.572917 0.020313 0.048611
0 0.917578 0.130556 0.014844 0.041667
0 0.096484 0.184722 0.025781 0.027778
0 0.148438 0.233333 0.015625 0.038889
0 0.795703 0.850694 0.014844 0.026389
0 0.365625 0.105556 0.028125 0.038889
0 0.446875 0.430556 0.018750 0.025000
0 0.907031 0.510417 0.026562 0.026389
0 0.597266 0.462500 0.021094 0.036111
0 0.572656 0.480556 0.015625 0.050000
0 0.042969 0.472222 0.028125 0.033333
0 0.780078 0.925000 0.024219 0.041667
0 0.346875 0.850694 0.014063 0.026389
0 0.496484 0.872917 0.027344 0.043056
0 0.036328 0.059028 0.022656 0.026389
0 0.380859 0.198611 0.016406 0.033333
0 0.392188 0.411806 0.018750 0.034722
0 0.223047 0.606250 0.025781 0.026389
0 0.497266 0.829167 0.017969 0.033333
0 0.151953 0.325000 0.019531 0.044444
0 0.276562 0.188194 0.014063 0.045833
0 0.139453 0.687500 0.019531 0.036111
0 0.174219 0.433333 0.017188 0.044444
0 0.331641 0.094444 0.022656 0.041667
0 0.775000 0.744444 0.023438 0.044444
0 0.197656 0.070833 0.028125 0.047222
0 0.648828 0.032639 0.017969 0.026389
0 0.633984 0.103472 0.019531 0.043056
0 0.700391 0.124306 0.016406 0.045833
0 0.092578 0.575000 0.014844 0.044444
0 0.084375 0.415278 0.023438 0.050000
0 0.368750 0.447917 0.018750 0.040278
0 0.896484 0.155556 0.016406 0.030556
0 0.042969 0.920833 0.023438 0.041667
0 0.950000 0.377083 0.028125 0.043056
0 0.975781 0.731250 0.020313 0.045833
0 0.345703 0.036806 0.024219 0.037500
0 0.851562 0.943056 0.017188 0.050000
0 0.267969 0.037500 0.014063 0.041667
0 0.961328 0.419444 0.027344 0.030556
0 0.657422 0.695833 0.017969 0.047222
0 0.562109 0.547222 0.024219 0.041667
0 0.681641 0.747222 0.021094 0.027778
0 0.024219 0.702083 0.015625 0.026389
0 0.872266 0.109722 0.019531 0.030556
0 0.913672 0.080556 0.019531 0.041667
0 0.300781 0.747917 0.023438 0.045833
0 0.721875 0.791667 0.017188 0.036111
0 0.281250 0.647917 0.020313 0.026389
0 0.435156 0.919444 0.026562 0.047222
0 0.970313 0.194444 0.020313 0.033333
0 0.455078 0.804167 0.027344 0.047222
0 0.340234 0.811111 0.024219 0.030556
0 0.241797 0.559722 0.016406 0.033333
0 0.367578 0.250694 0.016406 0.034722
0 0.650391 0.512500 0.017969 0.041667
0 0.950391 0.920833 0.014844 0.033333
0 0.227344 0.153472 0.020313 0.029167
0 0.730469 0.873611 0.023438 0.050000
0 0.052344 0.784028 0.026562 0.040278
0 0.487500 0.079167 0.015625 0.038889
0 0.845313 0.555556 0.014063 0.044444
0 0.542578 0.048611 0.014844 0.027778
0 0.054688 0.529167 0.023438 0.041667
0 0.155469 0.621528 0.014063 0.034722
0 0.582812 0.050000 0.014063 0.038889
0 0.273438 0.140278 0.026562 0.036111
0 0.816406 0.080556 0.018750 0.036111
0 0.369141 0.820833 0.024219 0.027778
0 0.057813 0.167361 0.020313 0.037500
0 0.535156 0.529167 0.018750 0.030556
0 0.272266 0.822222 0.017969 0.041667
0 0.083203 0.079861 0.027344 0.040278
0 0.160938 0.525000 0.023438 0.044444
0 0.700781 0.073611 0.020313 0.027778
0 0.148047 0.383333 0.022656 0.044444
0 0.746484 0.747917 0.021094 0.045833
0 0.116797 0.365972 0.017969 0.031944
0 0.766406 0.093750 0.026562 0.031944
0 0.919531 0.400694 0.020313 0.034722
0 0.186328 0.229167 0.025781 0.027778
0 0.279297 0.679167 0.019531 0.025000
0 0.138672 0.072917 0.014844 0.045833
0 0.845313 0.114583 0.020313 0.045833
0 0.362109 0.302083 0.017969 0.043056
0 0.025391 0.179861 0.022656 0.026389
0 0.020703 0.648611 0.017969 0.050000
1 0.682813 0.257639 0.157812 0.176389
1 0.879687 0.768056 0.118750 0.241667
1 0.412891 0.645833 0.124219 0.205556
1 0.737109 0.584722 0.125781 0.183333
1 0.274609 0.380556 0.136719 0.272222
1 0.845703 0.334722 0.110156 0.266667
1 0.159375 0.832639 0.128125 0.218056
1 0.586328 0.733333 0.110156 0.300000
1 0.481250 0.268750 0.165625 0.229167