0 0.909180 0.078125 0.037109 0.050781
0 0.801758 0.309570 0.041016 0.044922
0 0.902344 0.896484 0.042969 0.042969
0 0.234375 0.443359 0.046875 0.050781
0 0.045898 0.182617 0.033203 0.041016
0 0.083984 0.333008 0.031250 0.048828
0 0.319336 0.332031 0.033203 0.046875
0 0.476562 0.230469 0.035156 0.039062
0 0.374023 0.517578 0.052734 0.042969
0 0.294922 0.652344 0.031250 0.046875
0 0.500977 0.779297 0.056641 0.035156
0 0.892578 0.554688 0.058594 0.046875
0 0.411133 0.176758 0.052734 0.056641
0 0.964844 0.057617 0.031250 0.041016
0 0.625000 0.708984 0.054688 0.054688
0 0.925781 0.164062 0.050781 0.039062
0 0.941406 0.621094 0.046875 0.035156
0 0.426758 0.337891 0.048828 0.050781
0 0.628906 0.916992 0.046875 0.044922
0 0.951172 0.369141 0.042969 0.035156
0 0.132812 0.443359 0.046875 0.039062
0 0.774414 0.433594 0.056641 0.042969
0 0.100586 0.934570 0.033203 0.056641
0 0.789062 0.235352 0.035156 0.052734
0 0.722656 0.298828 0.042969 0.035156
0 0.814453 0.500000 0.035156 0.054688
0 0.870117 0.250977 0.048828 0.037109
0 0.835938 0.378906 0.050781 0.046875
0 0.524414 0.570312 0.044922 0.054688
0 0.507812 0.833984 0.042969 0.031250
0 0.513672 0.096680 0.035156 0.041016
0 0.185547 0.299805 0.054688 0.044922
0 0.793945 0.056641 0.041016 0.031250
0 0.945312 0.821289 0.054688 0.048828
1 0.580078 0.399414 0.187500 0.259766
1 0.662109 0.154297 0.187500 0.156250
1 0.773438 0.754883 0.214844 0.220703
1 0.326172 0.869141 0.261719 0.156250
1 0.104492 0.634766 0.177734 0.261719
1 0.246094 0.152344 0.218750 0.234375
1 0.465820 0.681641 0.244141 0.140625