0 0.168945 0.822266 0.056641 0.042969
0 0.556641 0.914062 0.046875 0.031250
0 0.950195 0.554688 0.052734 0.058594
0 0.349609 0.305664 0.046875 0.037109
0 0.938477 0.623047 0.056641 0.050781
0 0.749023 0.171875 0.052734 0.035156
0 0.293945 0.231445 0.037109 0.056641
0 0.252930 0.396484 0.037109 0.050781
0 0.297852 0.507812 0.033203 0.058594
0 0.822266 0.130859 0.035156 0.058594
0 0.416016 0.860352 0.039062 0.048828
0 0.494141 0.824219 0.031250 0.058594
0 0.936523 0.047852 0.056641 0.048828
0 0.885742 0.384766 0.033203 0.058594
0 0.083008 0.372070 0.041016 0.056641
0 0.720703 0.343750 0.031250 0.035156
0 0.577148 0.402344 0.037109 0.042969
0 0.269531 0.948242 0.050781 0.048828
0 0.890625 0.112305 0.046875 0.052734
0 0.946289 0.456055 0.056641 0.056641
0 0.917969 0.216797 0.058594 0.035156
0 0.056641 0.759766 0.031250 0.031250
0 0.135742 0.950195 0.033203 0.056641
0 0.326172 0.390625 0.050781 0.035156
0 0.785156 0.939453 0.058594 0.031250
0 0.835938 0.355469 0.050781 0.042969
0 0.524414 0.521484 0.037109 0.054688
0 0.212891 0.332031 0.039062 0.039062
0 0.561523 0.699219 0.033203 0.035156
0 0.660156 0.709961 0.058594 0.037109
0 0.263672 0.881836 0.042969 0.041016
0 0.608398 0.562500 0.037109 0.050781
0 0.639648 0.282227 0.037109 0.041016
0 0.526367 0.646484 0.056641 0.035156
0 0.826172 0.452148 0.039062 0.056641
0 0.908203 0.928711 0.054688 0.056641
0 0.498047 0.932617 0.042969 0.056641
1 0.132812 0.191406 0.230469 0.222656
1 0.446289 0.104492 0.251953 0.177734
1 0.339844 0.676758 0.257812 0.220703
1 0.836914 0.782227 0.271484 0.201172
1 0.728516 0.504883 0.140625 0.255859
1 0.470703 0.353516 0.156250 0.242188
1 0.103516 0.606445 0.136719 0.193359