0 0.216406 0.150694 0.023438 0.037500
0 0.193359 0.759722 0.025781 0.030556
0 0.931641 0.230556 0.027344 0.030556
0 0.961719 0.505556 0.026562 0.027778
0 0.917188 0.470833 0.025000 0.033333
0 0.256250 0.183333 0.017188 0.047222
0 0.294922 0.640278 0.014844 0.050000
0 0.144922 0.959028 0.017969 0.029167
0 0.721094 0.208333 0.026562 0.041667
0 0.225000 0.750694 0.014063 0.040278
0 0.930859 0.656944 0.016406 0.036111
0 0.826562 0.953472 0.014063 0.048611
0 0.964844 0.319444 0.028125 0.036111
0 0.889062 0.304167 0.018750 0.041667
0 0.928516 0.426389 0.021094 0.044444
0 0.925391 0.962500 0.022656 0.025000
0 0.166797 0.609722 0.027344 0.036111
0 0.308203 0.175000 0.025781 0.041667
0 0.353906 0.954861 0.021875 0.040278
0 0.026172 0.867361 0.027344 0.029167
0 0.232422 0.618750 0.027344 0.048611
0 0.894922 0.200694 0.014844 0.040278
0 0.952734 0.653472 0.016406 0.045833
0 0.558984 0.380556 0.025781 0.050000
0 0.037891 0.561806 0.022656 0.029167
0 0.901563 0.058333 0.014063 0.030556
0 0.121484 0.724306 0.027344 0.040278
0 0.495703 0.042361 0.019531 0.045833
0 0.275391 0.959722 0.025781 0.030556
0 0.435156 0.952778 0.017188 0.033333
0 0.887109 0.393750 0.022656 0.048611
0 0.086719 0.731944 0.021875 0.030556
0 0.162500 0.558333 0.028125 0.033333
0 0.470313 0.469444 0.025000 0.050000
0 0.894141 0.582639 0.021094 0.026389
0 0.306250 0.288889 0.021875 0.025000
0 0.512500 0.862500 0.023438 0.047222
0 0.361719 0.070833 0.025000 0.050000
0 0.332422 0.207639 0.014844 0.048611
0 0.545312 0.794444 0.021875 0.047222
0 0.144531 0.054167 0.028125 0.044444
0 0.131250 0.672917 0.026562 0.029167
0 0.917969 0.897222 0.023438 0.030556
0 0.201563 0.672222 0.017188 0.044444
0 0.567187 0.325000 0.021875 0.025000
0 0.641797 0.408333 0.022656 0.041667
0 0.967578 0.873611 0.025781 0.038889
0 0.382812 0.209722 0.014063 0.030556
0 0.955469 0.182639 0.020313 0.045833
0 0.394531 0.474306 0.025000 0.040278
0 0.404687 0.276389 0.026562 0.030556
0 0.609375 0.345833 0.014063 0.030556
0 0.689844 0.477083 0.028125 0.029167
0 0.703125 0.934722 0.025000 0.041667
0 0.589453 0.795833 0.021094 0.027778
0 0.563672 0.950694 0.027344 0.031944
0 0.203906 0.563194 0.017188 0.048611
0 0.074609 0.542361 0.016406 0.045833
0 0.274609 0.118750 0.022656 0.037500
0 0.916797 0.301389 0.021094 0.025000
0 0.473828 0.129861 0.014844 0.048611
0 0.934375 0.175000 0.014063 0.027778
0 0.965234 0.125000 0.025781 0.027778
0 0.154297 0.785417 0.024219 0.034722
0 0.449219 0.531250 0.017188 0.043056
0 0.644922 0.960417 0.016406 0.045833
0 0.049609 0.393750 0.017969 0.040278
0 0.393750 0.386806 0.025000 0.029167
0 0.103516 0.790278 0.022656 0.044444
0 0.321875 0.120139 0.014063 0.034722
0 0.598437 0.390972 0.021875 0.040278
0 0.666797 0.517361 0.024219 0.031944
0 0.060156 0.820833 0.026562 0.025000
0 0.056641 0.468056 0.014844 0.047222
0 0.630078 0.450000 0.014844 0.027778
0 0.976562 0.240278 0.014063 0.050000
0 0.067578 0.287500 0.014844 0.041667
0 0.028906 0.666667 0.028125 0.025000
0 0.707031 0.345833 0.023438 0.047222
0 0.069922 0.063194 0.014844 0.040278
0 0.913281 0.124306 0.026562 0.026389
0 0.941406 0.570833 0.018750 0.038889
0 0.029687 0.343056 0.014063 0.027778
1 0.573047 0.600694 0.153906 0.254167
1 0.476172 0.252778 0.100781 0.180556
1 0.770312 0.395833 0.093750 0.252778
1 0.298828 0.462500 0.099219 0.247222
1 0.135156 0.387500 0.096875 0.213889
1 0.628125 0.165278 0.150000 0.205556
1 0.725781 0.703472 0.109375 0.218056
1 0.858594 0.759722 0.115625 0.177778
1 0.389062 0.815278 0.145313 0.183333