0 0.242188 0.483333 0.023438 0.050000
0 0.339062 0.557639 0.017188 0.031944
0 0.742969 0.623611 0.026562 0.027778
0 0.030469 0.075694 0.021875 0.043056
0 0.130078 0.663889 0.019531 0.047222
0 0.025391 0.790972 0.016406 0.045833
0 0.253125 0.060417 0.025000 0.026389
0 0.671875 0.928472 0.025000 0.031944
0 0.330859 0.197917 0.019531 0.034722
0 0.587891 0.777778 0.019531 0.025000
0 0.893359 0.047222 0.022656 0.030556
0 0.066797 0.184722 0.022656 0.030556
0 0.041406 0.572222 0.018750 0.044444
0 0.775000 0.850694 0.014063 0.029167
0 0.079687 0.813194 0.015625 0.026389
0 0.499609 0.916667 0.024219 0.030556
0 0.758594 0.730556 0.014063 0.044444
0 0.450000 0.871528 0.018750 0.048611
0 0.131641 0.161111 0.014844 0.030556
0 0.270703 0.408333 0.024219 0.025000
0 0.284375 0.511806 0.020313 0.031944
0 0.139063 0.079167 0.021875 0.030556
0 0.680078 0.463194 0.022656 0.031944
0 0.291016 0.075000 0.019531 0.038889
0 0.948438 0.295833 0.018750 0.030556
0 0.021094 0.923611 0.023438 0.030556
0 0.050391 0.857639 0.022656 0.029167
0 0.970313 0.894444 0.017188 0.033333
0 0.783594 0.084028 0.023438 0.037500
0 0.723437 0.564583 0.026562 0.045833
0 0.572266 0.352083 0.014844 0.031944
0 0.519922 0.839583 0.025781 0.034722
0 0.777734 0.193056 0.027344 0.033333
0 0.410156 0.924306 0.023438 0.026389
0 0.131641 0.207639 0.016406 0.026389
0 0.640234 0.725000 0.027344 0.030556
0 0.575000 0.122222 0.017188 0.038889
0 0.757422 0.929167 0.019531 0.025000
0 0.651953 0.367361 0.014844 0.034722
0 0.787500 0.263889 0.028125 0.050000
0 0.208203 0.175694 0.014844 0.045833
0 0.372266 0.249306 0.027344 0.026389
0 0.281250 0.471528 0.023438 0.031944
0 0.185547 0.247917 0.014844 0.026389
0 0.338281 0.438889 0.017188 0.044444
0 0.366797 0.627778 0.021094 0.027778
0 0.625000 0.853472 0.020313 0.045833
0 0.592187 0.735417 0.026562 0.034722
0 0.611719 0.332639 0.015625 0.040278
0 0.346094 0.396528 0.018750 0.029167
0 0.687500 0.040278 0.028125 0.047222
0 0.373047 0.114583 0.021094 0.040278
0 0.782422 0.427778 0.027344 0.050000
0 0.213281 0.469444 0.021875 0.050000
0 0.969531 0.350694 0.025000 0.045833
0 0.971094 0.555556 0.018750 0.025000
0 0.116797 0.768750 0.019531 0.045833
0 0.104297 0.129167 0.024219 0.047222
0 0.681250 0.965278 0.020313 0.025000
0 0.277734 0.943750 0.017969 0.040278
0 0.725781 0.720833 0.026562 0.041667
0 0.269922 0.554861 0.025781 0.031944
0 0.673438 0.745833 0.023438 0.033333
0 0.242188 0.138889 0.015625 0.025000
0 0.121094 0.966667 0.028125 0.025000
0 0.536328 0.909028 0.014844 0.043056
0 0.362891 0.931250 0.019531 0.029167
0 0.813281 0.277083 0.015625 0.037500
0 0.483594 0.756250 0.017188 0.029167
0 0.332031 0.634722 0.014063 0.030556
0 0.902734 0.665278 0.019531 0.025000
0 0.221094 0.099306 0.020313 0.040278
0 0.647656 0.784028 0.015625 0.048611
0 0.633203 0.913194 0.024219 0.034722
0 0.272266 0.133333 0.016406 0.044444
0 0.349219 0.493056 0.014063 0.025000
0 0.377344 0.209028 0.026562 0.037500
0 0.708203 0.847222 0.014844 0.047222
0 0.269922 0.214583 0.025781 0.031944
0 0.476953 0.816667 0.016406 0.025000
0 0.105469 0.836806 0.028125 0.029167
0 0.032422 0.118056 0.027344 0.030556
0 0.594922 0.836806 0.027344 0.031944
0 0.520703 0.759028 0.017969 0.037500
0 0.766797 0.544444 0.025781 0.027778
0 0.098437 0.717361 0.021875 0.037500
0 0.068359 0.894444 0.025781 0.025000
0 0.510547 0.966667 0.021094 0.030556
0 0.120313 0.920833 0.018750 0.036111
0 0.768359 0.348611 0.019531 0.038889
0 0.244922 0.275000 0.025781 0.036111
1 0.899219 0.168056 0.146875 0.177778
1 0.880859 0.811806 0.142969 0.251389
1 0.676172 0.183333 0.161719 0.194444
1 0.124609 0.381250 0.142969 0.198611
1 0.445312 0.202083 0.098437 0.279167
1 0.544922 0.513889 0.128906 0.200000
1 0.883203 0.448611 0.102344 0.300000
1 0.210547 0.802778 0.097656 0.250000
1 0.352344 0.775694 0.139063 0.226389