0 0.160156 0.708984 0.031250 0.046875
0 0.872070 0.834961 0.044922 0.052734
0 0.770508 0.560547 0.052734 0.042969
0 0.304688 0.439453 0.046875 0.042969
0 0.048828 0.049805 0.031250 0.048828
0 0.040039 0.456055 0.037109 0.044922
0 0.604492 0.407227 0.033203 0.037109
0 0.375977 0.819336 0.044922 0.052734
0 0.077148 0.708984 0.033203 0.046875
0 0.566406 0.780273 0.046875 0.041016
0 0.851562 0.570312 0.042969 0.050781
0 0.298828 0.526367 0.031250 0.056641
0 0.910156 0.772461 0.050781 0.041016
0 0.056641 0.627930 0.039062 0.033203
0 0.568359 0.333008 0.058594 0.048828
0 0.782227 0.915039 0.041016 0.044922
0 0.547852 0.887695 0.044922 0.048828
0 0.602539 0.890625 0.033203 0.035156
0 0.889648 0.466797 0.037109 0.046875
0 0.136719 0.140625 0.050781 0.054688
0 0.392578 0.437500 0.046875 0.058594
0 0.884766 0.399414 0.039062 0.033203
0 0.232422 0.456055 0.039062 0.033203
0 0.699219 0.586914 0.035156 0.044922
0 0.624023 0.950195 0.044922 0.052734
0 0.874023 0.356445 0.048828 0.037109
0 0.913086 0.575195 0.056641 0.052734
0 0.777344 0.500977 0.031250 0.037109
0 0.937500 0.375000 0.042969 0.042969
0 0.380859 0.884766 0.035156 0.054688
0 0.705078 0.902344 0.050781 0.054688
0 0.459961 0.379883 0.037109 0.052734
0 0.833008 0.497070 0.048828 0.033203
0 0.285156 0.394531 0.054688 0.031250
0 0.953125 0.465820 0.039062 0.041016
0 0.699219 0.092773 0.031250 0.052734
0 0.752930 0.197266 0.033203 0.042969
0 0.168945 0.431641 0.056641 0.042969
0 0.480469 0.756836 0.058594 0.044922
0 0.113281 0.499023 0.050781 0.037109
0 0.963867 0.746094 0.033203 0.031250
0 0.412109 0.371094 0.035156 0.031250
0 0.490234 0.954102 0.039062 0.044922
1 0.515625 0.601562 0.242188 0.203125
1 0.858398 0.117188 0.146484 0.191406
1 0.273438 0.667969 0.175781 0.179688
1 0.339844 0.213867 0.171875 0.267578
1 0.733398 0.360352 0.201172 0.224609
1 0.172852 0.866211 0.251953 0.158203
1 0.775391 0.720703 0.199219 0.156250
1 0.100586 0.286133 0.154297 0.173828
1 0.535156 0.120117 0.140625 0.177734