0 0.919922 0.528320 0.042969 0.052734
0 0.926758 0.458984 0.056641 0.058594
0 0.853516 0.447266 0.042969 0.039062
0 0.377930 0.672852 0.033203 0.037109
0 0.310547 0.097656 0.031250 0.054688
0 0.304688 0.803711 0.035156 0.048828
0 0.872070 0.402344 0.037109 0.031250
0 0.955078 0.389648 0.046875 0.044922
0 0.291016 0.601562 0.031250 0.035156
0 0.390625 0.414062 0.046875 0.050781
0 0.371094 0.335938 0.042969 0.042969
0 0.469727 0.692383 0.056641 0.037109
0 0.294922 0.705078 0.054688 0.058594
0 0.397461 0.081055 0.033203 0.052734
0 0.372070 0.258789 0.052734 0.044922
0 0.189453 0.047852 0.042969 0.033203
0 0.399414 0.488281 0.044922 0.058594
0 0.742188 0.911133 0.054688 0.041016
0 0.867188 0.058594 0.042969 0.046875
0 0.837891 0.948242 0.050781 0.052734
0 0.044922 0.152344 0.050781 0.042969
0 0.058594 0.327148 0.031250 0.056641
0 0.812500 0.048828 0.035156 0.050781
0 0.187500 0.859375 0.046875 0.042969
0 0.043945 0.874023 0.056641 0.052734
0 0.500000 0.736328 0.042969 0.035156
0 0.058594 0.467773 0.035156 0.041016
0 0.712891 0.740234 0.050781 0.050781
0 0.352539 0.532227 0.033203 0.048828
0 0.129883 0.913086 0.048828 0.033203
0 0.749023 0.070312 0.041016 0.042969
0 0.790039 0.854492 0.037109 0.041016
0 0.563477 0.716797 0.033203 0.050781
0 0.541992 0.061523 0.041016 0.056641
0 0.880859 0.781250 0.050781 0.039062
1 0.537109 0.503906 0.207031 0.257812
1 0.555664 0.210938 0.251953 0.179688
1 0.150391 0.695312 0.179688 0.257812
1 0.485352 0.853516 0.193359 0.171875
1 0.790039 0.589844 0.173828 0.195312
1 0.200195 0.444336 0.220703 0.166016
1 0.836914 0.248047 0.193359 0.187500
1 0.212891 0.188477 0.140625 0.224609