0 0.711328 0.790278 0.027344 0.050000
0 0.871094 0.210417 0.018750 0.026389
0 0.031641 0.539583 0.017969 0.034722
0 0.127344 0.492361 0.025000 0.026389
0 0.724219 0.577083 0.015625 0.029167
0 0.979297 0.663194 0.014844 0.040278
0 0.032813 0.368750 0.026562 0.040278
0 0.548047 0.325694 0.019531 0.031944
0 0.439844 0.783333 0.015625 0.030556
0 0.898828 0.244444 0.022656 0.025000
0 0.555078 0.048611 0.016406 0.041667
0 0.662109 0.456250 0.027344 0.045833
0 0.753516 0.043750 0.024219 0.045833
0 0.626953 0.931944 0.025781 0.027778
0 0.836719 0.868750 0.026562 0.045833
0 0.371094 0.805556 0.015625 0.044444
0 0.303906 0.533333 0.014063 0.047222
0 0.575000 0.555556 0.014063 0.025000
0 0.976953 0.763194 0.027344 0.040278
0 0.598828 0.411111 0.021094 0.050000
0 0.287109 0.345139 0.016406 0.045833
0 0.225391 0.640972 0.021094 0.026389
0 0.777734 0.639583 0.016406 0.045833
0 0.080859 0.197222 0.019531 0.036111
0 0.445703 0.858333 0.019531 0.036111
0 0.769922 0.871528 0.017969 0.048611
0 0.346484 0.477778 0.014844 0.033333
0 0.758594 0.936111 0.014063 0.036111
0 0.853125 0.084028 0.026562 0.034722
0 0.318750 0.412500 0.026562 0.030556
0 0.022266 0.100694 0.014844 0.037500
0 0.273828 0.663889 0.014844 0.050000
0 0.442188 0.936806 0.018750 0.045833
0 0.351172 0.942361 0.024219 0.026389
0 0.442188 0.300694 0.015625 0.037500
0 0.981641 0.412500 0.014844 0.047222
0 0.257422 0.324306 0.016406 0.048611
0 0.130078 0.243750 0.017969 0.040278
0 0.084375 0.661806 0.025000 0.048611
0 0.276172 0.446528 0.014844 0.045833
0 0.346094 0.734028 0.023438 0.040278
0 0.262109 0.940972 0.027344 0.043056
0 0.346484 0.672222 0.016406 0.030556
0 0.096094 0.555556 0.017188 0.027778
0 0.946484 0.831944 0.014844 0.030556
0 0.689063 0.895139 0.020313 0.043056
0 0.026562 0.952083 0.020313 0.031944
0 0.069531 0.488194 0.021875 0.031944
0 0.041406 0.739583 0.023438 0.026389
0 0.484375 0.574306 0.018750 0.029167
0 0.387109 0.309722 0.017969 0.038889
0 0.201563 0.109722 0.026562 0.036111
0 0.584375 0.228472 0.025000 0.040278
0 0.673438 0.632639 0.028125 0.045833
0 0.135547 0.901389 0.019531 0.025000
0 0.474219 0.878472 0.023438 0.043056
0 0.899219 0.036806 0.023438 0.034722
0 0.156641 0.222222 0.021094 0.033333
0 0.938672 0.171528 0.016406 0.034722
0 0.076172 0.058333 0.014844 0.036111
0 0.748828 0.710417 0.027344 0.029167
0 0.717578 0.665278 0.017969 0.027778
0 0.597266 0.118750 0.027344 0.029167
0 0.101562 0.755556 0.015625 0.041667
0 0.160938 0.943056 0.023438 0.036111
0 0.976172 0.897222 0.016406 0.030556
0 0.229297 0.931944 0.017969 0.030556
0 0.788281 0.802083 0.023438 0.031944
0 0.289062 0.137500 0.023438 0.030556
0 0.334766 0.326389 0.016406 0.033333
0 0.102734 0.099306 0.019531 0.031944
0 0.887109 0.146528 0.014844 0.043056
0 0.564063 0.110417 0.020313 0.040278
0 0.336719 0.579167 0.028125 0.030556
0 0.640234 0.968750 0.019531 0.029167
0 0.734375 0.874306 0.017188 0.045833
0 0.072266 0.309722 0.022656 0.036111
0 0.721094 0.966667 0.020313 0.033333
0 0.928516 0.231250 0.025781 0.045833
1 0.693750 0.235417 0.145313 0.268056
1 0.165625 0.371528 0.143750 0.190278
1 0.866797 0.439583 0.169531 0.209722
1 0.212500 0.789583 0.170313 0.179167
1 0.535547 0.688889 0.147656 0.177778
1 0.877734 0.666667 0.161719 0.175000
1 0.482812 0.157639 0.117188 0.181944