0 0.881836 0.244141 0.037109 0.039062
0 0.146484 0.456055 0.058594 0.052734
0 0.949219 0.185547 0.054688 0.058594
0 0.639648 0.944336 0.041016 0.033203
0 0.572266 0.756836 0.039062 0.037109
0 0.133789 0.533203 0.052734 0.035156
0 0.874023 0.405273 0.037109 0.037109
0 0.438477 0.057617 0.037109 0.052734
0 0.769531 0.257812 0.054688 0.042969
0 0.875977 0.589844 0.037109 0.035156
0 0.217773 0.095703 0.052734 0.039062
0 0.635742 0.625977 0.037109 0.041016
0 0.135742 0.708008 0.037109 0.056641
0 0.757812 0.580078 0.035156 0.039062
0 0.335938 0.414062 0.031250 0.035156
0 0.727539 0.367188 0.048828 0.042969
0 0.066406 0.610352 0.031250 0.033203
0 0.063477 0.749023 0.033203 0.056641
0 0.371094 0.089844 0.054688 0.039062
0 0.237305 0.463867 0.033203 0.052734
0 0.670898 0.758789 0.044922 0.048828
0 0.594727 0.888672 0.037109 0.054688
0 0.163086 0.035156 0.056641 0.031250
0 0.482422 0.636719 0.031250 0.031250
0 0.270508 0.679688 0.037109 0.054688
0 0.272461 0.044922 0.048828 0.035156
0 0.809570 0.444336 0.048828 0.052734
0 0.522461 0.088867 0.041016 0.037109
0 0.037109 0.082031 0.042969 0.054688
0 0.944336 0.083008 0.048828 0.056641
0 0.820312 0.096680 0.058594 0.041016
0 0.185547 0.734375 0.039062 0.046875
0 0.320312 0.606445 0.054688 0.056641
0 0.051758 0.460938 0.048828 0.031250
0 0.196289 0.599609 0.052734 0.054688
0 0.807617 0.149414 0.033203 0.037109
0 0.875977 0.300781 0.048828 0.050781
0 0.307617 0.162109 0.044922 0.050781
0 0.747070 0.075195 0.056641 0.037109
0 0.958984 0.430664 0.042969 0.052734
0 0.681641 0.891602 0.042969 0.052734
0 0.165039 0.096680 0.033203 0.037109
1 0.541992 0.262695 0.259766 0.158203
1 0.822266 0.709961 0.199219 0.150391
1 0.557617 0.488281 0.259766 0.203125
1 0.428711 0.799805 0.197266 0.259766
1 0.187500 0.246094 0.171875 0.238281
1 0.204102 0.837891 0.169922 0.140625
1 0.856445 0.898438 0.240234 0.140625