0 0.944531 0.699306 0.017188 0.045833
0 0.026562 0.350694 0.020313 0.026389
0 0.121094 0.039583 0.021875 0.031944
0 0.439453 0.863889 0.024219 0.025000
0 0.225000 0.756250 0.014063 0.040278
0 0.063672 0.475000 0.022656 0.044444
0 0.077344 0.190972 0.026562 0.029167
0 0.718359 0.488889 0.014844 0.025000
0 0.803516 0.032639 0.025781 0.031944
0 0.830859 0.692361 0.014844 0.045833
0 0.951172 0.131944 0.014844 0.030556
0 0.381641 0.800694 0.016406 0.034722
0 0.226953 0.123611 0.021094 0.041667
0 0.353516 0.557639 0.025781 0.037500
0 0.942187 0.300000 0.023438 0.033333
0 0.055078 0.039583 0.014844 0.026389
0 0.918359 0.672222 0.014844 0.038889
0 0.611719 0.893750 0.023438 0.048611
0 0.125781 0.339583 0.014063 0.029167
0 0.853906 0.334028 0.028125 0.029167
0 0.274609 0.518750 0.027344 0.031944
0 0.557031 0.232639 0.015625 0.031944
0 0.848047 0.786806 0.025781 0.045833
0 0.296484 0.130556 0.022656 0.027778
0 0.355078 0.683333 0.025781 0.047222
0 0.020313 0.515278 0.021875 0.025000
0 0.089844 0.143750 0.015625 0.031944
0 0.049609 0.187500 0.017969 0.030556
0 0.496875 0.938194 0.018750 0.045833
0 0.381250 0.734028 0.020313 0.048611
0 0.954688 0.854167 0.023438 0.050000
0 0.082422 0.274306 0.021094 0.026389
0 0.662891 0.944444 0.027344 0.033333
0 0.186328 0.518056 0.021094 0.027778
0 0.214453 0.580556 0.017969 0.047222
0 0.859766 0.920833 0.027344 0.025000
0 0.223438 0.069444 0.023438 0.030556
0 0.194531 0.940278 0.017188 0.033333
0 0.318750 0.161806 0.014063 0.037500
0 0.197266 0.880556 0.014844 0.036111
0 0.820703 0.952778 0.021094 0.025000
0 0.971484 0.731250 0.016406 0.034722
0 0.910547 0.881250 0.025781 0.026389
0 0.735547 0.927778 0.022656 0.030556
0 0.082031 0.390972 0.020313 0.043056
0 0.566797 0.345139 0.019531 0.031944
0 0.787109 0.289583 0.016406 0.045833
0 0.039062 0.245833 0.028125 0.036111
0 0.514453 0.878472 0.021094 0.045833
0 0.865625 0.870139 0.017188 0.026389
0 0.222266 0.872917 0.019531 0.040278
0 0.850000 0.743056 0.023438 0.030556
0 0.952734 0.056944 0.021094 0.044444
0 0.299609 0.203472 0.024219 0.026389
0 0.734375 0.290278 0.014063 0.025000
0 0.929688 0.096528 0.014063 0.043056
0 0.833203 0.878472 0.024219 0.029167
0 0.963672 0.914583 0.014844 0.031944
0 0.421484 0.540278 0.019531 0.036111
0 0.931250 0.486806 0.020313 0.040278
0 0.132031 0.265278 0.015625 0.038889
0 0.878516 0.279861 0.021094 0.029167
0 0.957031 0.351389 0.023438 0.030556
0 0.391406 0.115278 0.026562 0.038889
0 0.573047 0.393056 0.017969 0.041667
0 0.364063 0.875000 0.015625 0.036111
0 0.921875 0.625000 0.020313 0.038889
0 0.144922 0.930556 0.022656 0.027778
0 0.201563 0.472222 0.014063 0.044444
0 0.410938 0.627778 0.020313 0.025000
0 0.198828 0.059722 0.014844 0.027778
0 0.963672 0.797222 0.027344 0.041667
0 0.327344 0.479167 0.026562 0.027778
0 0.326562 0.557639 0.014063 0.037500
0 0.936328 0.230556 0.025781 0.036111
0 0.976172 0.265972 0.027344 0.031944
0 0.542969 0.929167 0.021875 0.025000
0 0.258594 0.472917 0.018750 0.031944
0 0.646875 0.358333 0.023438 0.044444
0 0.319141 0.943056 0.027344 0.030556
0 0.755469 0.275694 0.014063 0.026389
0 0.191797 0.120833 0.014844 0.047222
0 0.162500 0.852778 0.021875 0.041667
1 0.822656 0.509722 0.154688 0.300000
1 0.285547 0.747222 0.097656 0.241667
1 0.383203 0.344444 0.167969 0.205556
1 0.642969 0.197917 0.117188 0.254167
1 0.535937 0.713889 0.112500 0.247222
1 0.101953 0.680556 0.122656 0.269444
1 0.214844 0.295139 0.112500 0.223611
1 0.717187 0.794444 0.167187 0.219444
1 0.833594 0.155556 0.156250 0.175000