0 0.428711 0.688477 0.041016 0.056641
0 0.206055 0.062500 0.033203 0.042969
0 0.685547 0.095703 0.039062 0.046875
0 0.583008 0.373047 0.056641 0.035156
0 0.181641 0.828125 0.035156 0.031250
0 0.904297 0.355469 0.046875 0.050781
0 0.367188 0.780273 0.035156 0.044922
0 0.541992 0.311523 0.056641 0.056641
0 0.856445 0.079102 0.033203 0.048828
0 0.707031 0.888672 0.035156 0.054688
0 0.932617 0.065430 0.033203 0.037109
0 0.295898 0.835938 0.033203 0.050781
0 0.926758 0.547852 0.041016 0.044922
0 0.909180 0.118164 0.041016 0.048828
0 0.525391 0.100586 0.058594 0.041016
0 0.451172 0.545898 0.054688 0.037109
0 0.615234 0.056641 0.054688 0.050781
0 0.394531 0.092773 0.046875 0.037109
0 0.741211 0.036133 0.041016 0.037109
0 0.957031 0.728516 0.039062 0.046875
0 0.378906 0.185547 0.046875 0.046875
0 0.715820 0.457031 0.052734 0.046875
0 0.388672 0.875977 0.031250 0.033203
0 0.236328 0.802734 0.058594 0.042969
0 0.418945 0.599609 0.056641 0.046875
0 0.527344 0.457031 0.054688 0.054688
0 0.589844 0.139648 0.031250 0.056641
0 0.362305 0.595703 0.033203 0.046875
0 0.853516 0.565430 0.046875 0.056641
0 0.073242 0.473633 0.037109 0.041016
0 0.092773 0.865234 0.041016 0.058594
0 0.225586 0.942383 0.056641 0.041016
0 0.269531 0.065430 0.039062 0.044922
0 0.934570 0.632812 0.037109 0.035156
0 0.311523 0.589844 0.048828 0.050781
0 0.848633 0.494141 0.044922 0.039062
0 0.319336 0.690430 0.033203 0.056641
1 0.335938 0.391602 0.269531 0.208984
1 0.753906 0.296875 0.210938 0.242188
1 0.544922 0.859375 0.210938 0.234375
1 0.147461 0.662109 0.263672 0.210938
1 0.668945 0.614258 0.263672 0.173828
1 0.869141 0.886719 0.191406 0.183594
1 0.178711 0.178711 0.220703 0.162109