0 0.408984 0.109028 0.021094 0.029167
0 0.816016 0.116667 0.024219 0.030556
0 0.230859 0.629167 0.019531 0.027778
0 0.386719 0.390278 0.023438 0.025000
0 0.290625 0.402778 0.028125 0.030556
0 0.543750 0.961111 0.028125 0.027778
0 0.686328 0.141667 0.016406 0.050000
0 0.759766 0.731944 0.017969 0.047222
0 0.315625 0.674306 0.018750 0.029167
0 0.281641 0.471528 0.027344 0.031944
0 0.816406 0.063194 0.025000 0.048611
0 0.726172 0.759028 0.027344 0.029167
0 0.020313 0.140278 0.015625 0.041667
0 0.398047 0.768056 0.022656 0.044444
0 0.421875 0.453472 0.020313 0.026389
0 0.672266 0.281944 0.014844 0.038889
0 0.243359 0.565278 0.025781 0.038889
0 0.766797 0.148611 0.019531 0.036111
0 0.685156 0.879861 0.021875 0.026389
0 0.228516 0.736806 0.014844 0.045833
0 0.243359 0.894444 0.025781 0.038889
0 0.562891 0.105556 0.022656 0.038889
0 0.291406 0.881250 0.026562 0.037500
0 0.337891 0.522222 0.017969 0.030556
0 0.418359 0.668056 0.025781 0.036111
0 0.318750 0.616667 0.020313 0.047222
0 0.694141 0.451389 0.017969 0.047222
0 0.059766 0.106250 0.014844 0.045833
0 0.746875 0.044444 0.021875 0.047222
0 0.620313 0.388889 0.018750 0.036111
0 0.375391 0.864583 0.016406 0.034722
0 0.263672 0.938889 0.019531 0.025000
0 0.441406 0.287500 0.015625 0.044444
0 0.378516 0.459028 0.024219 0.048611
0 0.277734 0.650694 0.025781 0.034722
0 0.687500 0.565278 0.025000 0.027778
0 0.595313 0.070833 0.023438 0.027778
0 0.391406 0.527083 0.025000 0.045833
0 0.796484 0.774306 0.021094 0.037500
0 0.191797 0.052083 0.024219 0.040278
0 0.958984 0.845833 0.014844 0.050000
0 0.761328 0.815972 0.021094 0.037500
0 0.942969 0.429167 0.018750 0.025000
0 0.343750 0.099306 0.028125 0.043056
0 0.469531 0.777778 0.014063 0.041667
0 0.671484 0.216667 0.024219 0.027778
0 0.054297 0.236806 0.021094 0.043056
0 0.655859 0.420139 0.024219 0.037500
0 0.919141 0.902083 0.025781 0.029167
0 0.441797 0.923611 0.022656 0.041667
0 0.633203 0.664583 0.017969 0.045833
0 0.467578 0.292361 0.021094 0.040278
0 0.520312 0.098611 0.023438 0.044444
0 0.242578 0.840278 0.022656 0.041667
0 0.308203 0.514583 0.027344 0.040278
0 0.500391 0.384028 0.025781 0.034722
0 0.161328 0.178472 0.022656 0.045833
0 0.846484 0.887500 0.021094 0.033333
0 0.976953 0.476389 0.016406 0.033333
0 0.664844 0.621528 0.021875 0.034722
0 0.637891 0.084028 0.025781 0.034722
0 0.947266 0.308333 0.017969 0.038889
0 0.117188 0.257639 0.026562 0.034722
0 0.956641 0.954861 0.017969 0.040278
0 0.382422 0.254861 0.014844 0.029167
0 0.383594 0.354167 0.023438 0.025000
0 0.475781 0.871528 0.017188 0.026389
0 0.451172 0.786111 0.014844 0.033333
0 0.035156 0.065972 0.018750 0.034722
0 0.026172 0.597917 0.019531 0.031944
0 0.262109 0.786111 0.016406 0.044444
0 0.468359 0.956250 0.014844 0.026389
0 0.742188 0.141667 0.017188 0.030556
0 0.901953 0.504167 0.022656 0.027778
0 0.290234 0.786806 0.021094 0.048611
0 0.452734 0.145139 0.021094 0.034722
0 0.471094 0.447222 0.028125 0.038889
0 0.659375 0.709722 0.020313 0.025000
0 0.716797 0.132639 0.017969 0.048611
0 0.879297 0.050694 0.027344 0.040278
0 0.497266 0.082639 0.016406 0.029167
0 0.322656 0.827083 0.018750 0.029167
0 0.392578 0.964583 0.022656 0.026389
0 0.140625 0.082639 0.021875 0.045833
0 0.349219 0.677083 0.025000 0.043056
0 0.623828 0.527778 0.019531 0.027778
0 0.028125 0.281944 0.021875 0.033333
0 0.450391 0.073611 0.027344 0.036111
0 0.538672 0.397917 0.016406 0.045833
0 0.767578 0.894444 0.019531 0.030556
0 0.191406 0.105556 0.014063 0.044444
0 0.027344 0.219444 0.014063 0.033333
0 0.567187 0.061111 0.018750 0.036111
0 0.030469 0.482639 0.018750 0.029167
0 0.839844 0.786111 0.017188 0.047222
0 0.377344 0.127778 0.028125 0.041667
0 0.472656 0.659028 0.020313 0.043056
0 0.067187 0.048611 0.026562 0.030556
1 0.135156 0.466667 0.146875 0.280556
1 0.294531 0.267361 0.123438 0.209722
1 0.562109 0.267361 0.158594 0.181944
1 0.787891 0.527083 0.102344 0.295833
1 0.908984 0.164583 0.116406 0.168056
1 0.544531 0.586806 0.107813 0.226389
1 0.132031 0.795139 0.146875 0.204167
1 0.915625 0.724306 0.118750 0.176389
1 0.578906 0.829861 0.114062 0.173611