0 0.524609 0.784028 0.016406 0.045833
0 0.944922 0.104861 0.025781 0.034722
0 0.622266 0.035417 0.019531 0.029167
0 0.608594 0.461806 0.026562 0.026389
0 0.537109 0.377083 0.017969 0.034722
0 0.974219 0.920139 0.023438 0.026389
0 0.512500 0.918056 0.014063 0.050000
0 0.766797 0.879861 0.019531 0.034722
0 0.441016 0.093750 0.014844 0.029167
0 0.486719 0.359028 0.017188 0.026389
0 0.549609 0.871528 0.024219 0.026389
0 0.216016 0.045833 0.016406 0.038889
0 0.721484 0.427778 0.014844 0.038889
0 0.510547 0.729861 0.022656 0.043056
0 0.130078 0.296528 0.027344 0.034722
0 0.803516 0.452083 0.019531 0.037500
0 0.689063 0.429167 0.023438 0.036111
0 0.402734 0.077083 0.021094 0.034722
0 0.060547 0.782639 0.019531 0.031944
0 0.373828 0.047222 0.027344 0.025000
0 0.696484 0.383333 0.014844 0.025000
0 0.684766 0.689583 0.022656 0.026389
0 0.052344 0.216667 0.014063 0.027778
0 0.875391 0.075694 0.016406 0.037500
0 0.894141 0.372917 0.025781 0.045833
0 0.166797 0.138889 0.022656 0.027778
0 0.768750 0.502083 0.025000 0.029167
0 0.076172 0.856944 0.019531 0.041667
0 0.635938 0.302778 0.017188 0.047222
0 0.692578 0.131944 0.022656 0.038889
0 0.812109 0.832639 0.019531 0.029167
0 0.967578 0.880556 0.016406 0.041667
0 0.891016 0.895139 0.019531 0.034722
0 0.385156 0.448611 0.021875 0.025000
0 0.689844 0.509028 0.015625 0.034722
0 0.839453 0.441667 0.027344 0.050000
0 0.031641 0.145833 0.019531 0.030556
0 0.694141 0.339583 0.016406 0.029167
0 0.497266 0.787500 0.024219 0.050000
0 0.800000 0.369444 0.015625 0.041667
0 0.491016 0.943056 0.014844 0.038889
0 0.039844 0.288889 0.020313 0.036111
0 0.741797 0.704167 0.027344 0.036111
0 0.061328 0.171528 0.025781 0.031944
0 0.853516 0.812500 0.016406 0.027778
0 0.705859 0.627778 0.027344 0.047222
0 0.526172 0.582639 0.027344 0.043056
0 0.744531 0.381250 0.015625 0.034722
0 0.573047 0.356250 0.019531 0.040278
0 0.362891 0.395139 0.027344 0.031944
0 0.520703 0.538194 0.024219 0.026389
0 0.550781 0.475694 0.021875 0.034722
0 0.594531 0.330556 0.014063 0.036111
0 0.927734 0.650694 0.017969 0.037500
0 0.920703 0.451389 0.017969 0.041667
0 0.936328 0.397222 0.025781 0.038889
0 0.980859 0.384722 0.016406 0.030556
0 0.446875 0.837500 0.014063 0.027778
0 0.927344 0.879167 0.014063 0.027778
0 0.694141 0.863194 0.019531 0.045833
0 0.059766 0.679861 0.017969 0.034722
0 0.712891 0.479861 0.022656 0.043056
0 0.294141 0.616667 0.021094 0.050000
0 0.591016 0.910417 0.022656 0.026389
0 0.673047 0.200000 0.019531 0.027778
0 0.625000 0.951389 0.020313 0.050000
0 0.643359 0.497917 0.016406 0.029167
0 0.807031 0.921528 0.021875 0.048611
0 0.149609 0.225000 0.027344 0.038889
0 0.736719 0.163194 0.015625 0.029167
0 0.490234 0.424306 0.019531 0.026389
0 0.116406 0.189583 0.017188 0.037500
0 0.446094 0.915972 0.020313 0.029167
0 0.045312 0.940278 0.020313 0.047222
0 0.158594 0.938194 0.025000 0.045833
0 0.724219 0.049306 0.023438 0.045833
0 0.020313 0.813889 0.021875 0.033333
0 0.763672 0.539583 0.025781 0.029167
0 0.963281 0.177778 0.014063 0.025000
0 0.453125 0.783333 0.025000 0.050000
0 0.712109 0.175694 0.022656 0.031944
0 0.859766 0.342361 0.027344 0.037500
0 0.679688 0.279861 0.020313 0.034722
0 0.024219 0.095833 0.026562 0.047222
0 0.596094 0.377778 0.014063 0.030556
0 0.839063 0.938194 0.018750 0.037500
0 0.284766 0.727083 0.024219 0.040278
0 0.227734 0.827083 0.016406 0.048611
0 0.030859 0.710417 0.027344 0.034722
0 0.512891 0.629861 0.017969 0.037500
0 0.736328 0.756944 0.024219 0.047222
0 0.637500 0.380556 0.025000 0.047222
0 0.725391 0.277778 0.014844 0.038889
0 0.461719 0.101389 0.014063 0.044444
0 0.184766 0.929167 0.016406 0.027778
0 0.114062 0.135417 0.015625 0.045833
0 0.958984 0.537500 0.025781 0.038889
0 0.864844 0.865972 0.020313 0.045833
0 0.424609 0.409722 0.014844 0.047222
0 0.085938 0.107639 0.017188 0.037500
0 0.454688 0.411111 0.014063 0.033333
0 0.167578 0.277778 0.014844 0.027778
0 0.769922 0.338889 0.021094 0.025000
0 0.652734 0.445833 0.014844 0.030556
1 0.285938 0.450000 0.109375 0.236111
1 0.609375 0.686111 0.114062 0.269444
1 0.570312 0.163889 0.171875 0.200000
1 0.847266 0.626389 0.119531 0.227778
1 0.137500 0.428472 0.100000 0.209722
1 0.833594 0.210417 0.151562 0.204167
1 0.158594 0.699306 0.156250 0.190278
1 0.430078 0.625694 0.122656 0.215278
1 0.272266 0.200000 0.142969 0.175000
1 0.332813 0.863889 0.154688 0.169444