0 0.345703 0.719727 0.039062 0.033203
0 0.803711 0.173828 0.048828 0.042969
0 0.350586 0.875000 0.033203 0.046875
0 0.258789 0.157227 0.052734 0.052734
0 0.136719 0.059570 0.054688 0.037109
0 0.631836 0.389648 0.048828 0.037109
0 0.931641 0.099609 0.058594 0.050781
0 0.170898 0.507812 0.041016 0.050781
0 0.050781 0.508789 0.050781 0.033203
0 0.306641 0.375000 0.054688 0.050781
0 0.424805 0.949219 0.037109 0.035156
0 0.378906 0.291992 0.031250 0.044922
0 0.709961 0.677734 0.033203 0.039062
0 0.529297 0.555664 0.050781 0.048828
0 0.311523 0.573242 0.037109 0.037109
0 0.642578 0.675781 0.035156 0.050781
0 0.625000 0.303711 0.035156 0.048828
0 0.075195 0.961914 0.033203 0.041016
0 0.824219 0.298828 0.054688 0.042969
0 0.602539 0.779297 0.052734 0.035156
0 0.387695 0.160156 0.037109 0.050781
0 0.804688 0.089844 0.042969 0.035156
0 0.447266 0.393555 0.035156 0.056641
0 0.586914 0.434570 0.052734 0.037109
0 0.860352 0.050781 0.048828 0.058594
0 0.495117 0.433594 0.044922 0.050781
0 0.234375 0.094727 0.042969 0.037109
0 0.625000 0.566406 0.050781 0.046875
0 0.269531 0.943359 0.039062 0.050781
0 0.436523 0.313477 0.044922 0.041016
0 0.684570 0.460938 0.044922 0.035156
0 0.747070 0.057617 0.056641 0.033203
0 0.121094 0.607422 0.050781 0.050781
0 0.250977 0.356445 0.033203 0.048828
0 0.211914 0.574219 0.048828 0.050781
0 0.721680 0.777344 0.044922 0.054688
0 0.135742 0.142578 0.056641 0.042969
0 0.360352 0.064453 0.033203 0.058594
0 0.114258 0.551758 0.052734 0.044922
0 0.293945 0.855469 0.033203 0.031250
0 0.611328 0.487305 0.042969 0.033203
1 0.125977 0.316406 0.181641 0.269531
1 0.891602 0.853516 0.185547 0.156250
1 0.545898 0.138672 0.197266 0.222656
1 0.470703 0.714844 0.171875 0.234375
1 0.845703 0.415039 0.207031 0.158203
1 0.866211 0.666992 0.224609 0.166016
1 0.151367 0.781250 0.212891 0.234375