0 0.055078 0.955556 0.017969 0.027778
0 0.092188 0.163889 0.017188 0.041667
0 0.150000 0.096528 0.023438 0.043056
0 0.467187 0.054167 0.021875 0.027778
0 0.273047 0.886111 0.016406 0.025000
0 0.944531 0.928472 0.025000 0.026389
0 0.269922 0.036111 0.014844 0.038889
0 0.199219 0.231944 0.025000 0.038889
0 0.132031 0.278472 0.023438 0.048611
0 0.568750 0.063194 0.023438 0.034722
0 0.597266 0.968056 0.016406 0.025000
0 0.664062 0.918056 0.018750 0.027778
0 0.491016 0.738889 0.016406 0.030556
0 0.444531 0.916667 0.023438 0.025000
0 0.394141 0.459028 0.027344 0.029167
0 0.537109 0.405556 0.016406 0.033333
0 0.906250 0.220833 0.014063 0.041667
0 0.700391 0.751389 0.024219 0.044444
0 0.644922 0.386111 0.021094 0.038889
0 0.807422 0.339583 0.027344 0.037500
0 0.369531 0.932639 0.020313 0.037500
0 0.960156 0.043056 0.017188 0.033333
0 0.736719 0.701389 0.018750 0.047222
0 0.516797 0.943750 0.014844 0.045833
0 0.953125 0.461806 0.026562 0.037500
0 0.980469 0.186806 0.014063 0.029167
0 0.036328 0.906944 0.027344 0.025000
0 0.914844 0.045139 0.026562 0.034722
0 0.388281 0.055556 0.020313 0.025000
0 0.257812 0.170139 0.015625 0.026389
0 0.932813 0.838194 0.014063 0.040278
0 0.952344 0.314583 0.015625 0.043056
0 0.113672 0.884722 0.025781 0.038889
0 0.607031 0.046528 0.023438 0.045833
0 0.968750 0.559028 0.017188 0.037500
0 0.494141 0.051389 0.021094 0.038889
0 0.626953 0.939583 0.027344 0.048611
0 0.426953 0.056250 0.027344 0.040278
0 0.272266 0.936111 0.022656 0.041667
0 0.162500 0.442361 0.017188 0.043056
0 0.091016 0.242361 0.024219 0.031944
0 0.552734 0.520833 0.017969 0.044444
0 0.203125 0.324306 0.020313 0.048611
0 0.731250 0.858333 0.026562 0.044444
0 0.178125 0.643056 0.015625 0.036111
0 0.978906 0.484028 0.015625 0.026389
0 0.552344 0.170139 0.023438 0.026389
0 0.455859 0.861806 0.017969 0.029167
0 0.688281 0.843056 0.028125 0.025000
0 0.259766 0.097222 0.014844 0.036111
0 0.475391 0.419444 0.025781 0.050000
0 0.454688 0.961111 0.021875 0.041667
0 0.724609 0.417361 0.027344 0.045833
0 0.022266 0.156944 0.017969 0.041667
0 0.158594 0.215278 0.021875 0.044444
0 0.230859 0.240278 0.017969 0.027778
0 0.464844 0.506250 0.018750 0.031944
0 0.913672 0.913194 0.027344 0.045833
0 0.881250 0.110417 0.014063 0.031944
0 0.777344 0.388889 0.023438 0.030556
0 0.173828 0.158333 0.021094 0.027778
0 0.058594 0.189583 0.025000 0.043056
0 0.250781 0.675000 0.026562 0.027778
0 0.652344 0.053472 0.028125 0.026389
0 0.648828 0.093056 0.021094 0.030556
0 0.956250 0.364583 0.021875 0.045833
0 0.939063 0.591667 0.017188 0.030556
0 0.914062 0.642361 0.014063 0.026389
0 0.061328 0.050694 0.016406 0.026389
0 0.603516 0.443056 0.019531 0.050000
0 0.234375 0.116667 0.023438 0.033333
0 0.277734 0.656250 0.016406 0.043056
0 0.982812 0.821528 0.015625 0.031944
0 0.440625 0.419444 0.015625 0.030556
0 0.569531 0.951389 0.014063 0.038889
0 0.936328 0.512500 0.019531 0.038889
0 0.050391 0.123611 0.019531 0.050000
0 0.687891 0.945833 0.021094 0.044444
0 0.724219 0.911111 0.020313 0.033333
0 0.476172 0.788889 0.021094 0.041667
0 0.885547 0.053472 0.024219 0.026389
0 0.482031 0.906944 0.023438 0.025000
0 0.337891 0.945139 0.014844 0.026389
0 0.621484 0.528472 0.027344 0.034722
0 0.266797 0.843750 0.014844 0.026389
0 0.644922 0.471528 0.022656 0.031944
1 0.811328 0.181250 0.105469 0.237500
1 0.820312 0.828472 0.125000 0.254167
1 0.089063 0.497222 0.106250 0.288889
1 0.660156 0.225000 0.159375 0.216667
1 0.589453 0.735417 0.113281 0.301389
1 0.401953 0.706250 0.116406 0.234722
1 0.425000 0.199306 0.168750 0.201389
1 0.744531 0.548611 0.157812 0.191667
1 0.181641 0.816667 0.094531 0.250000
1 0.291406 0.451389 0.151562 0.175000