0 0.730469 0.539062 0.058594 0.058594
0 0.082031 0.369141 0.058594 0.050781
0 0.908203 0.070312 0.039062 0.054688
0 0.073242 0.944336 0.048828 0.044922
0 0.351562 0.500000 0.042969 0.039062
0 0.146484 0.606445 0.035156 0.044922
0 0.130859 0.490234 0.035156 0.039062
0 0.508789 0.654297 0.044922 0.054688
0 0.516602 0.824219 0.052734 0.031250
0 0.206055 0.076172 0.044922 0.046875
0 0.209961 0.482422 0.056641 0.035156
0 0.098633 0.426758 0.048828 0.041016
0 0.608398 0.666016 0.052734 0.035156
0 0.295898 0.928711 0.048828 0.056641
0 0.485352 0.478516 0.052734 0.054688
0 0.075195 0.768555 0.052734 0.033203
0 0.097656 0.855469 0.058594 0.050781
0 0.113281 0.251953 0.046875 0.031250
0 0.906250 0.668945 0.050781 0.044922
0 0.260742 0.593750 0.044922 0.035156
0 0.958008 0.250000 0.037109 0.046875
0 0.514648 0.769531 0.048828 0.054688
0 0.937500 0.888672 0.050781 0.031250
0 0.127930 0.772461 0.037109 0.048828
0 0.855469 0.863281 0.031250 0.042969
0 0.756836 0.670898 0.048828 0.033203
0 0.551758 0.556641 0.052734 0.035156
0 0.494141 0.172852 0.039062 0.044922
0 0.467773 0.545898 0.048828 0.037109
0 0.622070 0.580078 0.033203 0.039062
0 0.292969 0.065430 0.058594 0.037109
0 0.449219 0.904297 0.031250 0.054688
0 0.100586 0.299805 0.037109 0.044922
0 0.553711 0.101562 0.052734 0.054688
0 0.063477 0.493164 0.033203 0.044922
0 0.095703 0.115234 0.039062 0.042969
1 0.330078 0.261719 0.261719 0.269531
1 0.654297 0.359375 0.210938 0.273438
1 0.690430 0.817383 0.146484 0.166016
1 0.291016 0.745117 0.234375 0.216797
1 0.870117 0.428711 0.162109 0.255859
1 0.694336 0.088867 0.205078 0.146484