0 0.345313 0.118750 0.023438 0.031944
0 0.047266 0.224306 0.025781 0.034722
0 0.019922 0.711806 0.014844 0.029167
0 0.252344 0.597917 0.028125 0.045833
0 0.409766 0.891667 0.016406 0.030556
0 0.730859 0.709722 0.027344 0.036111
0 0.964453 0.395833 0.024219 0.030556
0 0.698047 0.697222 0.027344 0.047222
0 0.348047 0.439583 0.021094 0.029167
0 0.126562 0.709722 0.028125 0.036111
0 0.929688 0.200694 0.014063 0.037500
0 0.381250 0.881250 0.015625 0.031944
0 0.205859 0.227778 0.024219 0.033333
0 0.097266 0.927778 0.024219 0.036111
0 0.574219 0.053472 0.017188 0.034722
0 0.665625 0.700000 0.018750 0.044444
0 0.826562 0.406944 0.020313 0.050000
0 0.927344 0.427778 0.028125 0.027778
0 0.623828 0.321528 0.024219 0.031944
0 0.825000 0.630556 0.014063 0.044444
0 0.095312 0.860417 0.023438 0.029167
0 0.632812 0.218750 0.018750 0.048611
0 0.865625 0.654167 0.015625 0.041667
0 0.773828 0.925000 0.025781 0.027778
0 0.848437 0.570139 0.017188 0.048611
0 0.680859 0.034028 0.027344 0.029167
0 0.146094 0.581944 0.028125 0.025000
0 0.980078 0.663889 0.021094 0.027778
0 0.593750 0.140278 0.015625 0.041667
0 0.844531 0.260417 0.015625 0.034722
0 0.051172 0.546528 0.027344 0.031944
0 0.050000 0.369444 0.020313 0.041667
0 0.262109 0.059028 0.024219 0.029167
0 0.683594 0.877083 0.015625 0.026389
0 0.912500 0.080556 0.021875 0.036111
0 0.198437 0.876389 0.015625 0.033333
0 0.218750 0.450000 0.014063 0.047222
0 0.913281 0.321528 0.023438 0.037500
0 0.761719 0.825000 0.025000 0.036111
0 0.581641 0.693056 0.027344 0.036111
0 0.040625 0.638889 0.025000 0.027778
0 0.309375 0.032639 0.014063 0.026389
0 0.503516 0.897222 0.017969 0.050000
0 0.225781 0.390972 0.025000 0.037500
0 0.821875 0.080556 0.017188 0.038889
0 0.616016 0.276389 0.014844 0.044444
0 0.808594 0.191667 0.015625 0.030556
0 0.218750 0.760417 0.025000 0.037500
0 0.882031 0.377083 0.020313 0.026389
0 0.663672 0.604861 0.014844 0.026389
0 0.394922 0.150000 0.027344 0.047222
0 0.686719 0.748611 0.026562 0.041667
0 0.317578 0.919444 0.017969 0.050000
0 0.881641 0.109722 0.027344 0.041667
0 0.732422 0.644444 0.014844 0.050000
0 0.908203 0.656944 0.014844 0.030556
0 0.810156 0.955556 0.028125 0.047222
0 0.253125 0.645139 0.014063 0.031944
0 0.904687 0.233333 0.028125 0.030556
0 0.757031 0.648611 0.021875 0.050000
0 0.549219 0.036111 0.014063 0.030556
0 0.975391 0.336806 0.022656 0.048611
0 0.229297 0.287500 0.021094 0.044444
0 0.335938 0.597222 0.021875 0.050000
0 0.908594 0.277083 0.026562 0.037500
0 0.137891 0.961806 0.022656 0.034722
0 0.368359 0.205556 0.017969 0.044444
0 0.043750 0.316667 0.026562 0.025000
0 0.178125 0.780556 0.023438 0.047222
0 0.980469 0.610417 0.015625 0.026389
0 0.110156 0.611806 0.023438 0.048611
0 0.342969 0.495139 0.014063 0.029167
0 0.718750 0.945833 0.028125 0.041667
0 0.414453 0.950000 0.027344 0.041667
0 0.796484 0.076389 0.019531 0.033333
0 0.309766 0.506944 0.022656 0.041667
0 0.305859 0.656250 0.019531 0.043056
0 0.457422 0.895833 0.021094 0.036111
0 0.225781 0.551389 0.015625 0.038889
0 0.115234 0.798611 0.016406 0.041667
1 0.591797 0.840278 0.142969 0.219444
1 0.457813 0.462500 0.153125 0.236111
1 0.736719 0.394444 0.142187 0.261111
1 0.141797 0.457639 0.117969 0.204167
1 0.869531 0.795833 0.156250 0.186111
1 0.301953 0.268750 0.099219 0.176389
1 0.498047 0.195139 0.144531 0.173611
1 0.291797 0.795833 0.102344 0.180556
1 0.125391 0.222222 0.094531 0.202778