0 0.810547 0.264648 0.046875 0.044922
0 0.585938 0.932617 0.039062 0.033203
0 0.721680 0.960938 0.048828 0.035156
0 0.343750 0.445312 0.039062 0.035156
0 0.721680 0.380859 0.037109 0.031250
0 0.248047 0.755859 0.054688 0.054688
0 0.451172 0.338867 0.058594 0.033203
0 0.168945 0.692383 0.048828 0.052734
0 0.425781 0.389648 0.054688 0.044922
0 0.250000 0.149414 0.039062 0.044922
0 0.396484 0.547852 0.058594 0.052734
0 0.173828 0.416016 0.042969 0.039062
0 0.476562 0.430664 0.031250 0.056641
0 0.632812 0.238281 0.035156 0.039062
0 0.832031 0.919922 0.046875 0.058594
0 0.879883 0.282227 0.048828 0.056641
0 0.667969 0.856445 0.050781 0.037109
0 0.312500 0.890625 0.058594 0.035156
0 0.270508 0.670898 0.056641 0.056641
0 0.796875 0.327148 0.046875 0.052734
0 0.642578 0.032227 0.050781 0.033203
0 0.082031 0.865234 0.035156 0.054688
0 0.622070 0.164062 0.052734 0.035156
0 0.887695 0.958984 0.037109 0.039062
0 0.565430 0.295898 0.033203 0.052734
0 0.039062 0.551758 0.031250 0.056641
0 0.426758 0.488281 0.056641 0.035156
0 0.236328 0.344727 0.042969 0.056641
0 0.211914 0.849609 0.033203 0.042969
0 0.957031 0.282227 0.035156 0.041016
0 0.091797 0.792969 0.046875 0.039062
0 0.661133 0.690430 0.048828 0.044922
0 0.079102 0.328125 0.052734 0.046875
0 0.053711 0.964844 0.052734 0.039062
0 0.939453 0.061523 0.039062 0.056641
0 0.554688 0.384766 0.046875 0.031250
1 0.845703 0.749023 0.210938 0.220703
1 0.186523 0.529297 0.248047 0.140625
1 0.455078 0.114258 0.195312 0.197266
1 0.791992 0.137695 0.236328 0.150391
1 0.483398 0.790039 0.251953 0.232422
1 0.843750 0.498047 0.207031 0.175781
1 0.127930 0.172852 0.173828 0.212891
1 0.594727 0.516602 0.181641 0.193359