0 0.150781 0.111111 0.020313 0.025000
0 0.161328 0.165972 0.021094 0.040278
0 0.241406 0.034028 0.017188 0.031944
0 0.298047 0.063194 0.017969 0.045833
0 0.833984 0.371528 0.019531 0.040278
0 0.205469 0.950000 0.018750 0.033333
0 0.789453 0.087500 0.017969 0.038889
0 0.963281 0.772222 0.026562 0.047222
0 0.849219 0.933333 0.014063 0.030556
0 0.077344 0.895139 0.017188 0.045833
0 0.917188 0.715972 0.015625 0.037500
0 0.870313 0.034722 0.015625 0.027778
0 0.546484 0.463889 0.016406 0.038889
0 0.456641 0.845139 0.019531 0.026389
0 0.112500 0.397222 0.014063 0.025000
0 0.935547 0.040972 0.019531 0.026389
0 0.024219 0.209028 0.020313 0.043056
0 0.651953 0.504167 0.016406 0.027778
0 0.134766 0.235417 0.014844 0.048611
0 0.862500 0.104861 0.020313 0.037500
0 0.944141 0.690278 0.021094 0.030556
0 0.572266 0.391667 0.025781 0.030556
0 0.414844 0.330556 0.015625 0.033333
0 0.385547 0.865278 0.027344 0.038889
0 0.063281 0.206250 0.014063 0.031944
0 0.045703 0.406944 0.017969 0.030556
0 0.232813 0.478472 0.021875 0.034722
0 0.685937 0.259028 0.021875 0.045833
0 0.083984 0.084028 0.016406 0.040278
0 0.384766 0.473611 0.022656 0.025000
0 0.035156 0.881250 0.014063 0.037500
0 0.023828 0.813889 0.025781 0.025000
0 0.957812 0.586806 0.014063 0.026389
0 0.685937 0.961806 0.017188 0.043056
0 0.268750 0.065278 0.025000 0.044444
0 0.705078 0.426389 0.022656 0.044444
0 0.909375 0.568750 0.026562 0.031944
0 0.900000 0.093750 0.020313 0.026389
0 0.851562 0.547222 0.025000 0.038889
0 0.633984 0.362500 0.016406 0.041667
0 0.978906 0.602778 0.017188 0.027778
0 0.043359 0.305556 0.017969 0.050000
0 0.235156 0.097917 0.023438 0.037500
0 0.679297 0.369444 0.025781 0.030556
0 0.160547 0.485417 0.017969 0.048611
0 0.290625 0.935417 0.028125 0.045833
0 0.109375 0.290278 0.017188 0.044444
0 0.902734 0.491667 0.019531 0.038889
0 0.079687 0.817361 0.025000 0.034722
0 0.758203 0.426389 0.017969 0.030556
0 0.754297 0.645833 0.022656 0.027778
0 0.175391 0.059722 0.014844 0.038889
0 0.079687 0.261806 0.023438 0.026389
0 0.787891 0.554167 0.017969 0.025000
0 0.045312 0.485417 0.028125 0.045833
0 0.755469 0.522222 0.017188 0.025000
0 0.911719 0.881250 0.020313 0.031944
0 0.352734 0.900000 0.024219 0.038889
0 0.425000 0.897222 0.023438 0.033333
0 0.697656 0.639583 0.028125 0.026389
0 0.833203 0.456944 0.021094 0.025000
0 0.787891 0.402778 0.021094 0.047222
0 0.264453 0.504861 0.017969 0.048611
0 0.484766 0.313889 0.014844 0.025000
0 0.586719 0.055556 0.017188 0.041667
0 0.338672 0.537500 0.016406 0.044444
0 0.042969 0.118750 0.023438 0.026389
0 0.612500 0.933333 0.026562 0.025000
0 0.071484 0.430556 0.022656 0.033333
0 0.565234 0.507639 0.027344 0.029167
0 0.860547 0.630556 0.017969 0.036111
0 0.404297 0.419444 0.025781 0.036111
0 0.348047 0.421528 0.027344 0.031944
0 0.831641 0.094444 0.021094 0.041667
0 0.433984 0.065972 0.022656 0.031944
0 0.454297 0.895139 0.027344 0.045833
0 0.337109 0.039583 0.022656 0.026389
0 0.915234 0.638194 0.025781 0.034722
0 0.959375 0.848611 0.028125 0.036111
0 0.123438 0.920139 0.025000 0.048611
0 0.698047 0.506944 0.021094 0.038889
0 0.467969 0.785417 0.023438 0.031944
0 0.733594 0.074306 0.025000 0.043056
0 0.217578 0.159722 0.017969 0.025000
0 0.517578 0.075000 0.022656 0.027778
0 0.402734 0.947917 0.016406 0.034722
0 0.680859 0.865972 0.022656 0.048611
0 0.189453 0.122917 0.017969 0.029167
0 0.919531 0.150000 0.026562 0.041667
0 0.651172 0.938194 0.025781 0.045833
0 0.768750 0.478472 0.025000 0.029167
0 0.178125 0.936111 0.018750 0.044444
0 0.366797 0.762500 0.019531 0.025000
0 0.535547 0.340278 0.022656 0.050000
0 0.113281 0.046528 0.021875 0.034722
0 0.503906 0.164583 0.015625 0.045833
0 0.811328 0.404167 0.019531 0.044444
1 0.599609 0.713194 0.124219 0.287500
1 0.820703 0.790972 0.113281 0.231944
1 0.415234 0.193750 0.147656 0.195833
1 0.917969 0.338194 0.117188 0.231944
1 0.234375 0.336111 0.143750 0.216667
1 0.275781 0.730556 0.095312 0.305556
1 0.445703 0.612500 0.150781 0.186111
1 0.592969 0.208333 0.117188 0.175000
1 0.774609 0.220139 0.124219 0.184722
1 0.116016 0.677083 0.166406 0.223611