0 0.857031 0.812500 0.020313 0.044444
0 0.689453 0.953472 0.027344 0.045833
0 0.810156 0.402778 0.028125 0.038889
0 0.828906 0.647917 0.026562 0.045833
0 0.857031 0.538889 0.020313 0.030556
0 0.825391 0.830556 0.017969 0.044444
0 0.733594 0.045833 0.025000 0.038889
0 0.961328 0.876389 0.014844 0.036111
0 0.533984 0.656944 0.024219 0.044444
0 0.608594 0.657639 0.020313 0.034722
0 0.692578 0.905556 0.017969 0.025000
0 0.964844 0.117361 0.023438 0.040278
0 0.818750 0.922917 0.015625 0.043056
0 0.066406 0.669444 0.014063 0.050000
0 0.619141 0.927778 0.014844 0.047222
0 0.944141 0.646528 0.017969 0.048611
0 0.867969 0.754861 0.021875 0.045833
0 0.159375 0.445833 0.018750 0.038889
0 0.942969 0.807639 0.018750 0.029167
0 0.714844 0.933333 0.015625 0.041667
0 0.782422 0.758333 0.016406 0.033333
0 0.819141 0.742361 0.022656 0.026389
0 0.586719 0.760417 0.023438 0.048611
0 0.694531 0.819444 0.023438 0.033333
0 0.891406 0.729861 0.017188 0.043056
0 0.485547 0.824306 0.017969 0.048611
0 0.065625 0.840278 0.026562 0.041667
0 0.956250 0.061111 0.025000 0.044444
0 0.733203 0.847917 0.019531 0.026389
0 0.040234 0.684028 0.017969 0.037500
0 0.701562 0.159028 0.028125 0.040278
0 0.926953 0.502778 0.019531 0.025000
0 0.606250 0.820833 0.028125 0.047222
0 0.485156 0.313889 0.021875 0.047222
0 0.410547 0.320139 0.025781 0.031944
0 0.027734 0.865972 0.027344 0.045833
0 0.576172 0.829861 0.022656 0.031944
0 0.890234 0.244444 0.027344 0.030556
0 0.510547 0.205556 0.014844 0.044444
0 0.547656 0.768056 0.025000 0.038889
0 0.576953 0.896528 0.022656 0.034722
0 0.956250 0.204861 0.014063 0.037500
0 0.760547 0.913889 0.014844 0.030556
0 0.535937 0.236806 0.021875 0.034722
0 0.101172 0.869444 0.027344 0.027778
0 0.323437 0.701389 0.015625 0.033333
0 0.891016 0.947917 0.016406 0.037500
0 0.401953 0.205556 0.021094 0.033333
0 0.937109 0.215972 0.014844 0.048611
0 0.314453 0.165972 0.014844 0.026389
0 0.716797 0.619444 0.022656 0.050000
0 0.446484 0.404861 0.017969 0.026389
0 0.608984 0.590972 0.021094 0.048611
0 0.662891 0.286806 0.019531 0.037500
0 0.473438 0.665972 0.017188 0.037500
0 0.580469 0.113889 0.023438 0.038889
0 0.106641 0.473611 0.019531 0.036111
0 0.785937 0.683333 0.018750 0.027778
0 0.529297 0.820139 0.014844 0.029167
0 0.769141 0.112500 0.022656 0.025000
0 0.389062 0.726389 0.021875 0.027778
0 0.496094 0.497917 0.014063 0.026389
0 0.799219 0.537500 0.020313 0.038889
0 0.741016 0.732639 0.021094 0.048611
0 0.683594 0.722222 0.026562 0.036111
0 0.134766 0.827778 0.014844 0.030556
0 0.458984 0.562500 0.027344 0.030556
0 0.897266 0.890278 0.027344 0.025000
0 0.429297 0.040278 0.014844 0.044444
0 0.911719 0.620833 0.026562 0.041667
0 0.091016 0.056944 0.014844 0.038889
1 0.374609 0.527083 0.103906 0.168056
1 0.264062 0.865972 0.168750 0.179167
1 0.582422 0.427778 0.130469 0.261111
1 0.171875 0.626389 0.137500 0.247222
1 0.105078 0.271528 0.110156 0.290278
1 0.224219 0.269444 0.095312 0.280556
1 0.806641 0.261111 0.121094 0.211111