0 0.883789 0.429688 0.037109 0.035156
0 0.073242 0.966797 0.052734 0.035156
0 0.914062 0.663086 0.050781 0.033203
0 0.167969 0.046875 0.035156 0.054688
0 0.473633 0.407227 0.037109 0.056641
0 0.933594 0.850586 0.039062 0.041016
0 0.436523 0.084961 0.044922 0.037109
0 0.391602 0.934570 0.041016 0.037109
0 0.385742 0.874023 0.041016 0.052734
0 0.521484 0.102539 0.031250 0.044922
0 0.631836 0.507812 0.044922 0.039062
0 0.639648 0.940430 0.033203 0.037109
0 0.333008 0.201172 0.033203 0.039062
0 0.141602 0.560547 0.044922 0.050781
0 0.382812 0.130859 0.031250 0.042969
0 0.345703 0.329102 0.058594 0.037109
0 0.093750 0.460938 0.054688 0.042969
0 0.891602 0.482422 0.044922 0.031250
0 0.054688 0.183594 0.046875 0.039062
0 0.896484 0.361328 0.046875 0.035156
0 0.697266 0.602539 0.046875 0.056641
0 0.736328 0.875000 0.058594 0.050781
0 0.138672 0.194336 0.050781 0.056641
0 0.250000 0.523438 0.042969 0.039062
0 0.759766 0.686523 0.046875 0.037109
0 0.944336 0.474609 0.041016 0.031250
0 0.267578 0.949219 0.058594 0.039062
0 0.226562 0.775391 0.039062 0.054688
0 0.620117 0.136719 0.052734 0.039062
0 0.883789 0.892578 0.041016 0.031250
0 0.099609 0.041016 0.031250 0.031250
0 0.081055 0.621094 0.041016 0.031250
0 0.246094 0.593750 0.046875 0.039062
0 0.872070 0.791992 0.037109 0.041016
0 0.323242 0.774414 0.033203 0.044922
1 0.806641 0.164062 0.265625 0.195312
1 0.581055 0.791992 0.197266 0.236328
1 0.654297 0.373047 0.218750 0.156250
1 0.121094 0.828125 0.136719 0.156250
1 0.367188 0.529297 0.152344 0.175781
1 0.201172 0.323242 0.160156 0.150391