0 0.660156 0.570833 0.025000 0.038889
0 0.766797 0.895139 0.017969 0.043056
0 0.098047 0.070139 0.022656 0.040278
0 0.235156 0.852083 0.014063 0.031944
0 0.167578 0.052083 0.017969 0.029167
0 0.023438 0.387500 0.023438 0.027778
0 0.136719 0.188194 0.017188 0.043056
0 0.903516 0.049306 0.024219 0.048611
0 0.534375 0.945833 0.014063 0.047222
0 0.747266 0.236806 0.021094 0.031944
0 0.367969 0.904861 0.018750 0.037500
0 0.711719 0.918056 0.018750 0.033333
0 0.575781 0.327778 0.017188 0.033333
0 0.558594 0.902778 0.017188 0.036111
0 0.724609 0.109028 0.017969 0.037500
0 0.318750 0.841667 0.028125 0.036111
0 0.808203 0.888889 0.016406 0.030556
0 0.891016 0.211111 0.025781 0.050000
0 0.171484 0.455556 0.027344 0.025000
0 0.483594 0.253472 0.023438 0.029167
0 0.878906 0.679167 0.023438 0.036111
0 0.189062 0.365972 0.014063 0.045833
0 0.972266 0.826389 0.022656 0.033333
0 0.700391 0.538889 0.024219 0.041667
0 0.919922 0.706944 0.025781 0.041667
0 0.557813 0.952083 0.018750 0.029167
0 0.458984 0.936806 0.024219 0.040278
0 0.924219 0.602083 0.026562 0.043056
0 0.048438 0.959722 0.018750 0.030556
0 0.337500 0.785417 0.020313 0.031944
0 0.652734 0.500000 0.016406 0.038889
0 0.887109 0.270833 0.014844 0.038889
0 0.166797 0.913889 0.027344 0.027778
0 0.822266 0.393056 0.021094 0.027778
0 0.801172 0.785417 0.025781 0.029167
0 0.870703 0.897222 0.021094 0.041667
0 0.835938 0.781944 0.028125 0.025000
0 0.869531 0.614583 0.015625 0.029167
0 0.716016 0.153472 0.022656 0.040278
0 0.776563 0.198611 0.014063 0.027778
0 0.950781 0.134028 0.026562 0.029167
0 0.513281 0.089583 0.028125 0.040278
0 0.166016 0.397222 0.021094 0.027778
0 0.835938 0.900000 0.028125 0.050000
0 0.970313 0.604861 0.017188 0.037500
0 0.273438 0.072917 0.028125 0.040278
0 0.934375 0.489583 0.025000 0.048611
0 0.701172 0.583333 0.025781 0.027778
0 0.253516 0.709028 0.014844 0.045833
0 0.066016 0.115972 0.022656 0.045833
0 0.810937 0.239583 0.028125 0.040278
0 0.871484 0.742361 0.016406 0.045833
0 0.880078 0.831250 0.027344 0.031944
0 0.321875 0.697917 0.021875 0.040278
0 0.852344 0.149306 0.023438 0.037500
0 0.029687 0.500694 0.014063 0.045833
0 0.705859 0.455556 0.024219 0.044444
0 0.343750 0.743750 0.025000 0.029167
0 0.881250 0.445139 0.017188 0.045833
0 0.898438 0.747222 0.018750 0.027778
0 0.037891 0.813889 0.017969 0.027778
0 0.836328 0.289583 0.027344 0.026389
0 0.913672 0.416667 0.024219 0.036111
0 0.615234 0.034722 0.024219 0.036111
0 0.970313 0.197222 0.025000 0.041667
0 0.562500 0.392361 0.023438 0.048611
0 0.753906 0.300694 0.023438 0.040278
0 0.932422 0.536806 0.016406 0.031944
0 0.846094 0.090278 0.026562 0.033333
0 0.705469 0.683333 0.023438 0.050000
0 0.888672 0.532639 0.016406 0.034722
0 0.237109 0.637500 0.021094 0.050000
0 0.775391 0.087500 0.021094 0.025000
0 0.703906 0.861111 0.017188 0.030556
0 0.207813 0.854861 0.026562 0.043056
0 0.023438 0.873611 0.026562 0.038889
0 0.194531 0.593750 0.014063 0.043056
0 0.923828 0.784722 0.022656 0.027778
0 0.358594 0.957639 0.023438 0.029167
0 0.967578 0.436806 0.025781 0.029167
0 0.795703 0.827083 0.025781 0.031944
0 0.740625 0.786111 0.021875 0.044444
0 0.141406 0.061806 0.021875 0.034722
0 0.116406 0.950000 0.023438 0.050000
0 0.865625 0.574306 0.014063 0.029167
0 0.156250 0.102083 0.021875 0.029167
0 0.967969 0.312500 0.028125 0.038889
0 0.655859 0.437500 0.022656 0.036111
0 0.463281 0.081250 0.014063 0.031944
0 0.794141 0.363889 0.019531 0.041667
0 0.341406 0.322222 0.028125 0.036111
0 0.931250 0.954861 0.028125 0.040278
0 0.801172 0.050000 0.016406 0.044444
0 0.931250 0.893750 0.020313 0.031944
0 0.974609 0.370139 0.022656 0.031944
0 0.757031 0.157639 0.021875 0.034722
0 0.739062 0.906944 0.021875 0.030556
0 0.622266 0.511111 0.017969 0.025000
0 0.943359 0.229167 0.019531 0.030556
0 0.614453 0.572917 0.021094 0.034722
0 0.026953 0.036111 0.016406 0.036111
0 0.024609 0.740278 0.019531 0.025000
0 0.910547 0.514583 0.014844 0.026389
0 0.662500 0.036111 0.028125 0.027778
0 0.132422 0.896528 0.022656 0.034722
1 0.290234 0.478472 0.163281 0.220833
1 0.376172 0.170833 0.139844 0.216667
1 0.466016 0.770139 0.157031 0.268056
1 0.792578 0.622222 0.111719 0.252778
1 0.485156 0.426389 0.100000 0.183333
1 0.681250 0.311806 0.101562 0.198611
1 0.116406 0.719444 0.129688 0.272222
1 0.232422 0.206250 0.110156 0.170833
1 0.097266 0.341667 0.105469 0.241667
1 0.632422 0.787500 0.113281 0.283333