0 0.901367 0.833984 0.048828 0.035156
0 0.653320 0.453125 0.033203 0.042969
0 0.901367 0.756836 0.048828 0.048828
0 0.833008 0.079102 0.033203 0.037109
0 0.278320 0.050781 0.044922 0.035156
0 0.839844 0.458008 0.042969 0.044922
0 0.840820 0.880859 0.037109 0.031250
0 0.559570 0.409180 0.033203 0.033203
0 0.775391 0.909180 0.046875 0.052734
0 0.253906 0.430664 0.035156 0.052734
0 0.376953 0.225586 0.058594 0.033203
0 0.535156 0.155273 0.054688 0.037109
0 0.206055 0.725586 0.033203 0.048828
0 0.896484 0.052734 0.031250 0.039062
0 0.052734 0.873047 0.031250 0.058594
0 0.351562 0.115234 0.039062 0.039062
0 0.790039 0.758789 0.056641 0.048828
0 0.258789 0.485352 0.033203 0.037109
0 0.061523 0.945312 0.037109 0.031250
0 0.899414 0.932617 0.037109 0.041016
0 0.360352 0.445312 0.041016 0.054688
0 0.048828 0.099609 0.042969 0.058594
0 0.617188 0.114258 0.042969 0.048828
0 0.489258 0.537109 0.033203 0.058594
0 0.750000 0.441406 0.054688 0.046875
0 0.756836 0.099609 0.044922 0.039062
0 0.098633 0.789062 0.052734 0.050781
0 0.431641 0.454102 0.039062 0.044922
0 0.397461 0.368164 0.041016 0.056641
0 0.050781 0.218750 0.035156 0.035156
0 0.906250 0.112305 0.046875 0.044922
0 0.526367 0.078125 0.037109 0.046875
0 0.332031 0.948242 0.054688 0.033203
0 0.445312 0.578125 0.039062 0.046875
0 0.565430 0.479492 0.041016 0.044922
0 0.635742 0.058594 0.048828 0.039062
0 0.060547 0.033203 0.054688 0.035156
0 0.315430 0.902344 0.041016 0.035156
0 0.727539 0.173828 0.033203 0.054688
0 0.341797 0.561523 0.035156 0.041016
1 0.619141 0.852539 0.203125 0.224609
1 0.202148 0.220703 0.244141 0.218750
1 0.569336 0.270508 0.236328 0.169922
1 0.367188 0.715820 0.230469 0.208984
1 0.654297 0.624023 0.230469 0.185547
1 0.894531 0.614258 0.156250 0.146484
1 0.123047 0.494141 0.136719 0.265625
1 0.867188 0.274414 0.144531 0.244141
1 0.197266 0.916016 0.144531 0.136719