0 0.721484 0.770139 0.019531 0.026389
0 0.802344 0.431944 0.021875 0.038889
0 0.229687 0.427083 0.015625 0.037500
0 0.939453 0.841667 0.022656 0.033333
0 0.660547 0.130556 0.017969 0.036111
0 0.042969 0.471528 0.017188 0.048611
0 0.805078 0.311111 0.025781 0.033333
0 0.183594 0.897222 0.021875 0.041667
0 0.471094 0.906250 0.015625 0.031944
0 0.826172 0.912500 0.027344 0.041667
0 0.753906 0.968056 0.015625 0.025000
0 0.168750 0.238889 0.020313 0.033333
0 0.350391 0.034722 0.017969 0.030556
0 0.686328 0.706250 0.022656 0.034722
0 0.926172 0.888889 0.022656 0.030556
0 0.220703 0.035417 0.014844 0.026389
0 0.745313 0.148611 0.026562 0.030556
0 0.878516 0.155556 0.021094 0.047222
0 0.864844 0.718056 0.014063 0.041667
0 0.766016 0.205556 0.017969 0.038889
0 0.182812 0.111111 0.025000 0.050000
0 0.688672 0.925000 0.022656 0.033333
0 0.333984 0.085417 0.021094 0.029167
0 0.148828 0.738889 0.014844 0.038889
0 0.816406 0.804167 0.018750 0.041667
0 0.347266 0.390278 0.021094 0.036111
0 0.089453 0.695139 0.021094 0.034722
0 0.364063 0.690278 0.018750 0.027778
0 0.413672 0.715278 0.025781 0.025000
0 0.137500 0.959722 0.025000 0.027778
0 0.282813 0.059028 0.014063 0.045833
0 0.571484 0.166667 0.021094 0.027778
0 0.896484 0.789583 0.022656 0.026389
0 0.542969 0.929167 0.020313 0.041667
0 0.327734 0.522917 0.025781 0.031944
0 0.479297 0.962500 0.027344 0.038889
0 0.936719 0.552083 0.017188 0.031944
0 0.770312 0.678472 0.015625 0.048611
0 0.042578 0.725000 0.025781 0.038889
0 0.850781 0.841667 0.023438 0.050000
0 0.043359 0.959722 0.021094 0.047222
0 0.704688 0.869444 0.014063 0.041667
0 0.479297 0.788194 0.016406 0.029167
0 0.247656 0.826389 0.017188 0.044444
0 0.214453 0.911806 0.024219 0.026389
0 0.939844 0.486111 0.026562 0.047222
0 0.037500 0.301389 0.017188 0.027778
0 0.632031 0.873611 0.021875 0.025000
0 0.095703 0.560417 0.024219 0.048611
0 0.028125 0.211806 0.020313 0.037500
0 0.133594 0.831250 0.017188 0.048611
0 0.086328 0.944444 0.025781 0.025000
0 0.777344 0.801389 0.018750 0.030556
0 0.884766 0.609028 0.019531 0.040278
0 0.916406 0.710417 0.014063 0.026389
0 0.061328 0.064583 0.016406 0.034722
0 0.382812 0.438194 0.023438 0.048611
0 0.725000 0.706944 0.015625 0.025000
0 0.244141 0.277083 0.014844 0.037500
0 0.309375 0.373611 0.025000 0.027778
0 0.119531 0.780556 0.021875 0.038889
0 0.244141 0.371528 0.019531 0.037500
0 0.792969 0.193056 0.023438 0.030556
0 0.282031 0.531250 0.017188 0.031944
0 0.981250 0.562500 0.014063 0.050000
0 0.124609 0.891667 0.024219 0.030556
0 0.061719 0.126389 0.014063 0.030556
0 0.044531 0.806250 0.018750 0.043056
0 0.884766 0.920833 0.017969 0.036111
0 0.312500 0.466667 0.014063 0.041667
0 0.563281 0.913889 0.014063 0.027778
0 0.819922 0.584722 0.017969 0.047222
0 0.068750 0.885417 0.017188 0.034722
0 0.827344 0.485417 0.017188 0.040278
0 0.758594 0.048611 0.021875 0.036111
0 0.608203 0.933333 0.014844 0.041667
0 0.119141 0.079861 0.017969 0.037500
0 0.382422 0.049306 0.017969 0.031944
0 0.198437 0.743056 0.018750 0.027778
0 0.113672 0.137500 0.017969 0.030556
0 0.160938 0.048611 0.015625 0.044444
0 0.719531 0.544444 0.028125 0.027778
0 0.875781 0.538889 0.014063 0.041667
0 0.741016 0.932639 0.027344 0.026389
0 0.795703 0.750694 0.027344 0.048611
0 0.513281 0.909722 0.014063 0.038889
0 0.644141 0.941667 0.017969 0.036111
0 0.450000 0.748611 0.021875 0.036111
0 0.476953 0.851389 0.024219 0.030556
0 0.927344 0.123611 0.018750 0.047222
0 0.911328 0.949306 0.017969 0.037500
0 0.706641 0.140972 0.014844 0.031944
0 0.186719 0.781250 0.015625 0.037500
1 0.310156 0.245833 0.100000 0.211111
1 0.194141 0.609722 0.141406 0.188889
1 0.475391 0.196528 0.122656 0.251389
1 0.709375 0.377778 0.143750 0.252778
1 0.134766 0.377083 0.144531 0.223611
1 0.538281 0.630556 0.150000 0.175000
1 0.355078 0.841667 0.152344 0.205556
1 0.903516 0.306250 0.142969 0.223611