0 0.080078 0.352539 0.035156 0.048828
0 0.174805 0.078125 0.056641 0.039062
0 0.392578 0.491211 0.039062 0.056641
0 0.719727 0.264648 0.033203 0.056641
0 0.958984 0.419922 0.031250 0.050781
0 0.106445 0.298828 0.044922 0.031250
0 0.509766 0.590820 0.050781 0.048828
0 0.962891 0.907227 0.039062 0.056641
0 0.258789 0.091797 0.033203 0.058594
0 0.809570 0.198242 0.033203 0.044922
0 0.241211 0.306641 0.048828 0.039062
0 0.677734 0.691406 0.042969 0.035156
0 0.905273 0.126953 0.033203 0.054688
0 0.496094 0.485352 0.031250 0.056641
0 0.052734 0.735352 0.031250 0.041016
0 0.341797 0.871094 0.054688 0.054688
0 0.286133 0.667969 0.052734 0.050781
0 0.825195 0.053711 0.041016 0.048828
0 0.074219 0.924805 0.031250 0.041016
0 0.890625 0.502930 0.046875 0.048828
0 0.317383 0.467773 0.048828 0.056641
0 0.955078 0.053711 0.031250 0.048828
0 0.707031 0.925781 0.042969 0.054688
0 0.069336 0.829102 0.033203 0.041016
0 0.207031 0.935547 0.050781 0.031250
0 0.279297 0.207031 0.035156 0.050781
0 0.061523 0.063477 0.056641 0.056641
0 0.344727 0.558594 0.056641 0.058594
0 0.514648 0.106445 0.048828 0.033203
0 0.908203 0.348633 0.039062 0.052734
0 0.417969 0.067383 0.050781 0.052734
0 0.564453 0.538086 0.035156 0.048828
0 0.660156 0.809570 0.042969 0.041016
0 0.447266 0.521484 0.046875 0.050781
0 0.559570 0.251953 0.048828 0.031250
0 0.183594 0.179688 0.054688 0.035156
0 0.629883 0.430664 0.044922 0.056641
0 0.663086 0.629883 0.041016 0.037109
0 0.963867 0.849609 0.041016 0.039062
0 0.131836 0.943359 0.056641 0.035156
0 0.643555 0.255859 0.052734 0.042969
0 0.675781 0.760742 0.039062 0.033203
0 0.279297 0.947266 0.054688 0.039062
1 0.516602 0.778320 0.201172 0.251953
1 0.765625 0.449219 0.160156 0.273438
1 0.416016 0.273438 0.179688 0.257812
1 0.828125 0.804688 0.148438 0.273438
1 0.162109 0.482422 0.234375 0.191406
1 0.205078 0.808594 0.195312 0.199219
1 0.650391 0.140625 0.179688 0.167969