0 0.810156 0.678472 0.021875 0.048611
0 0.431250 0.856250 0.023438 0.048611
0 0.500000 0.790278 0.021875 0.027778
0 0.736328 0.227778 0.014844 0.041667
0 0.460938 0.115972 0.020313 0.043056
0 0.150391 0.962500 0.014844 0.041667
0 0.938672 0.961111 0.016406 0.025000
0 0.178906 0.033333 0.018750 0.027778
0 0.072266 0.127083 0.019531 0.026389
0 0.260156 0.661111 0.015625 0.033333
0 0.576953 0.464583 0.014844 0.040278
0 0.508203 0.065972 0.019531 0.034722
0 0.528125 0.147222 0.018750 0.036111
0 0.627344 0.594444 0.023438 0.033333
0 0.867969 0.797917 0.020313 0.040278
0 0.827734 0.384028 0.017969 0.034722
0 0.175781 0.086806 0.017188 0.043056
0 0.308594 0.231944 0.018750 0.025000
0 0.601562 0.549306 0.018750 0.045833
0 0.484375 0.248611 0.014063 0.025000
0 0.406641 0.052083 0.027344 0.037500
0 0.698438 0.302083 0.018750 0.031944
0 0.308984 0.105556 0.017969 0.036111
0 0.794922 0.333333 0.017969 0.030556
0 0.728906 0.867361 0.017188 0.045833
0 0.214844 0.053472 0.026562 0.048611
0 0.790234 0.895139 0.016406 0.040278
0 0.885156 0.197917 0.023438 0.045833
0 0.624219 0.067361 0.015625 0.034722
0 0.886328 0.854861 0.025781 0.045833
0 0.251172 0.487500 0.027344 0.038889
0 0.395313 0.957639 0.018750 0.031944
0 0.958203 0.034028 0.021094 0.026389
0 0.804688 0.234028 0.028125 0.029167
0 0.650781 0.511111 0.017188 0.027778
0 0.062109 0.571528 0.019531 0.034722
0 0.875000 0.931944 0.018750 0.044444
0 0.765625 0.965972 0.021875 0.031944
0 0.864844 0.493056 0.020313 0.027778
0 0.210938 0.125694 0.026562 0.029167
0 0.682031 0.690278 0.025000 0.027778
0 0.520703 0.615278 0.027344 0.047222
0 0.500781 0.944444 0.020313 0.030556
0 0.962500 0.929861 0.018750 0.048611
0 0.948828 0.647222 0.017969 0.036111
0 0.124219 0.211806 0.025000 0.026389
0 0.311328 0.693750 0.022656 0.031944
0 0.481641 0.885417 0.016406 0.026389
0 0.189062 0.939583 0.023438 0.029167
0 0.222656 0.672917 0.021875 0.026389
0 0.238281 0.870833 0.017188 0.044444
0 0.591016 0.040972 0.019531 0.031944
0 0.758594 0.086111 0.021875 0.044444
0 0.279687 0.943750 0.021875 0.048611
0 0.776953 0.679861 0.025781 0.043056
0 0.553125 0.121528 0.025000 0.037500
0 0.364063 0.139583 0.023438 0.048611
0 0.023047 0.419444 0.024219 0.027778
0 0.612891 0.687500 0.019531 0.036111
0 0.355469 0.881944 0.025000 0.050000
0 0.764062 0.211806 0.023438 0.026389
0 0.330078 0.506250 0.027344 0.026389
0 0.562500 0.655556 0.028125 0.025000
0 0.704297 0.809722 0.027344 0.036111
0 0.751563 0.926389 0.020313 0.033333
0 0.976953 0.212500 0.027344 0.030556
0 0.226953 0.577083 0.016406 0.040278
0 0.973047 0.854861 0.024219 0.026389
0 0.285156 0.127083 0.021875 0.029167
0 0.454688 0.033333 0.028125 0.025000
0 0.715625 0.172917 0.021875 0.043056
0 0.722266 0.668056 0.021094 0.041667
0 0.627344 0.147917 0.021875 0.031944
0 0.097656 0.964583 0.021875 0.026389
0 0.873437 0.380556 0.025000 0.030556
0 0.439063 0.536111 0.021875 0.025000
0 0.674609 0.047917 0.016406 0.034722
0 0.505469 0.170139 0.020313 0.045833
0 0.817969 0.037500 0.028125 0.025000
0 0.288672 0.481944 0.024219 0.041667
0 0.493750 0.545833 0.014063 0.050000
0 0.905078 0.439583 0.017969 0.040278
0 0.033594 0.268750 0.015625 0.045833
0 0.133203 0.175694 0.022656 0.029167
0 0.925000 0.862500 0.026562 0.027778
0 0.914844 0.077778 0.020313 0.050000
0 0.134766 0.059722 0.017969 0.050000
0 0.831250 0.277083 0.014063 0.045833
0 0.055859 0.229861 0.022656 0.029167
0 0.376563 0.815278 0.020313 0.044444
0 0.310156 0.776389 0.017188 0.025000
0 0.865625 0.311111 0.028125 0.044444
0 0.804688 0.370139 0.021875 0.031944
0 0.809766 0.109028 0.025781 0.026389
0 0.784375 0.164583 0.023438 0.031944
0 0.256250 0.406250 0.023438 0.026389
0 0.027344 0.143750 0.025000 0.040278
0 0.943750 0.204861 0.015625 0.048611
0 0.960547 0.142361 0.014844 0.040278
0 0.199219 0.793056 0.023438 0.038889
0 0.516406 0.838194 0.026562 0.037500
0 0.734766 0.068750 0.014844 0.031944
0 0.224219 0.945833 0.021875 0.050000
0 0.256641 0.117361 0.027344 0.026389
0 0.251172 0.965278 0.025781 0.030556
1 0.418359 0.677083 0.135156 0.181944
1 0.748047 0.513194 0.116406 0.223611
1 0.582422 0.319444 0.164844 0.227778
1 0.149219 0.588194 0.112500 0.168056
1 0.394531 0.332639 0.112500 0.287500
1 0.186719 0.352778 0.103125 0.208333
1 0.088672 0.837500 0.119531 0.166667
1 0.880859 0.639583 0.103906 0.215278