0 0.946289 0.512695 0.048828 0.037109
0 0.740234 0.407227 0.031250 0.052734
0 0.274414 0.422852 0.033203 0.041016
0 0.329102 0.567383 0.044922 0.041016
0 0.182617 0.574219 0.044922 0.031250
0 0.476562 0.395508 0.042969 0.056641
0 0.937500 0.645508 0.050781 0.048828
0 0.113281 0.207031 0.031250 0.046875
0 0.607422 0.457031 0.050781 0.054688
0 0.128906 0.089844 0.058594 0.042969
0 0.089844 0.713867 0.058594 0.037109
0 0.402344 0.389648 0.046875 0.041016
0 0.666992 0.548828 0.056641 0.042969
0 0.476562 0.555664 0.042969 0.056641
0 0.392578 0.075195 0.054688 0.044922
0 0.062500 0.376953 0.035156 0.046875
0 0.661133 0.684570 0.048828 0.056641
0 0.556641 0.391602 0.058594 0.056641
0 0.556641 0.850586 0.039062 0.041016
0 0.311523 0.925781 0.037109 0.054688
0 0.101562 0.900391 0.031250 0.031250
0 0.400391 0.933594 0.042969 0.039062
0 0.481445 0.233398 0.041016 0.044922
0 0.458008 0.958984 0.056641 0.039062
0 0.531250 0.536133 0.042969 0.041016
0 0.820312 0.051758 0.042969 0.041016
0 0.183594 0.428711 0.050781 0.052734
0 0.912109 0.447266 0.058594 0.039062
0 0.447266 0.155273 0.039062 0.056641
0 0.960938 0.398438 0.039062 0.042969
0 0.507812 0.169922 0.050781 0.046875
0 0.412109 0.259766 0.035156 0.054688
0 0.468750 0.066406 0.046875 0.035156
0 0.230469 0.095703 0.035156 0.031250
0 0.266602 0.548828 0.041016 0.039062
0 0.644531 0.383789 0.031250 0.048828
0 0.105469 0.669922 0.039062 0.031250
0 0.740234 0.093750 0.031250 0.058594
0 0.450195 0.469727 0.052734 0.041016
0 0.071289 0.612305 0.048828 0.056641
0 0.358398 0.157227 0.048828 0.037109
0 0.162109 0.494141 0.058594 0.054688
0 0.483398 0.333984 0.044922 0.050781
0 0.041016 0.077148 0.050781 0.041016
0 0.670898 0.463867 0.033203 0.037109
0 0.916992 0.570312 0.044922 0.054688
0 0.227539 0.172852 0.048828 0.056641
0 0.140625 0.347656 0.035156 0.050781
0 0.100586 0.524414 0.037109 0.033203
0 0.520508 0.770508 0.041016 0.048828
1 0.626953 0.203125 0.156250 0.257812
1 0.833984 0.261719 0.207031 0.144531
1 0.782227 0.545898 0.150391 0.185547
1 0.250977 0.298828 0.146484 0.179688
1 0.653320 0.810547 0.138672 0.156250
1 0.332031 0.753906 0.261719 0.269531
1 0.883789 0.850586 0.185547 0.267578