0 0.647461 0.517578 0.052734 0.035156
0 0.123047 0.839844 0.039062 0.046875
0 0.867188 0.098633 0.050781 0.044922
0 0.186523 0.851562 0.041016 0.046875
0 0.785156 0.074219 0.046875 0.031250
0 0.633789 0.733398 0.044922 0.041016
0 0.807617 0.699219 0.041016 0.035156
0 0.483398 0.256836 0.041016 0.041016
0 0.470703 0.344727 0.054688 0.052734
0 0.925781 0.874023 0.039062 0.033203
0 0.450195 0.916992 0.037109 0.041016
0 0.123047 0.123047 0.039062 0.035156
0 0.118164 0.057617 0.048828 0.044922
0 0.672852 0.877930 0.056641 0.052734
0 0.591797 0.117188 0.042969 0.031250
0 0.530273 0.130859 0.048828 0.042969
0 0.863281 0.751953 0.039062 0.050781
0 0.260742 0.874023 0.052734 0.044922
0 0.114258 0.578125 0.033203 0.046875
0 0.319336 0.523438 0.056641 0.042969
0 0.075195 0.676758 0.033203 0.048828
0 0.513672 0.748047 0.046875 0.050781
0 0.190430 0.153320 0.056641 0.056641
0 0.642578 0.644531 0.050781 0.050781
0 0.565430 0.947266 0.033203 0.039062
0 0.252930 0.073242 0.037109 0.048828
0 0.245117 0.630859 0.037109 0.050781
0 0.897461 0.214844 0.033203 0.031250
0 0.673828 0.041992 0.031250 0.033203
0 0.426758 0.269531 0.052734 0.058594
0 0.506836 0.807617 0.041016 0.048828
0 0.044922 0.382812 0.039062 0.031250
0 0.071289 0.772461 0.052734 0.044922
0 0.605469 0.894531 0.031250 0.050781
0 0.673828 0.287109 0.035156 0.058594
0 0.338867 0.098633 0.037109 0.041016
0 0.454102 0.828125 0.033203 0.031250
0 0.195312 0.958008 0.035156 0.041016
0 0.134766 0.719727 0.054688 0.056641
0 0.450195 0.150391 0.048828 0.058594
0 0.915039 0.044922 0.037109 0.035156
0 0.430664 0.761719 0.037109 0.054688
0 0.269531 0.176758 0.054688 0.041016
1 0.783203 0.207031 0.152344 0.156250
1 0.608398 0.407227 0.146484 0.146484
1 0.480469 0.592773 0.222656 0.150391
1 0.831055 0.504883 0.232422 0.248047
1 0.802734 0.861328 0.148438 0.140625
1 0.195312 0.355469 0.242188 0.273438