0 0.610352 0.955078 0.044922 0.039062
0 0.841797 0.938477 0.042969 0.037109
0 0.072266 0.212891 0.042969 0.031250
0 0.478516 0.134766 0.039062 0.042969
0 0.711914 0.577148 0.052734 0.056641
0 0.374023 0.728516 0.044922 0.058594
0 0.858398 0.036133 0.041016 0.037109
0 0.375000 0.652344 0.031250 0.050781
0 0.956055 0.312500 0.037109 0.035156
0 0.580078 0.425781 0.039062 0.031250
0 0.819336 0.874023 0.033203 0.044922
0 0.610352 0.858398 0.037109 0.037109
0 0.371094 0.794922 0.031250 0.031250
0 0.152344 0.103516 0.046875 0.039062
0 0.732422 0.945312 0.035156 0.039062
0 0.487305 0.816406 0.052734 0.050781
0 0.687500 0.466797 0.046875 0.046875
0 0.609375 0.079102 0.042969 0.041016
0 0.465820 0.324219 0.033203 0.042969
0 0.544922 0.355469 0.050781 0.046875
0 0.843750 0.178711 0.042969 0.048828
0 0.049805 0.843750 0.033203 0.046875
0 0.837891 0.234375 0.035156 0.035156
0 0.041016 0.335938 0.042969 0.039062
0 0.278320 0.587891 0.037109 0.058594
0 0.289062 0.952148 0.031250 0.044922
0 0.109375 0.553711 0.042969 0.056641
0 0.570312 0.906250 0.035156 0.031250
0 0.130859 0.163086 0.039062 0.041016
0 0.924805 0.270508 0.033203 0.033203
0 0.220703 0.615234 0.050781 0.035156
0 0.247070 0.171875 0.048828 0.035156
0 0.064453 0.271484 0.039062 0.046875
0 0.539062 0.059570 0.058594 0.041016
1 0.271484 0.401367 0.164062 0.263672
1 0.865234 0.753906 0.222656 0.167969
1 0.217773 0.780273 0.236328 0.267578
1 0.529297 0.640625 0.214844 0.253906
1 0.688477 0.232422 0.169922 0.246094
1 0.837891 0.468750 0.148438 0.171875