0 0.384766 0.367361 0.014844 0.040278
0 0.414453 0.574306 0.021094 0.040278
0 0.565625 0.390278 0.020313 0.050000
0 0.040234 0.490972 0.019531 0.029167
0 0.851953 0.138889 0.022656 0.025000
0 0.828516 0.178472 0.014844 0.040278
0 0.935937 0.938194 0.017188 0.029167
0 0.150781 0.110417 0.025000 0.034722
0 0.427344 0.793750 0.026562 0.037500
0 0.875000 0.238889 0.023438 0.033333
0 0.939063 0.209722 0.023438 0.027778
0 0.840625 0.088194 0.023438 0.045833
0 0.232422 0.096528 0.014844 0.026389
0 0.675000 0.943056 0.025000 0.038889
0 0.616406 0.957639 0.017188 0.043056
0 0.016406 0.254861 0.014063 0.029167
0 0.149219 0.741667 0.025000 0.047222
0 0.091797 0.618750 0.022656 0.043056
0 0.399609 0.686806 0.019531 0.037500
0 0.689453 0.470139 0.019531 0.026389
0 0.030078 0.100694 0.017969 0.045833
0 0.248828 0.898611 0.025781 0.044444
0 0.873437 0.301389 0.021875 0.033333
0 0.589063 0.966667 0.020313 0.025000
0 0.056250 0.615278 0.015625 0.027778
0 0.574219 0.184722 0.025000 0.050000
0 0.791016 0.513889 0.024219 0.050000
0 0.087109 0.894444 0.019531 0.036111
0 0.836719 0.267361 0.023438 0.040278
0 0.953516 0.042361 0.027344 0.034722
0 0.928906 0.125694 0.018750 0.043056
0 0.914062 0.044444 0.017188 0.033333
0 0.901563 0.256250 0.021875 0.048611
0 0.155859 0.925000 0.016406 0.036111
0 0.689844 0.514583 0.015625 0.045833
0 0.289844 0.081944 0.017188 0.033333
0 0.355078 0.859722 0.014844 0.044444
0 0.446094 0.589583 0.028125 0.034722
0 0.235156 0.130556 0.026562 0.027778
0 0.750781 0.101389 0.028125 0.030556
0 0.280078 0.872222 0.016406 0.041667
0 0.106641 0.152778 0.019531 0.030556
0 0.621094 0.479861 0.018750 0.048611
0 0.256250 0.825694 0.017188 0.037500
0 0.780469 0.183333 0.017188 0.036111
0 0.651563 0.047222 0.017188 0.038889
0 0.083984 0.143056 0.016406 0.033333
0 0.058984 0.536111 0.014844 0.027778
0 0.595313 0.523611 0.018750 0.047222
0 0.835547 0.679861 0.019531 0.040278
0 0.927734 0.734028 0.021094 0.029167
0 0.609375 0.088889 0.020313 0.033333
0 0.187891 0.670139 0.016406 0.034722
0 0.197656 0.072222 0.014063 0.050000
0 0.096484 0.704861 0.027344 0.029167
0 0.618750 0.031250 0.025000 0.026389
0 0.824609 0.134028 0.024219 0.026389
0 0.395703 0.431250 0.024219 0.031944
0 0.026172 0.565278 0.016406 0.044444
0 0.043750 0.250694 0.028125 0.043056
0 0.437500 0.901389 0.026562 0.030556
0 0.891016 0.114583 0.024219 0.048611
0 0.718750 0.102083 0.025000 0.048611
0 0.573828 0.534028 0.017969 0.026389
0 0.336328 0.845139 0.014844 0.037500
0 0.553516 0.457639 0.019531 0.040278
0 0.164062 0.798611 0.025000 0.041667
0 0.203125 0.933333 0.023438 0.050000
0 0.944922 0.855556 0.019531 0.038889
0 0.525000 0.433333 0.018750 0.027778
0 0.765234 0.445833 0.024219 0.050000
0 0.756250 0.615972 0.015625 0.040278
0 0.317188 0.404861 0.025000 0.045833
0 0.425000 0.745139 0.025000 0.045833
0 0.033203 0.825694 0.014844 0.043056
0 0.978906 0.340278 0.018750 0.030556
0 0.379297 0.077778 0.014844 0.025000
0 0.569922 0.100694 0.022656 0.031944
0 0.650391 0.425694 0.027344 0.034722
0 0.133203 0.622222 0.024219 0.044444
0 0.859375 0.590972 0.023438 0.048611
0 0.677344 0.572917 0.018750 0.037500
0 0.429297 0.636806 0.022656 0.048611
0 0.065625 0.754861 0.015625 0.031944
0 0.790234 0.349306 0.022656 0.043056
0 0.389062 0.733333 0.015625 0.036111
1 0.525000 0.793750 0.101562 0.243056
1 0.821484 0.849306 0.152344 0.206944
1 0.656641 0.763889 0.128906 0.236111
1 0.689063 0.241667 0.135937 0.197222
1 0.288281 0.268750 0.148438 0.176389
1 0.903906 0.461806 0.131250 0.187500
1 0.285938 0.647222 0.162500 0.294444
1 0.125781 0.341667 0.093750 0.288889
1 0.489844 0.225000 0.117188 0.288889