0 0.684766 0.818750 0.024219 0.040278
0 0.801172 0.890278 0.027344 0.030556
0 0.192188 0.555556 0.028125 0.050000
0 0.037891 0.156944 0.019531 0.047222
0 0.574609 0.459028 0.016406 0.037500
0 0.243750 0.455556 0.014063 0.041667
0 0.274219 0.465972 0.015625 0.037500
0 0.211719 0.799306 0.028125 0.029167
0 0.903516 0.138889 0.016406 0.041667
0 0.719531 0.872917 0.023438 0.029167
0 0.090234 0.516667 0.017969 0.050000
0 0.406641 0.949306 0.019531 0.043056
0 0.949219 0.506944 0.021875 0.033333
0 0.097266 0.855556 0.019531 0.047222
0 0.565625 0.372222 0.028125 0.050000
0 0.337891 0.365278 0.014844 0.044444
0 0.393359 0.104861 0.016406 0.031944
0 0.645312 0.315972 0.017188 0.045833
0 0.430859 0.887500 0.024219 0.041667
0 0.887109 0.463194 0.021094 0.048611
0 0.467187 0.872917 0.026562 0.048611
0 0.922656 0.313194 0.026562 0.037500
0 0.148828 0.946528 0.027344 0.029167
0 0.532031 0.091667 0.018750 0.041667
0 0.194531 0.952083 0.026562 0.045833
0 0.885938 0.259722 0.017188 0.036111
0 0.852734 0.070833 0.021094 0.036111
0 0.947656 0.291667 0.017188 0.038889
0 0.613672 0.052778 0.022656 0.033333
0 0.220312 0.632639 0.021875 0.045833
0 0.285547 0.881944 0.014844 0.030556
0 0.066016 0.158333 0.021094 0.030556
0 0.044141 0.961806 0.021094 0.037500
0 0.979297 0.332639 0.019531 0.043056
0 0.967969 0.821528 0.023438 0.031944
0 0.532813 0.938194 0.017188 0.029167
0 0.184375 0.063889 0.017188 0.025000
0 0.745703 0.938889 0.021094 0.030556
0 0.678516 0.411111 0.019531 0.036111
0 0.559766 0.320833 0.027344 0.030556
0 0.599219 0.144444 0.025000 0.036111
0 0.629687 0.179861 0.020313 0.031944
0 0.641016 0.793750 0.021094 0.040278
0 0.183984 0.130556 0.017969 0.033333
0 0.215234 0.844444 0.024219 0.047222
0 0.372266 0.107639 0.016406 0.029167
0 0.088281 0.113194 0.023438 0.043056
0 0.578125 0.929167 0.015625 0.027778
0 0.637500 0.429167 0.026562 0.025000
0 0.138672 0.812500 0.019531 0.033333
0 0.317578 0.407639 0.014844 0.048611
0 0.510156 0.283333 0.021875 0.036111
0 0.080469 0.059722 0.021875 0.044444
0 0.905859 0.606944 0.014844 0.044444
0 0.803516 0.066667 0.014844 0.030556
0 0.966406 0.110417 0.014063 0.040278
0 0.123047 0.905556 0.017969 0.027778
0 0.344531 0.315278 0.015625 0.030556
0 0.368750 0.829861 0.021875 0.034722
0 0.494141 0.472917 0.017969 0.043056
0 0.462109 0.070139 0.019531 0.045833
0 0.321094 0.466667 0.018750 0.027778
0 0.503906 0.365972 0.018750 0.026389
0 0.244141 0.743750 0.017969 0.037500
0 0.596094 0.475694 0.015625 0.043056
0 0.655859 0.247222 0.016406 0.036111
0 0.506250 0.142361 0.025000 0.037500
0 0.027344 0.329861 0.021875 0.029167
0 0.079297 0.204167 0.022656 0.030556
0 0.600000 0.250000 0.020313 0.036111
0 0.712109 0.832639 0.022656 0.040278
0 0.514453 0.201389 0.016406 0.036111
0 0.717578 0.115278 0.024219 0.041667
0 0.362500 0.172917 0.018750 0.031944
0 0.888672 0.343750 0.022656 0.034722
0 0.945312 0.228472 0.025000 0.026389
0 0.679297 0.355556 0.022656 0.030556
0 0.272656 0.949306 0.018750 0.040278
0 0.428906 0.752778 0.014063 0.027778
0 0.767188 0.788889 0.017188 0.027778
0 0.948438 0.645139 0.015625 0.029167
0 0.804297 0.835417 0.014844 0.031944
0 0.760547 0.410417 0.022656 0.026389
0 0.305469 0.156250 0.021875 0.037500
0 0.542578 0.262500 0.025781 0.038889
0 0.430859 0.095833 0.021094 0.044444
0 0.025391 0.456944 0.014844 0.036111
0 0.525391 0.372917 0.016406 0.034722
0 0.682422 0.053472 0.024219 0.037500
0 0.914453 0.518750 0.025781 0.034722
0 0.155469 0.077083 0.020313 0.029167
0 0.312500 0.273611 0.015625 0.036111
0 0.467969 0.826389 0.015625 0.030556
1 0.187500 0.266667 0.160938 0.219444
1 0.094922 0.649306 0.136719 0.193056
1 0.514844 0.679167 0.118750 0.222222
1 0.885938 0.841667 0.106250 0.205556
1 0.416797 0.359028 0.108594 0.276389
1 0.750391 0.583333 0.157031 0.236111
1 0.335547 0.677778 0.141406 0.216667
1 0.761328 0.279167 0.128906 0.208333