0 0.641602 0.639648 0.044922 0.037109
0 0.259766 0.754883 0.042969 0.033203
0 0.423828 0.359375 0.058594 0.031250
0 0.087891 0.108398 0.050781 0.048828
0 0.703125 0.859375 0.039062 0.031250
0 0.072266 0.623047 0.031250 0.046875
0 0.511719 0.388672 0.046875 0.054688
0 0.653320 0.403320 0.044922 0.037109
0 0.231445 0.425781 0.052734 0.039062
0 0.510742 0.078125 0.056641 0.050781
0 0.725586 0.069336 0.037109 0.033203
0 0.048828 0.813477 0.058594 0.033203
0 0.179688 0.364258 0.035156 0.056641
0 0.959961 0.574219 0.041016 0.054688
0 0.173828 0.710938 0.035156 0.058594
0 0.102539 0.333984 0.048828 0.035156
0 0.146484 0.109375 0.050781 0.031250
0 0.742188 0.134766 0.031250 0.031250
0 0.154297 0.173828 0.054688 0.042969
0 0.321289 0.430664 0.044922 0.033203
0 0.282227 0.056641 0.056641 0.046875
0 0.492188 0.670898 0.058594 0.037109
0 0.134766 0.460938 0.042969 0.054688
0 0.067383 0.568359 0.041016 0.039062
0 0.543945 0.513672 0.037109 0.035156
0 0.599609 0.538086 0.035156 0.048828
0 0.662109 0.065430 0.035156 0.033203
0 0.106445 0.736328 0.033203 0.058594
0 0.556641 0.458984 0.039062 0.046875
0 0.334961 0.834961 0.037109 0.033203
0 0.042969 0.697266 0.042969 0.054688
0 0.143555 0.644531 0.052734 0.058594
0 0.454102 0.136719 0.037109 0.058594
0 0.790039 0.853516 0.044922 0.031250
0 0.937500 0.950195 0.046875 0.044922
0 0.074219 0.175781 0.042969 0.039062
0 0.709961 0.312500 0.052734 0.031250
0 0.569336 0.626953 0.056641 0.050781
0 0.589844 0.073242 0.046875 0.048828
0 0.876953 0.868164 0.054688 0.041016
0 0.518555 0.137695 0.052734 0.044922
0 0.069336 0.469727 0.052734 0.044922
0 0.181641 0.526367 0.031250 0.052734
0 0.497070 0.553711 0.037109 0.037109
0 0.605469 0.724609 0.050781 0.035156
0 0.595703 0.863281 0.031250 0.058594
0 0.686523 0.177734 0.033203 0.039062
0 0.345703 0.741211 0.042969 0.041016
0 0.370117 0.411133 0.033203 0.056641
1 0.556641 0.247070 0.207031 0.146484
1 0.325195 0.580078 0.232422 0.234375
1 0.822266 0.442383 0.164062 0.208984
1 0.800781 0.713867 0.238281 0.220703
1 0.863281 0.162109 0.179688 0.253906
1 0.324219 0.219727 0.203125 0.224609
1 0.471680 0.840820 0.169922 0.240234
1 0.189453 0.877930 0.191406 0.197266