0 0.076172 0.074219 0.050781 0.058594
0 0.305664 0.902344 0.052734 0.042969
0 0.058594 0.891602 0.035156 0.044922
0 0.919922 0.502930 0.042969 0.052734
0 0.109375 0.689453 0.035156 0.039062
0 0.915039 0.668945 0.048828 0.033203
0 0.337891 0.355469 0.058594 0.039062
0 0.681641 0.901367 0.058594 0.033203
0 0.955078 0.082031 0.050781 0.042969
0 0.199219 0.954102 0.042969 0.056641
0 0.623047 0.417969 0.046875 0.058594
0 0.104492 0.359375 0.037109 0.050781
0 0.859375 0.782227 0.058594 0.056641
0 0.565430 0.081055 0.037109 0.037109
0 0.471680 0.039062 0.048828 0.042969
0 0.949219 0.297852 0.042969 0.037109
0 0.614258 0.953125 0.052734 0.031250
0 0.608398 0.671875 0.041016 0.031250
0 0.617188 0.592773 0.054688 0.033203
0 0.364258 0.212891 0.056641 0.058594
0 0.060547 0.818359 0.039062 0.031250
0 0.330078 0.788086 0.046875 0.044922
0 0.618164 0.490234 0.037109 0.031250
0 0.872070 0.946289 0.033203 0.033203
0 0.199219 0.843750 0.031250 0.042969
0 0.331055 0.452148 0.048828 0.044922
0 0.079102 0.569336 0.052734 0.052734
0 0.110352 0.917969 0.033203 0.050781
0 0.365234 0.120117 0.039062 0.048828
0 0.914062 0.625000 0.058594 0.039062
0 0.313477 0.525391 0.044922 0.031250
0 0.762695 0.557617 0.052734 0.056641
0 0.089844 0.475586 0.050781 0.056641
0 0.949219 0.406250 0.050781 0.054688
0 0.327148 0.286133 0.044922 0.033203
0 0.926758 0.582031 0.033203 0.031250
0 0.397461 0.958984 0.056641 0.035156
1 0.476562 0.537109 0.160156 0.265625
1 0.800781 0.185547 0.203125 0.167969
1 0.733398 0.740234 0.142578 0.246094
1 0.217773 0.366211 0.154297 0.154297
1 0.219727 0.171875 0.205078 0.152344
1 0.530273 0.250977 0.244141 0.251953
1 0.492188 0.811523 0.246094 0.208984
1 0.788086 0.403320 0.177734 0.154297
1 0.238281 0.651367 0.187500 0.197266