0 0.927734 0.666016 0.050781 0.035156
0 0.122070 0.709961 0.041016 0.037109
0 0.947266 0.350586 0.031250 0.044922
0 0.497070 0.783203 0.052734 0.054688
0 0.066406 0.055664 0.050781 0.037109
0 0.149414 0.541992 0.044922 0.056641
0 0.811523 0.409180 0.037109 0.033203
0 0.407227 0.631836 0.044922 0.033203
0 0.309570 0.504883 0.056641 0.033203
0 0.556641 0.537109 0.039062 0.039062
0 0.945312 0.775391 0.035156 0.035156
0 0.411133 0.262695 0.056641 0.056641
0 0.585938 0.125977 0.050781 0.052734
0 0.119141 0.900391 0.031250 0.054688
0 0.254883 0.661133 0.048828 0.044922
0 0.502930 0.648438 0.041016 0.046875
0 0.968750 0.899414 0.031250 0.056641
0 0.884766 0.075195 0.054688 0.044922
0 0.902344 0.298828 0.035156 0.039062
0 0.499023 0.543945 0.041016 0.056641
0 0.949219 0.541992 0.031250 0.056641
0 0.350586 0.616211 0.048828 0.037109
0 0.664062 0.835938 0.046875 0.035156
0 0.244141 0.119141 0.031250 0.039062
0 0.147461 0.612305 0.044922 0.033203
0 0.799805 0.867188 0.037109 0.031250
0 0.054688 0.506836 0.046875 0.033203
0 0.834961 0.926758 0.056641 0.037109
0 0.794922 0.343750 0.054688 0.039062
0 0.857422 0.527344 0.054688 0.046875
0 0.594727 0.825195 0.052734 0.033203
0 0.735352 0.102539 0.041016 0.044922
0 0.047852 0.578125 0.041016 0.050781
0 0.289062 0.564453 0.050781 0.039062
0 0.656250 0.227539 0.054688 0.033203
0 0.913086 0.232422 0.041016 0.042969
0 0.966797 0.293945 0.035156 0.048828
0 0.592773 0.449219 0.052734 0.050781
1 0.376953 0.400391 0.171875 0.148438
1 0.698242 0.612305 0.208984 0.259766
1 0.415039 0.137695 0.216797 0.177734
1 0.287109 0.791016 0.164062 0.160156
1 0.656250 0.332031 0.160156 0.148438
1 0.149414 0.343750 0.205078 0.234375