0 0.739844 0.566667 0.025000 0.044444
0 0.871094 0.802778 0.023438 0.025000
0 0.123828 0.729861 0.022656 0.031944
0 0.386328 0.093750 0.027344 0.043056
0 0.235156 0.047222 0.021875 0.025000
0 0.127344 0.484028 0.014063 0.034722
0 0.324609 0.525694 0.021094 0.029167
0 0.400781 0.680556 0.014063 0.030556
0 0.327344 0.150694 0.026562 0.031944
0 0.426953 0.583333 0.021094 0.033333
0 0.493750 0.785417 0.028125 0.048611
0 0.028125 0.120833 0.014063 0.033333
0 0.948828 0.373611 0.016406 0.041667
0 0.758984 0.620833 0.025781 0.047222
0 0.939844 0.804861 0.014063 0.040278
0 0.369531 0.462500 0.015625 0.033333
0 0.589453 0.196528 0.024219 0.026389
0 0.853516 0.399306 0.021094 0.037500
0 0.953125 0.227083 0.015625 0.048611
0 0.470703 0.838889 0.017969 0.038889
0 0.161719 0.052083 0.018750 0.037500
0 0.928516 0.761806 0.014844 0.029167
0 0.880469 0.215972 0.023438 0.043056
0 0.051953 0.937500 0.025781 0.036111
0 0.960547 0.911111 0.025781 0.047222
0 0.969141 0.641667 0.021094 0.044444
0 0.874219 0.333333 0.020313 0.027778
0 0.247266 0.875694 0.021094 0.048611
0 0.029687 0.177778 0.017188 0.027778
0 0.420312 0.154167 0.015625 0.047222
0 0.089063 0.893056 0.023438 0.047222
0 0.901563 0.957639 0.028125 0.031944
0 0.822266 0.959722 0.017969 0.025000
0 0.076953 0.455556 0.019531 0.047222
0 0.898438 0.865278 0.015625 0.025000
0 0.047266 0.729167 0.021094 0.025000
0 0.918359 0.377778 0.022656 0.027778
0 0.130859 0.800000 0.027344 0.047222
0 0.573438 0.140278 0.025000 0.044444
0 0.083594 0.147917 0.018750 0.037500
0 0.740625 0.947222 0.020313 0.038889
0 0.463281 0.792361 0.017188 0.037500
0 0.614844 0.936806 0.017188 0.031944
0 0.637500 0.131944 0.025000 0.027778
0 0.490625 0.338889 0.017188 0.044444
0 0.785156 0.921528 0.025000 0.031944
0 0.825000 0.832639 0.021875 0.043056
0 0.838672 0.186111 0.024219 0.050000
0 0.217578 0.272222 0.024219 0.050000
0 0.415234 0.477778 0.022656 0.036111
0 0.480859 0.221528 0.025781 0.040278
0 0.694531 0.030556 0.015625 0.027778
0 0.752344 0.687500 0.017188 0.047222
0 0.973828 0.372222 0.016406 0.036111
0 0.958984 0.426389 0.022656 0.041667
0 0.032813 0.843056 0.028125 0.025000
0 0.469531 0.143750 0.015625 0.031944
0 0.865234 0.097917 0.016406 0.034722
0 0.150000 0.946528 0.020313 0.048611
0 0.191406 0.056250 0.021875 0.043056
0 0.708203 0.655556 0.016406 0.025000
0 0.838281 0.102083 0.028125 0.026389
0 0.429688 0.643056 0.025000 0.044444
0 0.977344 0.106944 0.017188 0.025000
0 0.548047 0.881250 0.017969 0.026389
0 0.607422 0.331944 0.017969 0.038889
0 0.182812 0.140972 0.017188 0.034722
0 0.110937 0.139583 0.028125 0.048611
0 0.316406 0.614583 0.015625 0.029167
0 0.582031 0.787500 0.014063 0.025000
0 0.217188 0.149306 0.020313 0.048611
0 0.273438 0.881944 0.017188 0.041667
0 0.366406 0.750000 0.020313 0.036111
0 0.647656 0.186806 0.015625 0.029167
0 0.288672 0.078472 0.024219 0.048611
0 0.699219 0.951389 0.021875 0.044444
1 0.233594 0.650000 0.120313 0.302778
1 0.519141 0.570139 0.113281 0.254167
1 0.718359 0.291667 0.108594 0.252778
1 0.370312 0.297917 0.126562 0.206944
1 0.690234 0.810417 0.161719 0.170833
1 0.140234 0.307639 0.121094 0.198611
1 0.875391 0.597917 0.116406 0.270833