0 0.520312 0.905556 0.015625 0.038889
0 0.247266 0.820833 0.019531 0.038889
0 0.370312 0.324306 0.018750 0.034722
0 0.825391 0.407639 0.017969 0.048611
0 0.625781 0.399306 0.025000 0.029167
0 0.028125 0.745139 0.025000 0.037500
0 0.478125 0.934722 0.018750 0.030556
0 0.891797 0.525000 0.021094 0.030556
0 0.675781 0.068750 0.021875 0.037500
0 0.185547 0.938194 0.019531 0.031944
0 0.727344 0.924306 0.025000 0.045833
0 0.329297 0.381944 0.021094 0.027778
0 0.204297 0.597917 0.021094 0.034722
0 0.839453 0.861806 0.014844 0.037500
0 0.303516 0.246528 0.024219 0.040278
0 0.596875 0.479167 0.028125 0.027778
0 0.061328 0.826389 0.027344 0.047222
0 0.340625 0.317361 0.015625 0.040278
0 0.573438 0.920139 0.020313 0.048611
0 0.301172 0.049306 0.022656 0.040278
0 0.042969 0.446528 0.028125 0.048611
0 0.327734 0.495139 0.025781 0.045833
0 0.790234 0.490278 0.025781 0.050000
0 0.072266 0.526389 0.019531 0.027778
0 0.305078 0.425000 0.027344 0.030556
0 0.436328 0.475000 0.014844 0.030556
0 0.501172 0.528472 0.019531 0.048611
0 0.126953 0.516667 0.017969 0.036111
0 0.547266 0.520833 0.027344 0.047222
0 0.121875 0.388194 0.015625 0.029167
0 0.327734 0.573611 0.017969 0.030556
0 0.492969 0.814583 0.026562 0.037500
0 0.643359 0.240972 0.024219 0.031944
0 0.564844 0.693056 0.014063 0.041667
0 0.767188 0.186111 0.017188 0.044444
0 0.942187 0.127778 0.028125 0.036111
0 0.969141 0.504861 0.022656 0.026389
0 0.458594 0.727778 0.014063 0.036111
0 0.238672 0.939583 0.021094 0.034722
0 0.980859 0.954861 0.014844 0.026389
0 0.628125 0.170139 0.026562 0.026389
0 0.817969 0.777083 0.014063 0.037500
0 0.594922 0.396528 0.025781 0.031944
0 0.832031 0.907639 0.026562 0.037500
0 0.946484 0.373611 0.017969 0.025000
0 0.875781 0.815972 0.023438 0.034722
0 0.451172 0.779167 0.025781 0.047222
0 0.168359 0.586806 0.022656 0.029167
0 0.859766 0.055556 0.024219 0.038889
0 0.423828 0.568056 0.019531 0.027778
0 0.842187 0.529167 0.020313 0.050000
0 0.368359 0.658333 0.027344 0.030556
0 0.236719 0.204861 0.023438 0.034722
0 0.542969 0.926389 0.023438 0.041667
0 0.463281 0.672222 0.021875 0.041667
0 0.978125 0.359722 0.025000 0.044444
0 0.237500 0.533333 0.017188 0.027778
0 0.502734 0.684028 0.021094 0.031944
0 0.939453 0.550694 0.016406 0.026389
0 0.537891 0.719444 0.024219 0.047222
0 0.633203 0.511111 0.014844 0.027778
0 0.044141 0.940278 0.016406 0.041667
0 0.401953 0.477778 0.016406 0.025000
0 0.971094 0.616667 0.026562 0.047222
0 0.911719 0.909028 0.023438 0.040278
0 0.044531 0.504167 0.021875 0.044444
0 0.070703 0.567361 0.014844 0.043056
0 0.888281 0.955556 0.021875 0.038889
0 0.384375 0.059722 0.028125 0.038889
0 0.102734 0.497222 0.016406 0.027778
0 0.133203 0.595139 0.016406 0.029167
0 0.431641 0.702083 0.022656 0.045833
0 0.272266 0.077778 0.017969 0.041667
0 0.682031 0.569444 0.014063 0.047222
0 0.974219 0.223611 0.018750 0.036111
0 0.564063 0.640278 0.025000 0.044444
0 0.225000 0.140278 0.018750 0.044444
0 0.601953 0.952083 0.027344 0.045833
0 0.337891 0.041667 0.025781 0.033333
0 0.017578 0.359028 0.016406 0.034722
0 0.203906 0.058333 0.026562 0.038889
0 0.494531 0.587500 0.023438 0.050000
0 0.741016 0.195833 0.014844 0.030556
0 0.433984 0.928472 0.022656 0.031944
0 0.636328 0.443750 0.014844 0.034722
0 0.933594 0.309722 0.014063 0.038889
0 0.724219 0.274306 0.020313 0.040278
0 0.977734 0.843056 0.017969 0.044444
0 0.258203 0.610417 0.024219 0.048611
0 0.022266 0.925694 0.019531 0.040278
0 0.164844 0.539583 0.018750 0.031944
0 0.302344 0.359028 0.017188 0.048611
0 0.049609 0.569444 0.019531 0.038889
0 0.618750 0.897222 0.023438 0.027778
0 0.101562 0.434722 0.021875 0.050000
0 0.188672 0.169444 0.016406 0.047222
0 0.926172 0.811111 0.017969 0.033333
0 0.431250 0.055556 0.014063 0.038889
0 0.182812 0.256944 0.025000 0.025000
0 0.054688 0.638194 0.023438 0.034722
0 0.354297 0.584028 0.025781 0.037500
0 0.947266 0.850694 0.014844 0.043056
1 0.847266 0.227778 0.133594 0.277778
1 0.212500 0.402083 0.137500 0.212500
1 0.337109 0.815972 0.146094 0.243056
1 0.689453 0.737500 0.157031 0.266667
1 0.500000 0.279861 0.150000 0.287500
1 0.708984 0.405556 0.108594 0.197222
1 0.162500 0.746528 0.115625 0.181944