0 0.470703 0.206055 0.054688 0.037109
0 0.054688 0.133789 0.050781 0.056641
0 0.581055 0.187500 0.044922 0.039062
0 0.490234 0.154297 0.054688 0.039062
0 0.096680 0.077148 0.056641 0.041016
0 0.930664 0.087891 0.056641 0.031250
0 0.910156 0.347656 0.058594 0.046875
0 0.866211 0.185547 0.056641 0.058594
0 0.299805 0.072266 0.041016 0.046875
0 0.453125 0.782227 0.050781 0.048828
0 0.044922 0.807617 0.050781 0.041016
0 0.639648 0.398438 0.041016 0.035156
0 0.261719 0.675781 0.035156 0.054688
0 0.210938 0.412109 0.031250 0.042969
0 0.464844 0.263672 0.035156 0.031250
0 0.495117 0.931641 0.044922 0.046875
0 0.126953 0.199219 0.031250 0.046875
0 0.813477 0.931641 0.037109 0.042969
0 0.103516 0.892578 0.050781 0.035156
0 0.260742 0.449219 0.037109 0.035156
0 0.721680 0.755859 0.041016 0.054688
0 0.231445 0.571289 0.033203 0.056641
0 0.823242 0.851562 0.052734 0.046875
0 0.428711 0.085938 0.037109 0.031250
0 0.655273 0.500000 0.041016 0.058594
0 0.951172 0.418945 0.046875 0.056641
0 0.101562 0.713867 0.039062 0.041016
0 0.534180 0.336914 0.041016 0.048828
0 0.840820 0.562500 0.044922 0.054688
0 0.488281 0.085938 0.054688 0.046875
0 0.528320 0.254883 0.044922 0.044922
0 0.417969 0.372070 0.031250 0.044922
0 0.244141 0.054688 0.050781 0.042969
0 0.147461 0.353516 0.052734 0.031250
0 0.066406 0.965820 0.058594 0.037109
0 0.165039 0.075195 0.033203 0.044922
0 0.500977 0.031250 0.037109 0.031250
0 0.570312 0.443359 0.046875 0.039062
0 0.069336 0.356445 0.037109 0.052734
0 0.351562 0.415039 0.039062 0.033203
1 0.420898 0.578125 0.201172 0.273438
1 0.699219 0.183594 0.156250 0.222656
1 0.298828 0.229492 0.187500 0.244141
1 0.681641 0.635742 0.175781 0.142578
1 0.289062 0.852539 0.246094 0.162109
1 0.666016 0.879883 0.175781 0.150391
1 0.099609 0.549805 0.144531 0.251953
1 0.872070 0.708984 0.142578 0.187500
1 0.776367 0.419922 0.173828 0.156250