0 0.853516 0.769531 0.046875 0.042969
0 0.551758 0.816406 0.041016 0.058594
0 0.645508 0.324219 0.033203 0.039062
0 0.083984 0.111328 0.039062 0.031250
0 0.934570 0.816406 0.041016 0.054688
0 0.312500 0.243164 0.046875 0.041016
0 0.219727 0.548828 0.052734 0.058594
0 0.328125 0.606445 0.054688 0.052734
0 0.686523 0.112305 0.048828 0.033203
0 0.863281 0.396484 0.042969 0.035156
0 0.810547 0.086914 0.031250 0.048828
0 0.715820 0.939453 0.041016 0.046875
0 0.253906 0.948242 0.035156 0.041016
0 0.315430 0.716797 0.048828 0.042969
0 0.250977 0.678711 0.041016 0.048828
0 0.170898 0.343750 0.048828 0.035156
0 0.118164 0.937500 0.048828 0.058594
0 0.151367 0.395508 0.056641 0.044922
0 0.155273 0.274414 0.033203 0.044922
0 0.614258 0.682617 0.033203 0.044922
0 0.872070 0.708008 0.041016 0.044922
0 0.032227 0.276367 0.033203 0.052734
0 0.084961 0.281250 0.041016 0.054688
0 0.660156 0.246094 0.031250 0.050781
0 0.191406 0.183594 0.035156 0.058594
0 0.061523 0.206055 0.056641 0.041016
0 0.068359 0.468750 0.042969 0.031250
0 0.548828 0.740234 0.031250 0.046875
0 0.199219 0.820312 0.035156 0.046875
0 0.062500 0.042969 0.046875 0.042969
0 0.730469 0.039062 0.035156 0.039062
0 0.477539 0.548828 0.048828 0.039062
0 0.047852 0.336914 0.044922 0.033203
0 0.164062 0.105469 0.050781 0.050781
0 0.428711 0.466797 0.041016 0.054688
0 0.689453 0.167969 0.054688 0.050781
0 0.394531 0.644531 0.042969 0.031250
0 0.507812 0.187500 0.035156 0.058594
0 0.439453 0.060547 0.039062 0.058594
0 0.375000 0.949219 0.031250 0.039062
0 0.314453 0.861328 0.042969 0.031250
0 0.321289 0.907227 0.037109 0.033203
0 0.319336 0.791016 0.041016 0.046875
0 0.452148 0.651367 0.041016 0.037109
0 0.634766 0.092773 0.039062 0.033203
0 0.539062 0.042969 0.058594 0.042969
1 0.635742 0.517578 0.185547 0.242188
1 0.433594 0.791992 0.167969 0.216797
1 0.093750 0.648438 0.140625 0.261719
1 0.861328 0.233398 0.238281 0.224609
1 0.342773 0.356445 0.201172 0.142578
1 0.825195 0.541992 0.142578 0.177734
1 0.309570 0.141602 0.150391 0.138672
1 0.682617 0.812500 0.158203 0.183594