0 0.652344 0.636719 0.039062 0.046875
0 0.473633 0.307617 0.044922 0.044922
0 0.386719 0.387695 0.042969 0.044922
0 0.931641 0.135742 0.050781 0.041016
0 0.823242 0.957031 0.044922 0.035156
0 0.938477 0.300781 0.037109 0.031250
0 0.675781 0.493164 0.058594 0.056641
0 0.951172 0.916016 0.050781 0.042969
0 0.941406 0.406250 0.039062 0.042969
0 0.421875 0.673828 0.039062 0.058594
0 0.932617 0.043945 0.041016 0.056641
0 0.496094 0.369141 0.054688 0.039062
0 0.630859 0.116211 0.042969 0.041016
0 0.046875 0.253906 0.035156 0.046875
0 0.485352 0.854492 0.048828 0.037109
0 0.453125 0.065430 0.039062 0.048828
0 0.336914 0.516602 0.037109 0.037109
0 0.101562 0.398438 0.046875 0.046875
0 0.458984 0.482422 0.031250 0.058594
0 0.074219 0.040039 0.054688 0.048828
0 0.112305 0.709961 0.044922 0.033203
0 0.050781 0.148438 0.039062 0.050781
0 0.638672 0.044922 0.046875 0.042969
0 0.640625 0.556641 0.058594 0.046875
0 0.416992 0.548828 0.052734 0.058594
0 0.927734 0.344727 0.042969 0.037109
0 0.330078 0.300781 0.035156 0.031250
0 0.069336 0.801758 0.048828 0.044922
0 0.901367 0.227539 0.037109 0.037109
0 0.393555 0.781250 0.033203 0.035156
0 0.319336 0.198242 0.056641 0.033203
0 0.210938 0.376953 0.042969 0.046875
0 0.453125 0.423828 0.035156 0.031250
0 0.955078 0.861328 0.039062 0.050781
0 0.509766 0.499023 0.054688 0.041016
0 0.333984 0.113281 0.046875 0.039062
0 0.322266 0.599609 0.046875 0.031250
0 0.096680 0.936523 0.044922 0.041016
0 0.147461 0.060547 0.052734 0.035156
1 0.705078 0.332031 0.273438 0.238281
1 0.187500 0.225586 0.167969 0.240234
1 0.151367 0.556641 0.208984 0.214844
1 0.811523 0.674805 0.228516 0.255859
1 0.439453 0.185547 0.148438 0.164062
1 0.522461 0.671875 0.142578 0.257812
1 0.236328 0.821289 0.242188 0.138672
1 0.660156 0.912109 0.246094 0.136719
1 0.774414 0.103516 0.166016 0.171875