0 0.545898 0.052734 0.048828 0.050781
0 0.175781 0.190430 0.035156 0.037109
0 0.942383 0.607422 0.056641 0.035156
0 0.637695 0.060547 0.037109 0.035156
0 0.624023 0.712891 0.033203 0.050781
0 0.642578 0.938477 0.058594 0.052734
0 0.751953 0.328125 0.035156 0.054688
0 0.166016 0.291992 0.035156 0.056641
0 0.059570 0.660156 0.033203 0.042969
0 0.955078 0.837891 0.054688 0.042969
0 0.373047 0.283203 0.031250 0.035156
0 0.759766 0.069336 0.042969 0.041016
0 0.470703 0.780273 0.046875 0.044922
0 0.897461 0.075195 0.033203 0.037109
0 0.845703 0.093750 0.046875 0.050781
0 0.375000 0.604492 0.035156 0.048828
0 0.120117 0.944336 0.033203 0.056641
0 0.183594 0.663086 0.050781 0.048828
0 0.054688 0.206055 0.050781 0.033203
0 0.052734 0.458008 0.035156 0.037109
0 0.055664 0.287109 0.048828 0.046875
0 0.234375 0.140625 0.039062 0.054688
0 0.490234 0.390625 0.035156 0.035156
0 0.060547 0.942383 0.046875 0.048828
0 0.659180 0.630859 0.044922 0.039062
0 0.841797 0.650391 0.054688 0.031250
0 0.218750 0.269531 0.054688 0.046875
0 0.103516 0.171875 0.031250 0.031250
0 0.511719 0.126953 0.031250 0.031250
0 0.376953 0.772461 0.039062 0.044922
0 0.911133 0.526367 0.041016 0.048828
0 0.953125 0.894531 0.039062 0.031250
0 0.268555 0.644531 0.044922 0.054688
0 0.845703 0.511719 0.031250 0.054688
0 0.456055 0.308594 0.033203 0.031250
0 0.096680 0.426758 0.033203 0.044922
0 0.225586 0.055664 0.033203 0.056641
0 0.657227 0.130859 0.044922 0.035156
0 0.287109 0.275391 0.046875 0.031250
0 0.373047 0.396484 0.042969 0.050781
0 0.321289 0.754883 0.052734 0.041016
1 0.701172 0.521484 0.226562 0.152344
1 0.143555 0.803711 0.255859 0.177734
1 0.213867 0.441406 0.173828 0.226562
1 0.772461 0.796875 0.248047 0.140625
1 0.605469 0.278320 0.183594 0.169922
1 0.482422 0.560547 0.156250 0.273438
1 0.877930 0.294922 0.166016 0.253906
1 0.375000 0.137695 0.203125 0.197266
1 0.430664 0.889648 0.267578 0.146484