0 0.345703 0.048611 0.021094 0.025000
0 0.259766 0.488889 0.022656 0.038889
0 0.410547 0.672222 0.014844 0.036111
0 0.254297 0.366667 0.025781 0.041667
0 0.052344 0.275694 0.015625 0.040278
0 0.285938 0.735417 0.017188 0.040278
0 0.521875 0.782639 0.021875 0.043056
0 0.511719 0.207639 0.018750 0.048611
0 0.243750 0.927778 0.025000 0.047222
0 0.112109 0.302778 0.017969 0.025000
0 0.035547 0.792361 0.024219 0.026389
0 0.953516 0.607639 0.014844 0.026389
0 0.294531 0.122222 0.017188 0.033333
0 0.141797 0.211806 0.022656 0.037500
0 0.972266 0.906250 0.022656 0.048611
0 0.513672 0.901389 0.014844 0.027778
0 0.386719 0.093750 0.028125 0.029167
0 0.327734 0.843056 0.014844 0.030556
0 0.358203 0.871528 0.014844 0.048611
0 0.076563 0.760417 0.020313 0.040278
0 0.464062 0.845833 0.025000 0.044444
0 0.358984 0.921528 0.016406 0.037500
0 0.211328 0.731944 0.014844 0.044444
0 0.187891 0.434722 0.021094 0.050000
0 0.242188 0.630556 0.028125 0.033333
0 0.302344 0.868750 0.018750 0.040278
0 0.489844 0.940972 0.023438 0.045833
0 0.435547 0.822917 0.024219 0.037500
0 0.511328 0.127083 0.024219 0.037500
0 0.465234 0.802083 0.025781 0.029167
0 0.104297 0.917361 0.016406 0.037500
0 0.473438 0.418056 0.015625 0.038889
0 0.774219 0.603472 0.023438 0.045833
0 0.082031 0.083333 0.020313 0.025000
0 0.558594 0.539583 0.026562 0.040278
0 0.625781 0.605556 0.018750 0.033333
0 0.505078 0.410417 0.019531 0.048611
0 0.329688 0.944444 0.015625 0.038889
0 0.956641 0.459722 0.017969 0.030556
0 0.141406 0.095139 0.018750 0.037500
0 0.548438 0.096528 0.026562 0.045833
0 0.485156 0.255556 0.014063 0.041667
0 0.150000 0.795833 0.026562 0.038889
0 0.227734 0.834028 0.014844 0.045833
0 0.211719 0.127083 0.025000 0.045833
0 0.245312 0.684028 0.014063 0.048611
0 0.754297 0.477778 0.021094 0.025000
0 0.164453 0.141667 0.024219 0.038889
0 0.566016 0.417361 0.017969 0.029167
0 0.926953 0.485417 0.025781 0.048611
0 0.652344 0.589583 0.014063 0.043056
0 0.550000 0.283333 0.028125 0.025000
0 0.460938 0.108333 0.015625 0.041667
0 0.328906 0.434028 0.028125 0.029167
0 0.840234 0.604167 0.025781 0.038889
0 0.167969 0.945139 0.026562 0.037500
0 0.264453 0.103472 0.027344 0.043056
0 0.023828 0.859028 0.022656 0.034722
0 0.209375 0.961806 0.017188 0.034722
0 0.411328 0.888194 0.014844 0.026389
0 0.367969 0.559028 0.017188 0.043056
0 0.355859 0.493056 0.024219 0.033333
0 0.050781 0.365278 0.018750 0.025000
0 0.484375 0.130556 0.018750 0.033333
0 0.324219 0.681250 0.028125 0.026389
0 0.576562 0.675000 0.028125 0.030556
0 0.096094 0.177083 0.014063 0.040278
0 0.814453 0.467361 0.025781 0.045833
0 0.294922 0.047222 0.022656 0.036111
0 0.191797 0.884722 0.017969 0.044444
0 0.391797 0.548611 0.017969 0.044444
0 0.283203 0.575000 0.017969 0.036111
0 0.192578 0.820139 0.021094 0.048611
0 0.475781 0.368750 0.014063 0.037500
0 0.580859 0.764583 0.014844 0.043056
0 0.326562 0.608333 0.018750 0.047222
0 0.161328 0.398611 0.017969 0.038889
0 0.290625 0.802083 0.018750 0.037500
0 0.886719 0.927778 0.026562 0.036111
0 0.123047 0.393750 0.019531 0.037500
0 0.097656 0.234722 0.017188 0.036111
0 0.520703 0.954861 0.024219 0.037500
0 0.564063 0.932639 0.028125 0.037500
0 0.242188 0.243750 0.026562 0.043056
0 0.557813 0.225694 0.015625 0.048611
0 0.888281 0.422917 0.028125 0.037500
0 0.432031 0.128472 0.020313 0.037500
0 0.394922 0.783333 0.014844 0.030556
0 0.036719 0.137500 0.020313 0.033333
0 0.408984 0.451389 0.016406 0.025000
0 0.855078 0.509028 0.021094 0.031944
0 0.531641 0.335417 0.019531 0.037500
0 0.611719 0.661111 0.021875 0.050000
0 0.814063 0.944444 0.015625 0.044444
0 0.128906 0.861806 0.020313 0.045833
0 0.239844 0.438194 0.021875 0.029167
0 0.450781 0.032639 0.025000 0.026389
0 0.427734 0.959028 0.024219 0.043056
0 0.491406 0.877778 0.021875 0.044444
0 0.393750 0.614583 0.018750 0.031944
0 0.272656 0.174306 0.025000 0.026389
0 0.550000 0.891667 0.025000 0.033333
0 0.679297 0.594444 0.016406 0.050000
0 0.612109 0.721528 0.017969 0.034722
0 0.165234 0.049306 0.016406 0.026389
0 0.964844 0.352083 0.015625 0.048611
1 0.892969 0.263889 0.110937 0.258333
1 0.110937 0.620833 0.164062 0.219444
1 0.652344 0.413889 0.109375 0.219444
1 0.368750 0.285417 0.143750 0.218056
1 0.481641 0.606944 0.117969 0.241667
1 0.691016 0.175694 0.169531 0.204167
1 0.876172 0.783333 0.147656 0.222222
1 0.693359 0.850694 0.161719 0.195833