0 0.070312 0.620833 0.018750 0.027778
0 0.603125 0.466667 0.020313 0.050000
0 0.031641 0.295139 0.014844 0.031944
0 0.805469 0.040278 0.014063 0.030556
0 0.552344 0.757639 0.017188 0.029167
0 0.064062 0.512500 0.026562 0.044444
0 0.223438 0.888889 0.017188 0.027778
0 0.102344 0.866667 0.025000 0.025000
0 0.764453 0.935417 0.021094 0.031944
0 0.159766 0.865278 0.025781 0.041667
0 0.037500 0.865278 0.020313 0.036111
0 0.041406 0.206944 0.018750 0.027778
0 0.055469 0.916667 0.018750 0.041667
0 0.960938 0.901389 0.026562 0.041667
0 0.056250 0.793750 0.017188 0.037500
0 0.980469 0.361111 0.015625 0.044444
0 0.631250 0.937500 0.023438 0.041667
0 0.888672 0.136806 0.017969 0.045833
0 0.793359 0.927083 0.014844 0.048611
0 0.944922 0.077778 0.014844 0.041667
0 0.237500 0.951389 0.014063 0.030556
0 0.115625 0.102083 0.018750 0.045833
0 0.267969 0.876389 0.023438 0.047222
0 0.746484 0.030556 0.027344 0.027778
0 0.794141 0.827083 0.019531 0.048611
0 0.067578 0.841667 0.025781 0.047222
0 0.961328 0.819444 0.027344 0.047222
0 0.964453 0.571528 0.021094 0.037500
0 0.419531 0.487500 0.021875 0.036111
0 0.980859 0.073611 0.019531 0.030556
0 0.960938 0.138889 0.026562 0.025000
0 0.561719 0.213194 0.021875 0.029167
0 0.527734 0.887500 0.014844 0.041667
0 0.639844 0.116667 0.023438 0.044444
0 0.569531 0.301389 0.020313 0.033333
0 0.684375 0.105556 0.015625 0.050000
0 0.365234 0.373611 0.024219 0.027778
0 0.027344 0.463194 0.015625 0.043056
0 0.571094 0.808333 0.021875 0.047222
0 0.190625 0.825000 0.014063 0.038889
0 0.844922 0.594444 0.017969 0.050000
0 0.817969 0.561111 0.021875 0.036111
0 0.160156 0.032639 0.021875 0.029167
0 0.907813 0.080556 0.028125 0.050000
0 0.640625 0.843056 0.015625 0.038889
0 0.191797 0.911111 0.016406 0.033333
0 0.292578 0.634722 0.017969 0.027778
0 0.837891 0.032639 0.022656 0.031944
0 0.059375 0.568750 0.028125 0.045833
0 0.426563 0.529861 0.015625 0.031944
0 0.971094 0.448611 0.020313 0.033333
0 0.496094 0.911111 0.014063 0.036111
0 0.599219 0.756250 0.017188 0.031944
0 0.873047 0.076389 0.021094 0.036111
0 0.692969 0.839583 0.026562 0.031944
0 0.458984 0.919444 0.022656 0.033333
0 0.163281 0.137500 0.017188 0.025000
0 0.969531 0.275694 0.020313 0.029167
0 0.698438 0.953472 0.021875 0.034722
0 0.599609 0.044444 0.014844 0.027778
0 0.736719 0.432639 0.025000 0.031944
0 0.732031 0.964583 0.015625 0.037500
0 0.579688 0.093750 0.014063 0.037500
0 0.558203 0.375694 0.022656 0.045833
0 0.485156 0.771528 0.014063 0.031944
0 0.937109 0.672917 0.019531 0.026389
0 0.200781 0.956250 0.026562 0.045833
0 0.356641 0.038194 0.022656 0.026389
0 0.464062 0.847917 0.017188 0.031944
0 0.544141 0.116667 0.025781 0.050000
0 0.571484 0.040972 0.014844 0.029167
0 0.760938 0.719444 0.026562 0.027778
0 0.977344 0.711806 0.014063 0.031944
0 0.416016 0.100694 0.025781 0.045833
0 0.054297 0.100000 0.024219 0.050000
1 0.879687 0.396528 0.109375 0.251389
1 0.469922 0.315972 0.136719 0.265278
1 0.185938 0.606944 0.167187 0.250000
1 0.149609 0.286111 0.133594 0.250000
1 0.705469 0.561806 0.156250 0.204167
1 0.511719 0.615278 0.110937 0.236111
1 0.689453 0.282639 0.136719 0.248611
1 0.867188 0.803472 0.107813 0.293056
1 0.307031 0.177083 0.151562 0.234722
1 0.376953 0.788194 0.094531 0.298611