0 0.104688 0.242361 0.020313 0.031944
0 0.510547 0.152778 0.017969 0.036111
0 0.441797 0.667361 0.027344 0.031944
0 0.819141 0.297917 0.027344 0.037500
0 0.419531 0.945139 0.021875 0.037500
0 0.605859 0.172222 0.027344 0.038889
0 0.458203 0.604167 0.017969 0.025000
0 0.058203 0.609722 0.025781 0.041667
0 0.736719 0.193750 0.015625 0.031944
0 0.654687 0.171528 0.017188 0.045833
0 0.488672 0.688194 0.024219 0.045833
0 0.528125 0.660417 0.028125 0.037500
0 0.793750 0.081250 0.014063 0.034722
0 0.293359 0.454861 0.014844 0.034722
0 0.550391 0.550694 0.021094 0.026389
0 0.035547 0.429167 0.024219 0.027778
0 0.949219 0.547917 0.015625 0.040278
0 0.555469 0.200694 0.018750 0.031944
0 0.253125 0.532639 0.015625 0.034722
0 0.214453 0.125000 0.021094 0.038889
0 0.778125 0.184722 0.018750 0.033333
0 0.861328 0.166667 0.024219 0.030556
0 0.905469 0.262500 0.015625 0.036111
0 0.695703 0.199306 0.027344 0.048611
0 0.952344 0.394444 0.021875 0.050000
0 0.544141 0.111806 0.021094 0.029167
0 0.769531 0.109722 0.025000 0.044444
0 0.492188 0.859028 0.021875 0.026389
0 0.942578 0.248611 0.016406 0.036111
0 0.426172 0.718056 0.019531 0.033333
0 0.775000 0.300000 0.021875 0.050000
0 0.341016 0.900000 0.017969 0.038889
0 0.877344 0.952778 0.014063 0.036111
0 0.117578 0.522917 0.021094 0.043056
0 0.416016 0.893056 0.024219 0.050000
0 0.451172 0.782639 0.016406 0.037500
0 0.760156 0.809028 0.026562 0.037500
0 0.615234 0.074306 0.025781 0.048611
0 0.349219 0.555556 0.028125 0.033333
0 0.822266 0.082639 0.014844 0.031944
0 0.087109 0.111806 0.021094 0.048611
0 0.065234 0.043750 0.017969 0.048611
0 0.598437 0.121528 0.018750 0.034722
0 0.914453 0.095833 0.019531 0.033333
0 0.452344 0.108333 0.015625 0.038889
0 0.217578 0.618056 0.022656 0.030556
0 0.259766 0.080556 0.014844 0.036111
0 0.077344 0.207639 0.028125 0.031944
0 0.413281 0.090972 0.017188 0.034722
0 0.378516 0.910417 0.017969 0.040278
0 0.448437 0.032639 0.020313 0.026389
0 0.039453 0.142361 0.024219 0.045833
0 0.324609 0.618056 0.017969 0.027778
0 0.309375 0.531944 0.028125 0.030556
0 0.969922 0.918056 0.027344 0.033333
0 0.840625 0.918056 0.018750 0.047222
0 0.564844 0.256250 0.018750 0.045833
0 0.903125 0.316667 0.017188 0.036111
0 0.197656 0.511806 0.021875 0.029167
0 0.133594 0.076389 0.025000 0.050000
0 0.714844 0.823611 0.015625 0.036111
0 0.242578 0.120139 0.014844 0.029167
0 0.902734 0.199306 0.016406 0.048611
0 0.026953 0.649306 0.021094 0.029167
0 0.507812 0.214583 0.021875 0.045833
0 0.967969 0.777778 0.026562 0.041667
0 0.263281 0.491667 0.025000 0.033333
0 0.754297 0.681944 0.022656 0.030556
0 0.297656 0.364583 0.018750 0.031944
0 0.703516 0.954167 0.024219 0.036111
0 0.939063 0.930556 0.028125 0.047222
0 0.644531 0.225694 0.015625 0.037500
0 0.498047 0.045833 0.024219 0.027778
0 0.143359 0.563194 0.016406 0.045833
0 0.169922 0.603472 0.027344 0.031944
0 0.691016 0.143750 0.021094 0.043056
0 0.493359 0.550694 0.022656 0.048611
0 0.947266 0.471528 0.024219 0.040278
0 0.595313 0.679167 0.028125 0.038889
0 0.053125 0.884028 0.014063 0.045833
0 0.067969 0.312500 0.017188 0.036111
0 0.453906 0.544444 0.028125 0.038889
0 0.020703 0.502083 0.021094 0.034722
0 0.412891 0.774306 0.016406 0.029167
0 0.301172 0.947222 0.027344 0.050000
0 0.724219 0.259028 0.020313 0.040278
0 0.980078 0.090278 0.014844 0.047222
0 0.927344 0.136806 0.015625 0.026389
0 0.164062 0.129167 0.014063 0.044444
0 0.130469 0.613194 0.021875 0.031944
0 0.765234 0.942361 0.017969 0.043056
0 0.034375 0.950694 0.014063 0.031944
0 0.726953 0.884722 0.021094 0.025000
0 0.926953 0.368750 0.014844 0.043056
0 0.805469 0.374306 0.017188 0.043056
0 0.738672 0.153472 0.022656 0.034722
0 0.586719 0.272917 0.015625 0.045833
0 0.256641 0.593056 0.019531 0.038889
0 0.315625 0.116667 0.023438 0.025000
0 0.281250 0.554861 0.021875 0.043056
0 0.461719 0.845139 0.021875 0.043056
0 0.881641 0.097222 0.014844 0.050000
0 0.110937 0.309722 0.014063 0.047222
0 0.117969 0.372917 0.023438 0.043056
0 0.722266 0.741667 0.014844 0.047222
0 0.644141 0.665278 0.025781 0.025000
0 0.865625 0.356944 0.026562 0.038889
1 0.645312 0.472917 0.159375 0.295833
1 0.131641 0.792361 0.133594 0.298611
1 0.503125 0.381250 0.095312 0.270833
1 0.596094 0.827778 0.156250 0.219444
1 0.863281 0.790278 0.104688 0.166667
1 0.212109 0.306250 0.136719 0.259722
1 0.379297 0.414583 0.116406 0.170833
1 0.331641 0.751389 0.128906 0.222222
1 0.812891 0.550000 0.146094 0.172222