0 0.775391 0.854861 0.014844 0.029167
0 0.405859 0.146528 0.017969 0.040278
0 0.457031 0.191667 0.026562 0.027778
0 0.353516 0.820833 0.019531 0.047222
0 0.168750 0.296528 0.015625 0.045833
0 0.147266 0.322222 0.017969 0.047222
0 0.750781 0.946528 0.028125 0.029167
0 0.434375 0.052778 0.017188 0.033333
0 0.567578 0.181250 0.017969 0.029167
0 0.690625 0.510417 0.021875 0.034722
0 0.942969 0.320833 0.020313 0.050000
0 0.339062 0.737500 0.026562 0.027778
0 0.217969 0.623611 0.014063 0.038889
0 0.719922 0.124306 0.021094 0.026389
0 0.532422 0.670833 0.022656 0.027778
0 0.394141 0.488889 0.014844 0.050000
0 0.726172 0.304167 0.014844 0.041667
0 0.055469 0.334028 0.026562 0.043056
0 0.484375 0.956250 0.028125 0.029167
0 0.315234 0.218056 0.016406 0.030556
0 0.130078 0.664583 0.016406 0.048611
0 0.970703 0.900694 0.021094 0.045833
0 0.638672 0.947917 0.025781 0.029167
0 0.322266 0.864583 0.014844 0.029167
0 0.279687 0.854861 0.028125 0.026389
0 0.305859 0.595833 0.014844 0.027778
0 0.559375 0.789583 0.018750 0.048611
0 0.479687 0.279167 0.023438 0.027778
0 0.299609 0.744444 0.025781 0.036111
0 0.426563 0.595139 0.028125 0.045833
0 0.657422 0.183333 0.016406 0.025000
0 0.341406 0.647917 0.021875 0.048611
0 0.569922 0.620833 0.021094 0.044444
0 0.776563 0.675694 0.017188 0.034722
0 0.952734 0.231944 0.027344 0.044444
0 0.439063 0.375000 0.025000 0.033333
0 0.921094 0.437500 0.020313 0.041667
0 0.094922 0.286806 0.016406 0.031944
0 0.462500 0.237500 0.017188 0.041667
0 0.275000 0.609722 0.026562 0.047222
0 0.335547 0.093056 0.017969 0.044444
0 0.337500 0.325694 0.021875 0.031944
0 0.898047 0.061111 0.014844 0.030556
0 0.800391 0.198611 0.025781 0.036111
0 0.173437 0.070833 0.015625 0.036111
0 0.028516 0.540278 0.016406 0.050000
0 0.909766 0.286111 0.025781 0.044444
0 0.664062 0.075000 0.023438 0.036111
0 0.316797 0.636806 0.021094 0.031944
0 0.533984 0.915278 0.017969 0.044444
0 0.546094 0.619444 0.017188 0.038889
0 0.505078 0.074306 0.017969 0.037500
0 0.257031 0.191667 0.018750 0.025000
0 0.266016 0.671528 0.025781 0.043056
0 0.353125 0.481944 0.025000 0.050000
0 0.367578 0.190972 0.022656 0.045833
0 0.396484 0.265972 0.019531 0.040278
0 0.267969 0.113194 0.017188 0.031944
0 0.957812 0.844444 0.023438 0.038889
0 0.206641 0.234722 0.019531 0.025000
0 0.141406 0.602778 0.025000 0.030556
0 0.843750 0.194444 0.023438 0.033333
0 0.544141 0.096528 0.025781 0.026389
0 0.714844 0.346528 0.023438 0.031944
0 0.755078 0.086806 0.022656 0.048611
0 0.461719 0.511111 0.023438 0.025000
0 0.365234 0.343056 0.021094 0.027778
0 0.366406 0.561806 0.017188 0.043056
0 0.873437 0.340278 0.025000 0.025000
0 0.350781 0.931944 0.015625 0.027778
0 0.607812 0.119444 0.021875 0.047222
0 0.665625 0.038889 0.015625 0.025000
0 0.026172 0.095833 0.027344 0.047222
0 0.588281 0.062500 0.023438 0.050000
0 0.378125 0.097917 0.017188 0.045833
0 0.104688 0.662500 0.017188 0.027778
0 0.508203 0.605556 0.025781 0.033333
0 0.885938 0.106250 0.018750 0.043056
0 0.463672 0.139583 0.014844 0.034722
0 0.257031 0.058333 0.025000 0.027778
0 0.432422 0.542361 0.022656 0.043056
0 0.535937 0.148611 0.021875 0.027778
0 0.030078 0.440278 0.024219 0.038889
0 0.030859 0.652083 0.017969 0.034722
0 0.416406 0.315972 0.021875 0.034722
0 0.967578 0.284028 0.022656 0.026389
0 0.694922 0.052778 0.027344 0.041667
0 0.122656 0.267361 0.015625 0.037500
0 0.426563 0.493056 0.026562 0.041667
0 0.764844 0.513889 0.017188 0.025000
0 0.840234 0.928472 0.017969 0.037500
0 0.817578 0.286111 0.021094 0.027778
0 0.523047 0.746528 0.025781 0.031944
1 0.545703 0.422222 0.135156 0.222222
1 0.442188 0.769444 0.118750 0.250000
1 0.164453 0.818750 0.161719 0.223611
1 0.846094 0.774306 0.098437 0.237500
1 0.248438 0.421528 0.121875 0.287500
1 0.116016 0.474306 0.096094 0.206944
1 0.795312 0.400000 0.106250 0.169444
1 0.693750 0.652778 0.129688 0.180556