0 0.185938 0.401389 0.028125 0.038889
0 0.023828 0.325694 0.027344 0.045833
0 0.143750 0.097222 0.015625 0.044444
0 0.419531 0.361111 0.026562 0.041667
0 0.226172 0.844444 0.014844 0.025000
0 0.520703 0.069444 0.024219 0.041667
0 0.116406 0.097917 0.017188 0.026389
0 0.023047 0.622222 0.014844 0.047222
0 0.500000 0.674306 0.021875 0.048611
0 0.021094 0.493750 0.020313 0.029167
0 0.294922 0.520139 0.016406 0.029167
0 0.944141 0.911806 0.014844 0.043056
0 0.483203 0.564583 0.027344 0.031944
0 0.449609 0.364583 0.016406 0.031944
0 0.849609 0.400694 0.027344 0.043056
0 0.549609 0.662500 0.014844 0.044444
0 0.049609 0.747917 0.024219 0.040278
0 0.019531 0.737500 0.020313 0.033333
0 0.443359 0.091667 0.014844 0.030556
0 0.858594 0.878472 0.017188 0.045833
0 0.912891 0.467361 0.022656 0.029167
0 0.380859 0.074306 0.022656 0.045833
0 0.476562 0.713194 0.017188 0.037500
0 0.810937 0.397222 0.020313 0.033333
0 0.114062 0.886806 0.018750 0.043056
0 0.073828 0.955556 0.024219 0.044444
0 0.197266 0.050000 0.014844 0.036111
0 0.088672 0.145833 0.014844 0.036111
0 0.947266 0.614583 0.025781 0.045833
0 0.906250 0.372222 0.023438 0.047222
0 0.879297 0.878472 0.014844 0.040278
0 0.032422 0.061111 0.019531 0.033333
0 0.969531 0.527778 0.014063 0.030556
0 0.289844 0.466667 0.028125 0.038889
0 0.695703 0.047917 0.014844 0.040278
0 0.868359 0.609028 0.017969 0.048611
0 0.219141 0.913194 0.024219 0.048611
0 0.033984 0.231250 0.024219 0.045833
0 0.033984 0.925694 0.027344 0.031944
0 0.576953 0.734722 0.025781 0.033333
0 0.728125 0.337500 0.020313 0.027778
0 0.857031 0.938194 0.020313 0.048611
0 0.114453 0.231250 0.022656 0.045833
0 0.876953 0.442361 0.027344 0.026389
0 0.264844 0.902778 0.015625 0.030556
0 0.080078 0.054861 0.022656 0.043056
0 0.907813 0.293056 0.020313 0.047222
0 0.335938 0.222222 0.018750 0.050000
0 0.485938 0.613889 0.028125 0.038889
0 0.060547 0.499306 0.027344 0.040278
0 0.968359 0.454167 0.021094 0.041667
0 0.110156 0.776389 0.025000 0.050000
0 0.625781 0.722917 0.023438 0.026389
0 0.055469 0.318750 0.014063 0.048611
0 0.951562 0.563889 0.017188 0.025000
0 0.181641 0.760417 0.024219 0.026389
0 0.472266 0.431944 0.022656 0.041667
0 0.475000 0.489583 0.014063 0.048611
0 0.409375 0.777778 0.020313 0.047222
0 0.325781 0.921528 0.017188 0.048611
0 0.967578 0.363889 0.017969 0.047222
0 0.965234 0.673611 0.022656 0.047222
0 0.448047 0.950000 0.024219 0.033333
0 0.708594 0.408333 0.018750 0.036111
0 0.253125 0.836111 0.021875 0.047222
0 0.300000 0.796528 0.021875 0.034722
0 0.314844 0.161806 0.025000 0.043056
0 0.457031 0.815972 0.020313 0.026389
0 0.525781 0.590972 0.017188 0.040278
0 0.451172 0.770833 0.017969 0.044444
0 0.074609 0.895833 0.027344 0.038889
0 0.123828 0.034722 0.025781 0.033333
0 0.480469 0.791667 0.014063 0.030556
0 0.721484 0.049306 0.017969 0.043056
0 0.344922 0.125694 0.022656 0.040278
0 0.437891 0.861111 0.027344 0.038889
0 0.080078 0.393750 0.021094 0.040278
0 0.819531 0.263194 0.018750 0.029167
0 0.810937 0.360417 0.025000 0.026389
0 0.683594 0.765278 0.020313 0.044444
0 0.906641 0.802778 0.025781 0.050000
0 0.736328 0.379861 0.024219 0.026389
0 0.342969 0.295139 0.025000 0.043056
1 0.224609 0.234028 0.128906 0.279167
1 0.775000 0.575000 0.159375 0.277778
1 0.385547 0.579167 0.133594 0.280556
1 0.183594 0.586111 0.164062 0.297222
1 0.483203 0.220833 0.166406 0.194444
1 0.628516 0.569444 0.105469 0.261111
1 0.883984 0.147222 0.135156 0.180556
1 0.582422 0.850694 0.139844 0.173611
1 0.741797 0.206944 0.105469 0.197222
1 0.771875 0.856944 0.137500 0.191667