0 0.340820 0.172852 0.048828 0.044922
0 0.477539 0.945312 0.048828 0.042969
0 0.462891 0.390625 0.031250 0.031250
0 0.045898 0.908203 0.037109 0.050781
0 0.320312 0.098633 0.058594 0.056641
0 0.064453 0.828125 0.058594 0.042969
0 0.261719 0.141602 0.035156 0.037109
0 0.838867 0.622070 0.037109 0.041016
0 0.734375 0.847656 0.035156 0.058594
0 0.530273 0.062500 0.048828 0.050781
0 0.421875 0.321289 0.054688 0.052734
0 0.253906 0.869141 0.046875 0.031250
0 0.871094 0.172852 0.039062 0.033203
0 0.779297 0.162109 0.050781 0.031250
0 0.201172 0.166992 0.058594 0.048828
0 0.061523 0.772461 0.056641 0.048828
0 0.441406 0.868164 0.046875 0.037109
0 0.754883 0.085938 0.044922 0.031250
0 0.685547 0.932617 0.058594 0.041016
0 0.217773 0.587891 0.056641 0.035156
0 0.932617 0.946289 0.033203 0.048828
0 0.348633 0.526367 0.048828 0.037109
0 0.036133 0.609375 0.037109 0.039062
0 0.521484 0.437500 0.046875 0.058594
0 0.135742 0.952148 0.056641 0.037109
0 0.128906 0.148438 0.058594 0.031250
0 0.050781 0.479492 0.039062 0.033203
0 0.711914 0.605469 0.033203 0.031250
0 0.439453 0.619141 0.046875 0.039062
0 0.875977 0.945312 0.033203 0.054688
0 0.616211 0.591797 0.041016 0.058594
0 0.824219 0.089844 0.031250 0.050781
1 0.841797 0.315430 0.207031 0.224609
1 0.618164 0.770508 0.177734 0.259766
1 0.173828 0.398438 0.179688 0.179688
1 0.254883 0.723633 0.259766 0.216797
1 0.866211 0.763672 0.185547 0.214844
1 0.580078 0.234375 0.230469 0.175781
1 0.629883 0.438477 0.150391 0.173828