0 0.429688 0.155273 0.031250 0.044922
0 0.132812 0.312500 0.031250 0.035156
0 0.913086 0.727539 0.037109 0.033203
0 0.080078 0.149414 0.031250 0.041016
0 0.611328 0.441406 0.042969 0.046875
0 0.755859 0.717773 0.031250 0.056641
0 0.183594 0.289062 0.031250 0.035156
0 0.881836 0.917969 0.033203 0.031250
0 0.069336 0.733398 0.056641 0.056641
0 0.211914 0.749023 0.033203 0.048828
0 0.815430 0.926758 0.052734 0.048828
0 0.549805 0.153320 0.037109 0.044922
0 0.208008 0.387695 0.056641 0.052734
0 0.960938 0.283203 0.031250 0.046875
0 0.579102 0.950195 0.048828 0.056641
0 0.382812 0.048828 0.031250 0.035156
0 0.334961 0.336914 0.033203 0.041016
0 0.308594 0.845703 0.031250 0.035156
0 0.494141 0.066406 0.042969 0.039062
0 0.100586 0.215820 0.041016 0.052734
0 0.539062 0.227539 0.039062 0.033203
0 0.751953 0.934570 0.042969 0.044922
0 0.908203 0.225586 0.035156 0.052734
0 0.298828 0.765625 0.031250 0.058594
0 0.494141 0.273438 0.035156 0.042969
0 0.855469 0.632812 0.031250 0.031250
0 0.667969 0.289062 0.042969 0.031250
0 0.942383 0.461914 0.044922 0.056641
0 0.145508 0.770508 0.037109 0.048828
0 0.750977 0.613281 0.052734 0.054688
0 0.863281 0.267578 0.039062 0.035156
0 0.074219 0.103516 0.046875 0.031250
0 0.923828 0.653320 0.046875 0.033203
0 0.873047 0.816406 0.054688 0.031250
0 0.558594 0.711914 0.035156 0.033203
0 0.537109 0.860352 0.031250 0.056641
1 0.270508 0.172852 0.244141 0.169922
1 0.441406 0.494141 0.222656 0.253906
1 0.152344 0.565430 0.246094 0.259766
1 0.722656 0.127930 0.265625 0.220703
1 0.415039 0.800781 0.166016 0.269531
1 0.798828 0.449219 0.222656 0.246094
1 0.657227 0.779297 0.146484 0.234375
1 0.159180 0.877930 0.240234 0.138672