0 0.047852 0.045898 0.044922 0.044922
0 0.331055 0.123047 0.037109 0.054688
0 0.084961 0.158203 0.033203 0.050781
0 0.134766 0.407227 0.050781 0.037109
0 0.387695 0.052734 0.052734 0.035156
0 0.481445 0.915039 0.044922 0.048828
0 0.416016 0.133789 0.039062 0.033203
0 0.931641 0.120117 0.046875 0.041016
0 0.845703 0.039062 0.035156 0.031250
0 0.686523 0.949219 0.056641 0.035156
0 0.742188 0.578125 0.031250 0.042969
0 0.462891 0.750000 0.058594 0.035156
0 0.287109 0.702148 0.046875 0.056641
0 0.520508 0.833984 0.056641 0.035156
0 0.244141 0.866211 0.031250 0.048828
0 0.824219 0.340820 0.046875 0.048828
0 0.179688 0.337891 0.058594 0.050781
0 0.701172 0.282227 0.042969 0.044922
0 0.125000 0.244141 0.058594 0.058594
0 0.206055 0.456055 0.037109 0.056641
0 0.574219 0.287109 0.039062 0.031250
0 0.846680 0.245117 0.056641 0.033203
0 0.494141 0.059570 0.058594 0.052734
0 0.770508 0.656250 0.041016 0.050781
0 0.050781 0.495117 0.046875 0.041016
0 0.413086 0.796875 0.048828 0.031250
0 0.045898 0.625977 0.041016 0.041016
0 0.094727 0.311523 0.037109 0.037109
0 0.237305 0.241211 0.056641 0.052734
0 0.957031 0.242188 0.046875 0.050781
0 0.236328 0.151367 0.054688 0.041016
1 0.415039 0.586914 0.189453 0.259766
1 0.409180 0.285156 0.267578 0.242188
1 0.653320 0.802734 0.177734 0.191406
1 0.684570 0.143555 0.173828 0.208984
1 0.872070 0.543945 0.142578 0.220703
1 0.118164 0.839844 0.181641 0.250000
1 0.678711 0.428711 0.142578 0.193359
1 0.353516 0.901367 0.156250 0.142578
1 0.873047 0.823242 0.164062 0.205078