0 0.950195 0.795898 0.048828 0.052734
0 0.352539 0.057617 0.056641 0.033203
0 0.940430 0.937500 0.056641 0.050781
0 0.501953 0.937500 0.039062 0.058594
0 0.618164 0.303711 0.056641 0.041016
0 0.363281 0.705078 0.039062 0.031250
0 0.551758 0.315430 0.033203 0.052734
0 0.272461 0.081055 0.041016 0.041016
0 0.605469 0.402344 0.054688 0.054688
0 0.401367 0.845703 0.056641 0.054688
0 0.677734 0.333008 0.042969 0.056641
0 0.679688 0.426758 0.039062 0.056641
0 0.908203 0.374023 0.039062 0.052734
0 0.464844 0.558594 0.058594 0.035156
0 0.474609 0.721680 0.031250 0.048828
0 0.320312 0.905273 0.046875 0.033203
0 0.277344 0.571289 0.054688 0.052734
0 0.418945 0.052734 0.041016 0.050781
0 0.265625 0.149414 0.035156 0.037109
0 0.559570 0.872070 0.056641 0.041016
0 0.478516 0.775391 0.054688 0.039062
0 0.780273 0.477539 0.052734 0.048828
0 0.583984 0.920898 0.042969 0.041016
0 0.168945 0.408203 0.048828 0.042969
0 0.181641 0.682617 0.042969 0.033203
0 0.949219 0.872070 0.050781 0.044922
0 0.126953 0.578125 0.031250 0.050781
0 0.291016 0.850586 0.042969 0.037109
0 0.168945 0.206055 0.033203 0.041016
0 0.513672 0.186523 0.042969 0.056641
0 0.050781 0.508789 0.054688 0.044922
0 0.058594 0.071289 0.050781 0.056641
0 0.483398 0.861328 0.041016 0.058594
0 0.963867 0.248047 0.033203 0.050781
0 0.315430 0.751953 0.037109 0.058594
0 0.397461 0.109375 0.052734 0.039062
0 0.056641 0.429688 0.054688 0.035156
0 0.337891 0.820312 0.035156 0.035156
0 0.563477 0.486328 0.044922 0.054688
0 0.394531 0.542969 0.039062 0.031250
0 0.181641 0.628906 0.031250 0.042969
0 0.523438 0.396484 0.046875 0.054688
0 0.773438 0.324219 0.054688 0.058594
0 0.819336 0.745117 0.041016 0.037109
0 0.604492 0.796875 0.048828 0.054688
0 0.138672 0.296875 0.046875 0.031250
0 0.233398 0.952148 0.037109 0.056641
0 0.192383 0.568359 0.056641 0.042969
0 0.339844 0.498047 0.054688 0.050781
1 0.643555 0.177734 0.189453 0.175781
1 0.896484 0.559570 0.152344 0.267578
1 0.148438 0.811523 0.218750 0.189453
1 0.349609 0.334961 0.253906 0.248047
1 0.767578 0.865234 0.195312 0.140625
1 0.855469 0.146484 0.156250 0.250000
1 0.650391 0.644531 0.238281 0.203125