0 0.119922 0.694444 0.024219 0.038889
0 0.927344 0.529861 0.020313 0.045833
0 0.078516 0.170833 0.025781 0.044444
0 0.418359 0.188194 0.019531 0.034722
0 0.193750 0.137500 0.014063 0.044444
0 0.027344 0.330556 0.015625 0.047222
0 0.961328 0.101389 0.014844 0.041667
0 0.049219 0.668750 0.028125 0.031944
0 0.961719 0.786806 0.015625 0.031944
0 0.742578 0.799306 0.021094 0.048611
0 0.106641 0.328472 0.027344 0.037500
0 0.436328 0.310417 0.021094 0.029167
0 0.076563 0.367361 0.018750 0.048611
0 0.980469 0.473611 0.020313 0.030556
0 0.342969 0.103472 0.015625 0.043056
0 0.058594 0.298611 0.028125 0.038889
0 0.447656 0.363889 0.015625 0.041667
0 0.258203 0.203472 0.016406 0.048611
0 0.132422 0.881250 0.016406 0.034722
0 0.113672 0.097222 0.014844 0.047222
0 0.958594 0.681944 0.023438 0.047222
0 0.696875 0.956944 0.028125 0.030556
0 0.074609 0.500694 0.025781 0.043056
0 0.023438 0.532639 0.020313 0.040278
0 0.599219 0.213889 0.017188 0.038889
0 0.667969 0.727778 0.014063 0.033333
0 0.023438 0.913194 0.018750 0.040278
0 0.190234 0.090972 0.017969 0.034722
0 0.256641 0.121528 0.021094 0.031944
0 0.294531 0.568056 0.015625 0.033333
0 0.461328 0.726389 0.014844 0.025000
0 0.143359 0.181944 0.025781 0.041667
0 0.453125 0.095139 0.020313 0.031944
0 0.725781 0.569444 0.014063 0.050000
0 0.032031 0.203472 0.015625 0.029167
0 0.136328 0.040972 0.017969 0.037500
0 0.060156 0.083333 0.014063 0.030556
0 0.893750 0.151389 0.014063 0.047222
0 0.262109 0.351389 0.021094 0.027778
0 0.601953 0.046528 0.019531 0.031944
0 0.364453 0.200694 0.017969 0.045833
0 0.480859 0.188194 0.016406 0.043056
0 0.635938 0.036111 0.017188 0.033333
0 0.947656 0.287500 0.025000 0.025000
0 0.483203 0.759722 0.019531 0.038889
0 0.063672 0.604167 0.022656 0.033333
0 0.482031 0.951389 0.015625 0.044444
0 0.691797 0.455556 0.021094 0.027778
0 0.445312 0.944444 0.017188 0.033333
0 0.863281 0.388194 0.020313 0.040278
0 0.086719 0.740278 0.014063 0.047222
0 0.468359 0.647222 0.022656 0.027778
0 0.222656 0.057639 0.020313 0.048611
0 0.400000 0.911111 0.021875 0.033333
0 0.667188 0.502778 0.021875 0.027778
0 0.328125 0.153472 0.017188 0.026389
0 0.055859 0.936806 0.027344 0.040278
0 0.733203 0.324306 0.027344 0.048611
0 0.178516 0.879861 0.014844 0.034722
0 0.091797 0.665278 0.017969 0.038889
0 0.485938 0.095833 0.014063 0.033333
0 0.979688 0.222917 0.014063 0.048611
0 0.927344 0.434722 0.023438 0.050000
0 0.212109 0.177083 0.016406 0.037500
0 0.694531 0.801389 0.028125 0.036111
0 0.662500 0.339583 0.015625 0.048611
0 0.632031 0.838194 0.026562 0.026389
0 0.071875 0.790278 0.026562 0.041667
0 0.896094 0.063194 0.023438 0.048611
0 0.657031 0.110417 0.025000 0.043056
0 0.748437 0.405556 0.015625 0.025000
0 0.300000 0.168056 0.018750 0.030556
0 0.715625 0.889583 0.014063 0.034722
0 0.286719 0.822222 0.018750 0.025000
0 0.286719 0.913194 0.018750 0.029167
0 0.610156 0.112500 0.023438 0.041667
0 0.679688 0.611806 0.028125 0.045833
0 0.208984 0.881250 0.016406 0.031944
0 0.514062 0.186806 0.021875 0.037500
0 0.571875 0.925694 0.026562 0.034722
0 0.975391 0.881944 0.021094 0.038889
0 0.524609 0.078472 0.027344 0.029167
0 0.810547 0.290972 0.021094 0.031944
0 0.423047 0.370833 0.017969 0.033333
0 0.432422 0.533333 0.016406 0.033333
0 0.438281 0.163194 0.014063 0.029167
0 0.033984 0.855556 0.027344 0.033333
1 0.808203 0.154861 0.136719 0.212500
1 0.821484 0.579861 0.097656 0.223611
1 0.210547 0.713194 0.117969 0.251389
1 0.578906 0.685417 0.151562 0.254167
1 0.185156 0.422222 0.114062 0.269444
1 0.524219 0.321528 0.103125 0.173611
1 0.350781 0.379861 0.112500 0.273611
1 0.375391 0.725000 0.138281 0.255556
1 0.898828 0.850000 0.099219 0.191667