0 0.515625 0.495833 0.025000 0.027778
0 0.062500 0.620833 0.023438 0.038889
0 0.492578 0.597917 0.022656 0.043056
0 0.280859 0.925000 0.016406 0.025000
0 0.264062 0.356250 0.015625 0.029167
0 0.708984 0.127083 0.021094 0.048611
0 0.742969 0.525694 0.026562 0.037500
0 0.968750 0.463194 0.028125 0.029167
0 0.656250 0.109722 0.028125 0.036111
0 0.320703 0.899306 0.021094 0.048611
0 0.071875 0.540278 0.026562 0.047222
0 0.957812 0.653472 0.014063 0.048611
0 0.462891 0.540972 0.024219 0.029167
0 0.853516 0.879861 0.024219 0.037500
0 0.504297 0.381250 0.025781 0.031944
0 0.860156 0.953472 0.017188 0.026389
0 0.233203 0.093750 0.027344 0.037500
0 0.907422 0.683333 0.024219 0.041667
0 0.884375 0.081944 0.015625 0.038889
0 0.938281 0.700000 0.015625 0.025000
0 0.416797 0.575000 0.016406 0.030556
0 0.737891 0.594444 0.025781 0.047222
0 0.798828 0.037500 0.017969 0.041667
0 0.946875 0.225000 0.025000 0.036111
0 0.943750 0.968750 0.026562 0.026389
0 0.241016 0.040972 0.027344 0.037500
0 0.085938 0.965278 0.025000 0.030556
0 0.828516 0.606944 0.016406 0.044444
0 0.963672 0.397917 0.025781 0.031944
0 0.409375 0.295833 0.014063 0.041667
0 0.285938 0.863889 0.025000 0.038889
0 0.305859 0.620833 0.016406 0.025000
0 0.203125 0.040278 0.018750 0.033333
0 0.431250 0.363889 0.021875 0.027778
0 0.785937 0.893750 0.026562 0.048611
0 0.271484 0.752083 0.024219 0.048611
0 0.100391 0.395139 0.022656 0.040278
0 0.320703 0.709722 0.024219 0.030556
0 0.768359 0.958333 0.021094 0.025000
0 0.886328 0.854167 0.022656 0.038889
0 0.606250 0.782639 0.026562 0.037500
0 0.814063 0.949306 0.021875 0.045833
0 0.856250 0.745833 0.014063 0.044444
0 0.119141 0.538889 0.024219 0.038889
0 0.600391 0.869444 0.022656 0.044444
0 0.769922 0.415972 0.024219 0.045833
0 0.973437 0.152083 0.021875 0.034722
0 0.142578 0.942361 0.016406 0.040278
0 0.064844 0.493750 0.026562 0.031944
0 0.370703 0.952083 0.017969 0.040278
0 0.196875 0.084722 0.020313 0.041667
0 0.482031 0.647917 0.023438 0.026389
0 0.858203 0.665278 0.021094 0.044444
0 0.926953 0.636111 0.019531 0.025000
0 0.481641 0.463889 0.024219 0.036111
0 0.341016 0.786111 0.027344 0.036111
0 0.935156 0.773611 0.028125 0.050000
0 0.248438 0.805556 0.028125 0.038889
0 0.451562 0.399306 0.020313 0.029167
0 0.960547 0.598611 0.027344 0.041667
0 0.741016 0.067361 0.025781 0.034722
0 0.259766 0.948611 0.016406 0.030556
0 0.805469 0.761806 0.023438 0.029167
0 0.728906 0.940278 0.025000 0.038889
0 0.785156 0.838889 0.018750 0.047222
0 0.346094 0.713889 0.015625 0.036111
0 0.737891 0.660417 0.021094 0.026389
0 0.355469 0.329861 0.026562 0.048611
0 0.238672 0.726389 0.017969 0.044444
0 0.230078 0.945139 0.017969 0.031944
0 0.614062 0.095139 0.020313 0.045833
0 0.407813 0.088194 0.028125 0.031944
0 0.053516 0.433333 0.016406 0.041667
0 0.898438 0.929167 0.023438 0.027778
0 0.962109 0.764583 0.019531 0.026389
0 0.603906 0.259028 0.015625 0.040278
1 0.491406 0.805556 0.170313 0.261111
1 0.355078 0.472222 0.097656 0.208333
1 0.683203 0.313194 0.130469 0.234722
1 0.190625 0.231250 0.171875 0.204167
1 0.700781 0.817361 0.109375 0.176389
1 0.507422 0.195833 0.152344 0.277778
1 0.851562 0.441667 0.121875 0.208333
1 0.211328 0.548611 0.136719 0.286111
1 0.843359 0.212500 0.147656 0.180556
1 0.116797 0.815972 0.161719 0.184722