0 0.062500 0.939453 0.035156 0.042969
0 0.146484 0.037109 0.054688 0.042969
0 0.461914 0.216797 0.041016 0.031250
0 0.844727 0.232422 0.041016 0.058594
0 0.113281 0.894531 0.031250 0.039062
0 0.133789 0.948242 0.048828 0.033203
0 0.671875 0.525391 0.031250 0.042969
0 0.696289 0.765625 0.052734 0.042969
0 0.690430 0.647461 0.056641 0.033203
0 0.243164 0.870117 0.052734 0.037109
0 0.123047 0.113281 0.042969 0.058594
0 0.041016 0.276367 0.031250 0.044922
0 0.601562 0.489258 0.054688 0.041016
0 0.688477 0.261719 0.052734 0.054688
0 0.674805 0.378906 0.037109 0.050781
0 0.077148 0.601562 0.052734 0.042969
0 0.796875 0.056641 0.050781 0.046875
0 0.615234 0.685547 0.035156 0.050781
0 0.500977 0.601562 0.041016 0.046875
0 0.193359 0.475586 0.058594 0.044922
0 0.906250 0.419922 0.039062 0.031250
0 0.533203 0.335938 0.046875 0.054688
0 0.933594 0.207031 0.031250 0.058594
0 0.229492 0.782227 0.037109 0.044922
0 0.207031 0.702148 0.039062 0.056641
0 0.604492 0.573242 0.037109 0.033203
0 0.185547 0.227539 0.035156 0.037109
0 0.189453 0.386719 0.035156 0.054688
0 0.606445 0.257812 0.041016 0.046875
0 0.837891 0.147461 0.035156 0.037109
1 0.382812 0.378906 0.210938 0.250000
1 0.464844 0.848633 0.253906 0.205078
1 0.857422 0.792969 0.246094 0.226562
1 0.621094 0.105469 0.265625 0.171875
1 0.829102 0.563477 0.189453 0.142578
1 0.343750 0.119141 0.238281 0.148438