0 0.365234 0.399414 0.042969 0.037109
0 0.327148 0.620117 0.037109 0.033203
0 0.464844 0.894531 0.046875 0.039062
0 0.820312 0.895508 0.046875 0.056641
0 0.791016 0.763672 0.035156 0.058594
0 0.368164 0.916016 0.052734 0.035156
0 0.566406 0.942383 0.039062 0.037109
0 0.882812 0.274414 0.039062 0.052734
0 0.609375 0.866211 0.035156 0.056641
0 0.681641 0.080078 0.035156 0.058594
0 0.753906 0.870117 0.039062 0.052734
0 0.684570 0.736328 0.037109 0.046875
0 0.600586 0.797852 0.056641 0.052734
0 0.367188 0.529297 0.054688 0.050781
0 0.204102 0.885742 0.033203 0.056641
0 0.112305 0.079102 0.044922 0.044922
0 0.594727 0.320312 0.048828 0.031250
0 0.668945 0.348633 0.044922 0.052734
0 0.225586 0.124023 0.044922 0.044922
0 0.076172 0.876953 0.050781 0.031250
0 0.947266 0.043945 0.054688 0.037109
0 0.568359 0.060547 0.042969 0.035156
0 0.933594 0.339844 0.035156 0.042969
0 0.893555 0.101562 0.052734 0.042969
0 0.728516 0.962891 0.050781 0.035156
0 0.241211 0.612305 0.044922 0.048828
0 0.088867 0.394531 0.044922 0.035156
0 0.088867 0.189453 0.056641 0.039062
0 0.094727 0.566406 0.044922 0.050781
0 0.036133 0.505859 0.033203 0.050781
0 0.894531 0.204102 0.039062 0.037109
0 0.320312 0.871094 0.050781 0.039062
0 0.833008 0.354492 0.041016 0.037109
0 0.805664 0.058594 0.052734 0.050781
0 0.277344 0.317383 0.050781 0.052734
0 0.699219 0.589844 0.058594 0.031250
0 0.938477 0.750000 0.052734 0.031250
0 0.771484 0.390625 0.031250 0.031250
0 0.148438 0.610352 0.042969 0.041016
0 0.262695 0.231445 0.037109 0.041016
0 0.127930 0.128906 0.041016 0.031250
0 0.952148 0.853516 0.033203 0.058594
1 0.237305 0.457031 0.181641 0.210938
1 0.532227 0.416016 0.201172 0.140625
1 0.393555 0.112305 0.248047 0.166016
1 0.562500 0.643555 0.148438 0.169922
1 0.727539 0.211914 0.224609 0.146484
1 0.287109 0.746094 0.218750 0.175781
1 0.831055 0.584961 0.169922 0.201172