0 0.913086 0.924805 0.048828 0.052734
0 0.304688 0.949219 0.054688 0.058594
0 0.049805 0.863281 0.041016 0.031250
0 0.520508 0.827148 0.041016 0.056641
0 0.863281 0.073242 0.058594 0.044922
0 0.633789 0.491211 0.052734 0.048828
0 0.358398 0.888672 0.033203 0.031250
0 0.127930 0.159180 0.048828 0.033203
0 0.585938 0.955078 0.050781 0.039062
0 0.094727 0.614258 0.041016 0.048828
0 0.788086 0.145508 0.048828 0.056641
0 0.345703 0.392578 0.054688 0.050781
0 0.700195 0.037109 0.056641 0.035156
0 0.903320 0.526367 0.041016 0.041016
0 0.550781 0.042969 0.046875 0.035156
0 0.053711 0.750977 0.052734 0.033203
0 0.833984 0.902344 0.054688 0.046875
0 0.103516 0.057617 0.054688 0.056641
0 0.350586 0.575195 0.041016 0.041016
0 0.303711 0.728516 0.048828 0.050781
0 0.784180 0.542969 0.052734 0.035156
0 0.627930 0.724609 0.044922 0.058594
0 0.762695 0.408203 0.041016 0.042969
0 0.701172 0.935547 0.035156 0.046875
0 0.398438 0.266602 0.042969 0.037109
0 0.459961 0.928711 0.033203 0.048828
0 0.406250 0.905273 0.042969 0.056641
0 0.324219 0.522461 0.046875 0.037109
0 0.257812 0.797852 0.042969 0.044922
0 0.163086 0.864258 0.033203 0.037109
0 0.300781 0.631836 0.054688 0.044922
0 0.668945 0.422852 0.041016 0.037109
1 0.491211 0.619141 0.212891 0.246094
1 0.821289 0.732422 0.212891 0.222656
1 0.275391 0.125977 0.199219 0.154297
1 0.131836 0.406250 0.205078 0.210938
1 0.564453 0.256836 0.257812 0.248047
1 0.890625 0.284180 0.140625 0.228516